Checkpoint file for AmrCoreAdv
2
30 60 120 
0.012608293930105067 0.0063041469650525336 0.0031520734825262668 
0.34384212800153402 0.34384212800153402 0.34384212800153402 
(32 0
((0,0) (15,7) (0,0))
((48,0) (63,7) (0,0))
((32,0) (47,7) (0,0))
((16,0) (31,7) (0,0))
((0,48) (15,55) (0,0))
((0,32) (15,39) (0,0))
((0,16) (15,23) (0,0))
((48,48) (63,55) (0,0))
((48,32) (63,39) (0,0))
((48,16) (63,23) (0,0))
((32,48) (47,55) (0,0))
((32,32) (47,39) (0,0))
((32,16) (47,23) (0,0))
((16,48) (31,55) (0,0))
((16,32) (31,39) (0,0))
((16,16) (31,23) (0,0))
((0,8) (15,15) (0,0))
((48,8) (63,15) (0,0))
((32,8) (47,15) (0,0))
((16,8) (31,15) (0,0))
((0,56) (15,63) (0,0))
((0,40) (15,47) (0,0))
((0,24) (15,31) (0,0))
((48,56) (63,63) (0,0))
((48,40) (63,47) (0,0))
((48,24) (63,31) (0,0))
((32,56) (47,63) (0,0))
((32,40) (47,47) (0,0))
((32,24) (47,31) (0,0))
((16,56) (31,63) (0,0))
((16,40) (31,47) (0,0))
((16,24) (31,31) (0,0))
)
(24 0
((56,40) (63,47) (0,0))
((96,40) (111,47) (0,0))
((80,40) (95,47) (0,0))
((64,40) (79,47) (0,0))
((56,112) (63,127) (0,0))
((56,96) (63,111) (0,0))
((56,80) (63,95) (0,0))
((56,64) (63,79) (0,0))
((56,48) (63,63) (0,0))
((96,112) (111,127) (0,0))
((96,96) (111,111) (0,0))
((96,80) (111,95) (0,0))
((96,64) (111,79) (0,0))
((96,48) (111,63) (0,0))
((80,112) (95,127) (0,0))
((80,96) (95,111) (0,0))
((80,80) (95,95) (0,0))
((80,64) (95,79) (0,0))
((80,48) (95,63) (0,0))
((64,112) (79,127) (0,0))
((64,96) (79,111) (0,0))
((64,80) (79,95) (0,0))
((64,64) (79,79) (0,0))
((64,48) (79,63) (0,0))
)
(36 0
((144,96) (159,103) (0,0))
((192,96) (207,103) (0,0))
((176,96) (191,103) (0,0))
((160,96) (175,103) (0,0))
((144,216) (159,231) (0,0))
((144,200) (159,215) (0,0))
((144,184) (159,199) (0,0))
((144,168) (159,183) (0,0))
((144,152) (159,167) (0,0))
((144,136) (159,151) (0,0))
((144,120) (159,135) (0,0))
((144,104) (159,119) (0,0))
((192,216) (207,231) (0,0))
((192,200) (207,215) (0,0))
((192,184) (207,199) (0,0))
((192,168) (207,183) (0,0))
((192,152) (207,167) (0,0))
((192,136) (207,151) (0,0))
((192,120) (207,135) (0,0))
((192,104) (207,119) (0,0))
((176,216) (191,231) (0,0))
((176,200) (191,215) (0,0))
((176,184) (191,199) (0,0))
((176,168) (191,183) (0,0))
((176,152) (191,167) (0,0))
((176,136) (191,151) (0,0))
((176,120) (191,135) (0,0))
((176,104) (191,119) (0,0))
((160,216) (175,231) (0,0))
((160,200) (175,215) (0,0))
((160,184) (175,199) (0,0))
((160,168) (175,183) (0,0))
((160,152) (175,167) (0,0))
((160,136) (175,151) (0,0))
((160,120) (175,135) (0,0))
((160,104) (175,119) (0,0))
)
