Checkpoint file for AmrCoreAdv
2
10 20 40 
0.011072889288656743 0.0055364446443283716 0.0027682223221641858 
0.10986378315417937 0.10986378315417937 0.10986378315417937 
(32 0
((0,0) (15,7) (0,0))
((48,0) (63,7) (0,0))
((32,0) (47,7) (0,0))
((16,0) (31,7) (0,0))
((0,48) (15,55) (0,0))
((0,32) (15,39) (0,0))
((0,16) (15,23) (0,0))
((48,48) (63,55) (0,0))
((48,32) (63,39) (0,0))
((48,16) (63,23) (0,0))
((32,48) (47,55) (0,0))
((32,32) (47,39) (0,0))
((32,16) (47,23) (0,0))
((16,48) (31,55) (0,0))
((16,32) (31,39) (0,0))
((16,16) (31,23) (0,0))
((0,8) (15,15) (0,0))
((48,8) (63,15) (0,0))
((32,8) (47,15) (0,0))
((16,8) (31,15) (0,0))
((0,56) (15,63) (0,0))
((0,40) (15,47) (0,0))
((0,24) (15,31) (0,0))
((48,56) (63,63) (0,0))
((48,40) (63,47) (0,0))
((48,24) (63,31) (0,0))
((32,56) (47,63) (0,0))
((32,40) (47,47) (0,0))
((32,24) (47,31) (0,0))
((16,56) (31,63) (0,0))
((16,40) (31,47) (0,0))
((16,24) (31,31) (0,0))
)
(20 0
((40,56) (55,63) (0,0))
((88,56) (103,63) (0,0))
((72,56) (87,63) (0,0))
((56,56) (71,63) (0,0))
((40,112) (55,127) (0,0))
((40,96) (55,111) (0,0))
((40,80) (55,95) (0,0))
((40,64) (55,79) (0,0))
((88,112) (103,127) (0,0))
((88,96) (103,111) (0,0))
((88,80) (103,95) (0,0))
((88,64) (103,79) (0,0))
((72,112) (87,127) (0,0))
((72,96) (87,111) (0,0))
((72,80) (87,95) (0,0))
((72,64) (87,79) (0,0))
((56,112) (71,127) (0,0))
((56,96) (71,111) (0,0))
((56,80) (71,95) (0,0))
((56,64) (71,79) (0,0))
)
(36 0
((104,136) (111,151) (0,0))
((176,136) (191,151) (0,0))
((160,136) (175,151) (0,0))
((144,136) (159,151) (0,0))
((128,136) (143,151) (0,0))
((112,136) (127,151) (0,0))
((104,216) (111,231) (0,0))
((104,200) (111,215) (0,0))
((104,184) (111,199) (0,0))
((104,168) (111,183) (0,0))
((104,152) (111,167) (0,0))
((176,216) (191,231) (0,0))
((176,200) (191,215) (0,0))
((176,184) (191,199) (0,0))
((176,168) (191,183) (0,0))
((176,152) (191,167) (0,0))
((160,216) (175,231) (0,0))
((160,200) (175,215) (0,0))
((160,184) (175,199) (0,0))
((160,168) (175,183) (0,0))
((160,152) (175,167) (0,0))
((144,216) (159,231) (0,0))
((144,200) (159,215) (0,0))
((144,184) (159,199) (0,0))
((144,168) (159,183) (0,0))
((144,152) (159,167) (0,0))
((128,216) (143,231) (0,0))
((128,200) (143,215) (0,0))
((128,184) (143,199) (0,0))
((128,168) (143,183) (0,0))
((128,152) (143,167) (0,0))
((112,216) (127,231) (0,0))
((112,200) (127,215) (0,0))
((112,184) (127,199) (0,0))
((112,168) (127,183) (0,0))
((112,152) (127,167) (0,0))
)
