1
1
1
0
(24 0
((56,40) (63,47) (0,0))
((96,40) (111,47) (0,0))
((80,40) (95,47) (0,0))
((64,40) (79,47) (0,0))
((56,112) (63,127) (0,0))
((56,96) (63,111) (0,0))
((56,80) (63,95) (0,0))
((56,64) (63,79) (0,0))
((56,48) (63,63) (0,0))
((96,112) (111,127) (0,0))
((96,96) (111,111) (0,0))
((96,80) (111,95) (0,0))
((96,64) (111,79) (0,0))
((96,48) (111,63) (0,0))
((80,112) (95,127) (0,0))
((80,96) (95,111) (0,0))
((80,80) (95,95) (0,0))
((80,64) (95,79) (0,0))
((80,48) (95,63) (0,0))
((64,112) (79,127) (0,0))
((64,96) (79,111) (0,0))
((64,80) (79,95) (0,0))
((64,64) (79,79) (0,0))
((64,48) (79,63) (0,0))
)
24
FabOnDisk: Cell_D_00002 0
FabOnDisk: Cell_D_00003 0
FabOnDisk: Cell_D_00011 0
FabOnDisk: Cell_D_00011 1108
FabOnDisk: Cell_D_00001 0
FabOnDisk: Cell_D_00001 1110
FabOnDisk: Cell_D_00016 0
FabOnDisk: Cell_D_00016 1108
FabOnDisk: Cell_D_00002 596
FabOnDisk: Cell_D_00000 0
FabOnDisk: Cell_D_00019 0
FabOnDisk: Cell_D_00007 0
FabOnDisk: Cell_D_00006 0
FabOnDisk: Cell_D_00015 0
FabOnDisk: Cell_D_00018 0
FabOnDisk: Cell_D_00014 0
FabOnDisk: Cell_D_00010 0
FabOnDisk: Cell_D_00005 0
FabOnDisk: Cell_D_00012 0
FabOnDisk: Cell_D_00017 0
FabOnDisk: Cell_D_00013 0
FabOnDisk: Cell_D_00009 0
FabOnDisk: Cell_D_00004 0
FabOnDisk: Cell_D_00008 0

24,1
9.9971843183729137e-01,
1.0000003275881379e+00,
1.0005647237503339e+00,
1.0013831936080182e+00,
9.9802101817716449e-01,
9.9638066868460340e-01,
9.9631740613040509e-01,
9.9758446445597437e-01,
9.9992283884144517e-01,
1.0000000045369393e+00,
1.0000253112225788e+00,
1.0002204063844355e+00,
1.0000151670654323e+00,
9.9999935959206898e-01,
1.0000125510671130e+00,
1.0345539552999714e+00,
1.0319001603597513e+00,
1.0387320387799122e+00,
1.0066007636762091e+00,
1.0006477741386401e+00,
9.9691814161698311e-01,
9.9693344276090345e-01,
9.9870088957738512e-01,
1.0026097679392951e+00,

24,1
1.0046086972000434e+00,
1.0041798393032804e+00,
1.0559443546352594e+00,
1.0520616378467751e+00,
1.0075291886399249e+00,
1.0036725595339220e+00,
9.9803571960420523e-01,
1.0013507780175457e+00,
1.0053382098426493e+00,
1.0179466041749659e+00,
1.4400565641798833e+00,
1.9048921351975581e+00,
1.9129973932119282e+00,
1.3758835506761311e+00,
1.1136402845004403e+00,
1.5394529822609171e+00,
1.9524444272316090e+00,
1.9910567528484724e+00,
1.7609454311083468e+00,
1.0800312124510292e+00,
1.0846282987053164e+00,
1.0346716382983712e+00,
1.1450908216026896e+00,
1.2224369022449615e+00,

