1
1
1
0
(32 0
((0,0) (15,7) (0,0))
((48,0) (63,7) (0,0))
((32,0) (47,7) (0,0))
((16,0) (31,7) (0,0))
((0,48) (15,55) (0,0))
((0,32) (15,39) (0,0))
((0,16) (15,23) (0,0))
((48,48) (63,55) (0,0))
((48,32) (63,39) (0,0))
((48,16) (63,23) (0,0))
((32,48) (47,55) (0,0))
((32,32) (47,39) (0,0))
((32,16) (47,23) (0,0))
((16,48) (31,55) (0,0))
((16,32) (31,39) (0,0))
((16,16) (31,23) (0,0))
((0,8) (15,15) (0,0))
((48,8) (63,15) (0,0))
((32,8) (47,15) (0,0))
((16,8) (31,15) (0,0))
((0,56) (15,63) (0,0))
((0,40) (15,47) (0,0))
((0,24) (15,31) (0,0))
((48,56) (63,63) (0,0))
((48,40) (63,47) (0,0))
((48,24) (63,31) (0,0))
((32,56) (47,63) (0,0))
((32,40) (47,47) (0,0))
((32,24) (47,31) (0,0))
((16,56) (31,63) (0,0))
((16,40) (31,47) (0,0))
((16,24) (31,31) (0,0))
)
32
FabOnDisk: phi_D_00012 0
FabOnDisk: phi_D_00003 0
FabOnDisk: phi_D_00014 0
FabOnDisk: phi_D_00000 0
FabOnDisk: phi_D_00007 0
FabOnDisk: phi_D_00016 0
FabOnDisk: phi_D_00001 0
FabOnDisk: phi_D_00011 0
FabOnDisk: phi_D_00009 0
FabOnDisk: phi_D_00005 0
FabOnDisk: phi_D_00010 0
FabOnDisk: phi_D_00018 0
FabOnDisk: phi_D_00004 0
FabOnDisk: phi_D_00008 0
FabOnDisk: phi_D_00006 0
FabOnDisk: phi_D_00002 0
FabOnDisk: phi_D_00000 1106
FabOnDisk: phi_D_00015 0
FabOnDisk: phi_D_00003 1106
FabOnDisk: phi_D_00013 0
FabOnDisk: phi_D_00007 1107
FabOnDisk: phi_D_00006 1108
FabOnDisk: phi_D_00001 1107
FabOnDisk: phi_D_00011 1108
FabOnDisk: phi_D_00019 0
FabOnDisk: phi_D_00005 1108
FabOnDisk: phi_D_00010 1108
FabOnDisk: phi_D_00009 1108
FabOnDisk: phi_D_00004 1108
FabOnDisk: phi_D_00008 1108
FabOnDisk: phi_D_00017 0
FabOnDisk: phi_D_00002 1108

32,1
9.9947777619577283e-01,
9.9999999999999978e-01,
9.9999999999999944e-01,
9.9588260810220730e-01,
1.0000000000079499e+00,
9.9999999934103190e-01,
9.9999999999999967e-01,
1.0000000000073266e+00,
1.0000000000001394e+00,
9.9988432250811710e-01,
1.0158766434805087e+00,
1.0030557554093618e+00,
1.0000000005298608e+00,
9.9729436504869740e-01,
9.9731299696119480e-01,
9.9882667253047230e-01,
9.9999999999999967e-01,
9.9999999999999967e-01,
9.9999999999999933e-01,
9.9999999999999933e-01,
9.9987533232640724e-01,
9.9999976963291026e-01,
9.9999995704534006e-01,
1.0000000000000855e+00,
1.0000000000093561e+00,
9.9981305733664483e-01,
1.0000166409263871e+00,
1.0045630671887644e+00,
1.0002096780920822e+00,
9.9884527524634548e-01,
9.9713978447076657e-01,
9.9869115447003320e-01,

32,1
1.0000000017809070e+00,
1.0043479345350712e+00,
1.0061305914902732e+00,
1.0000000093730987e+00,
1.0000304628456778e+00,
1.0000000260987660e+00,
1.0000000000008140e+00,
1.1247585084868776e+00,
1.1973207431123867e+00,
1.0033235316897762e+00,
1.7517213513652150e+00,
1.8490796462014387e+00,
1.0046656169411459e+00,
1.0290988807167780e+00,
1.0017694773417358e+00,
1.0000894084329255e+00,
1.0000000000000007e+00,
1.0000000000095699e+00,
1.0000000007970291e+00,
1.0000000000337845e+00,
1.0000250128034860e+00,
1.0000030980332142e+00,
1.0000000006927945e+00,
1.0040151919626539e+00,
1.2391060432769720e+00,
1.0172270928484779e+00,
1.1332016116252217e+00,
1.9803844946213587e+00,
1.1721408919762897e+00,
1.0270859213651753e+00,
1.0112554698223095e+00,
1.0013361203691669e+00,

