1
1
1
0
(30 0
((72,0) (79,7) (0,0))
((40,24) (55,31) (0,0))
((72,64) (87,79) (0,0))
((96,0) (111,7) (0,0))
((80,0) (95,7) (0,0))
((104,24) (119,31) (0,0))
((88,24) (103,31) (0,0))
((72,24) (87,31) (0,0))
((56,24) (71,31) (0,0))
((104,64) (119,79) (0,0))
((88,64) (103,79) (0,0))
((40,48) (55,63) (0,0))
((40,32) (55,47) (0,0))
((72,112) (87,127) (0,0))
((72,96) (87,111) (0,0))
((72,80) (87,95) (0,0))
((104,48) (119,63) (0,0))
((104,32) (119,47) (0,0))
((88,48) (103,63) (0,0))
((88,32) (103,47) (0,0))
((72,48) (87,63) (0,0))
((72,32) (87,47) (0,0))
((56,48) (71,63) (0,0))
((56,32) (71,47) (0,0))
((104,112) (119,127) (0,0))
((104,96) (119,111) (0,0))
((104,80) (119,95) (0,0))
((88,112) (103,127) (0,0))
((88,96) (103,111) (0,0))
((88,80) (103,95) (0,0))
)
30
FabOnDisk: phi_D_00014 0
FabOnDisk: phi_D_00015 0
FabOnDisk: phi_D_00019 0
FabOnDisk: phi_D_00002 0
FabOnDisk: phi_D_00014 594
FabOnDisk: phi_D_00013 0
FabOnDisk: phi_D_00002 1107
FabOnDisk: phi_D_00014 1700
FabOnDisk: phi_D_00015 1108
FabOnDisk: phi_D_00004 0
FabOnDisk: phi_D_00009 0
FabOnDisk: phi_D_00000 0
FabOnDisk: phi_D_00017 0
FabOnDisk: phi_D_00006 0
FabOnDisk: phi_D_00010 0
FabOnDisk: phi_D_00003 0
FabOnDisk: phi_D_00016 0
FabOnDisk: phi_D_00001 0
FabOnDisk: phi_D_00001 2134
FabOnDisk: phi_D_00007 0
FabOnDisk: phi_D_00011 0
FabOnDisk: phi_D_00013 1110
FabOnDisk: phi_D_00000 2132
FabOnDisk: phi_D_00018 0
FabOnDisk: phi_D_00012 0
FabOnDisk: phi_D_00012 2136
FabOnDisk: phi_D_00005 0
FabOnDisk: phi_D_00008 0
FabOnDisk: phi_D_00010 2133
FabOnDisk: phi_D_00003 2132

30,1
9.9999358194057641e-01,
9.9930577690407774e-01,
9.9544855753203754e-01,
9.9977349445203101e-01,
9.9968062084434961e-01,
1.0000267002895451e+00,
1.0004082095272044e+00,
1.0018008034631687e+00,
9.9986526960407962e-01,
9.9907809035836936e-01,
9.9884390154394254e-01,
9.9972243862309407e-01,
9.9930775341328049e-01,
9.9714402598751373e-01,
9.9554418606639061e-01,
9.9532102076730122e-01,
9.9908102298921930e-01,
9.9999880205427327e-01,
1.0091598951955945e+00,
1.0001841118020560e+00,
9.9967888489125556e-01,
1.0028583688438086e+00,
9.9959918706675488e-01,
1.0041426480490605e+00,
9.9917240763979298e-01,
9.9905761027024831e-01,
9.9914248398221228e-01,
1.0000006261150518e+00,
9.9846497417251923e-01,
9.9637612853020652e-01,

30,1
1.0101521629433530e+00,
1.0024673107935054e+00,
1.0031588193044878e+00,
1.0104307151280663e+00,
1.0105197250541447e+00,
1.0019062687534148e+00,
1.0022766543533521e+00,
1.0055101244836835e+00,
1.0048726353873214e+00,
1.6055019211965960e+00,
1.7864327199982952e+00,
1.0623866535078399e+00,
1.0613367739615922e+00,
1.0388556051495894e+00,
1.0264633770349032e+00,
9.9811507695291601e-01,
1.4594659279829043e+00,
1.0070353572331368e+00,
1.9856467184433377e+00,
1.9799983852256644e+00,
1.7062135318276583e+00,
1.9405252212643684e+00,
1.2019337090456577e+00,
1.5293736784843333e+00,
1.0038540545213941e+00,
1.1903970768229961e+00,
1.4897859262766131e+00,
1.0691188573255215e+00,
1.2449014810440535e+00,
1.4877374222550745e+00,

