1
1
1
0
(30 0
((112,136) (127,151) (0,0))
((176,136) (191,151) (0,0))
((160,136) (175,151) (0,0))
((144,136) (159,151) (0,0))
((128,136) (143,151) (0,0))
((112,216) (127,231) (0,0))
((112,200) (127,215) (0,0))
((112,184) (127,199) (0,0))
((112,168) (127,183) (0,0))
((112,152) (127,167) (0,0))
((176,216) (191,231) (0,0))
((176,200) (191,215) (0,0))
((176,184) (191,199) (0,0))
((176,168) (191,183) (0,0))
((176,152) (191,167) (0,0))
((160,216) (175,231) (0,0))
((160,200) (175,215) (0,0))
((160,184) (175,199) (0,0))
((160,168) (175,183) (0,0))
((160,152) (175,167) (0,0))
((144,216) (159,231) (0,0))
((144,200) (159,215) (0,0))
((144,184) (159,199) (0,0))
((144,168) (159,183) (0,0))
((144,152) (159,167) (0,0))
((128,216) (143,231) (0,0))
((128,200) (143,215) (0,0))
((128,184) (143,199) (0,0))
((128,168) (143,183) (0,0))
((128,152) (143,167) (0,0))
)
30
FabOnDisk: Cell_D_00019 0
FabOnDisk: Cell_D_00016 0
FabOnDisk: Cell_D_00016 2136
FabOnDisk: Cell_D_00015 0
FabOnDisk: Cell_D_00008 0
FabOnDisk: Cell_D_00013 0
FabOnDisk: Cell_D_00013 2136
FabOnDisk: Cell_D_00000 0
FabOnDisk: Cell_D_00012 0
FabOnDisk: Cell_D_00012 2136
FabOnDisk: Cell_D_00011 0
FabOnDisk: Cell_D_00007 0
FabOnDisk: Cell_D_00014 0
FabOnDisk: Cell_D_00001 0
FabOnDisk: Cell_D_00017 0
FabOnDisk: Cell_D_00011 2136
FabOnDisk: Cell_D_00010 0
FabOnDisk: Cell_D_00001 2136
FabOnDisk: Cell_D_00004 0
FabOnDisk: Cell_D_00002 0
FabOnDisk: Cell_D_00010 2136
FabOnDisk: Cell_D_00005 0
FabOnDisk: Cell_D_00018 0
FabOnDisk: Cell_D_00003 0
FabOnDisk: Cell_D_00009 0
FabOnDisk: Cell_D_00006 0
FabOnDisk: Cell_D_00005 2136
FabOnDisk: Cell_D_00018 2136
FabOnDisk: Cell_D_00017 2136
FabOnDisk: Cell_D_00015 2136

30,1
1.0000832326386064e+00,
1.0029873833781213e+00,
1.0168685084165958e+00,
1.0278453064928770e+00,
1.0070830043518890e+00,
1.0288332747443889e+00,
1.0825296527238473e+00,
1.0735139923197135e+00,
1.0280699239203963e+00,
1.0054363539868802e+00,
1.0007030088215030e+00,
1.0043539683253000e+00,
1.0168874823634104e+00,
1.0237297319161245e+00,
1.0090344923057220e+00,
1.0098099228338773e+00,
1.0696416919477116e+00,
1.2189872716006442e+00,
1.2519807344588221e+00,
1.0967703900138472e+00,
1.0473191046003199e+00,
1.2800805352079287e+00,
1.7231024121498622e+00,
1.4892647865589923e+00,
1.1608909029813828e+00,
1.0723078887117903e+00,
1.2497012246258423e+00,
1.3338146808039166e+00,
1.1562210262596515e+00,
1.0434306800350441e+00,

30,1
1.0352293607566756e+00,
1.0808384361960588e+00,
1.2059801292890793e+00,
1.2111828988607991e+00,
1.1389933721003600e+00,
1.2239501216128732e+00,
1.3674104486057810e+00,
1.3745360283743597e+00,
1.2984563370382267e+00,
1.1328923556251620e+00,
1.0555978822626011e+00,
1.1850349856787121e+00,
1.2920105609248267e+00,
1.2937362526549712e+00,
1.2182839186638241e+00,
1.2434832732679968e+00,
1.6697924022789399e+00,
1.8986261515520335e+00,
1.8958481066577191e+00,
1.5945168686300262e+00,
1.3645417669744788e+00,
1.8202689978931315e+00,
1.9828557070970314e+00,
1.9615139554198378e+00,
1.6126455789221663e+00,
1.3524212178417654e+00,
1.7676874910314699e+00,
1.8593160493793208e+00,
1.7980259625957884e+00,
1.4426475714787430e+00,

