1
1
1
0
(30 0
((80,0) (95,7) (0,0))
((40,24) (55,31) (0,0))
((48,64) (63,71) (0,0))
((72,64) (87,79) (0,0))
((96,0) (111,7) (0,0))
((104,24) (119,31) (0,0))
((88,24) (103,31) (0,0))
((72,24) (87,31) (0,0))
((56,24) (71,31) (0,0))
((104,64) (119,79) (0,0))
((88,64) (103,79) (0,0))
((40,48) (55,63) (0,0))
((40,32) (55,47) (0,0))
((72,112) (87,127) (0,0))
((72,96) (87,111) (0,0))
((72,80) (87,95) (0,0))
((104,48) (119,63) (0,0))
((104,32) (119,47) (0,0))
((88,48) (103,63) (0,0))
((88,32) (103,47) (0,0))
((72,48) (87,63) (0,0))
((72,32) (87,47) (0,0))
((56,48) (71,63) (0,0))
((56,32) (71,47) (0,0))
((104,112) (119,127) (0,0))
((104,96) (119,111) (0,0))
((104,80) (119,95) (0,0))
((88,112) (103,127) (0,0))
((88,96) (103,111) (0,0))
((88,80) (103,95) (0,0))
)
30
FabOnDisk: phi_D_00019 0
FabOnDisk: phi_D_00000 0
FabOnDisk: phi_D_00013 0
FabOnDisk: phi_D_00011 0
FabOnDisk: phi_D_00003 0
FabOnDisk: phi_D_00003 1107
FabOnDisk: phi_D_00019 1106
FabOnDisk: phi_D_00019 2215
FabOnDisk: phi_D_00000 1108
FabOnDisk: phi_D_00018 0
FabOnDisk: phi_D_00012 0
FabOnDisk: phi_D_00007 0
FabOnDisk: phi_D_00001 0
FabOnDisk: phi_D_00009 0
FabOnDisk: phi_D_00016 0
FabOnDisk: phi_D_00015 0
FabOnDisk: phi_D_00013 1108
FabOnDisk: phi_D_00010 0
FabOnDisk: phi_D_00014 0
FabOnDisk: phi_D_00008 0
FabOnDisk: phi_D_00014 2133
FabOnDisk: phi_D_00006 0
FabOnDisk: phi_D_00007 2132
FabOnDisk: phi_D_00002 0
FabOnDisk: phi_D_00017 0
FabOnDisk: phi_D_00017 2136
FabOnDisk: phi_D_00005 0
FabOnDisk: phi_D_00004 0
FabOnDisk: phi_D_00016 2133
FabOnDisk: phi_D_00015 2132

30,1
9.9965988589581523e-01,
9.9978411282637880e-01,
1.0002388307969305e+00,
9.9536614143757030e-01,
9.9982586114331184e-01,
1.0000000480343705e+00,
1.0001493437148403e+00,
1.0010274288974308e+00,
1.0003779073362962e+00,
9.9918837478659350e-01,
9.9518910970276386e-01,
1.0030013916054443e+00,
1.0000783359369585e+00,
9.9625729510695249e-01,
9.9635619914579010e-01,
9.9617108532479171e-01,
9.9907658788084253e-01,
9.9963515625284172e-01,
9.9954842198285676e-01,
1.0000413073436403e+00,
9.9593866517168039e-01,
1.0351898917911810e+00,
9.9776573841297755e-01,
1.0048133840354878e+00,
9.9914131208654922e-01,
9.9903311917306792e-01,
9.9910362850004364e-01,
1.0000003960667982e+00,
9.9630344967358764e-01,
9.9512895398843726e-01,

30,1
1.0105436758478175e+00,
1.0047471557459633e+00,
1.0106640511030298e+00,
9.9876225567933785e-01,
1.0104493549590623e+00,
1.0016731748045775e+00,
1.0107758457816107e+00,
1.0780268576395626e+00,
1.0680603953593337e+00,
1.5869952909551268e+00,
1.5257142156556331e+00,
1.2499571824477371e+00,
1.3237856260589118e+00,
1.0244308926671493e+00,
1.0069011821966767e+00,
9.9960613930525943e-01,
1.6335014667071972e+00,
1.0514718231895390e+00,
1.8754736354832384e+00,
1.9826819082228329e+00,
1.1244489419227446e+00,
1.9875422397616265e+00,
1.2494862808228915e+00,
1.8223425383714211e+00,
1.0075728412086418e+00,
1.1846111838113678e+00,
1.3593760128679753e+00,
1.0576954501669398e+00,
1.1676104374229359e+00,
1.1715892889464072e+00,

