1
1
1
0
(32 0
((136,112) (151,119) (0,0))
((184,112) (199,119) (0,0))
((168,112) (183,119) (0,0))
((152,112) (167,119) (0,0))
((136,216) (151,231) (0,0))
((136,200) (151,215) (0,0))
((136,184) (151,199) (0,0))
((136,168) (151,183) (0,0))
((136,152) (151,167) (0,0))
((136,136) (151,151) (0,0))
((136,120) (151,135) (0,0))
((184,216) (199,231) (0,0))
((184,200) (199,215) (0,0))
((184,184) (199,199) (0,0))
((184,168) (199,183) (0,0))
((184,152) (199,167) (0,0))
((184,136) (199,151) (0,0))
((184,120) (199,135) (0,0))
((168,216) (183,231) (0,0))
((168,200) (183,215) (0,0))
((168,184) (183,199) (0,0))
((168,168) (183,183) (0,0))
((168,152) (183,167) (0,0))
((168,136) (183,151) (0,0))
((168,120) (183,135) (0,0))
((152,216) (167,231) (0,0))
((152,200) (167,215) (0,0))
((152,184) (167,199) (0,0))
((152,168) (167,183) (0,0))
((152,152) (167,167) (0,0))
((152,136) (167,151) (0,0))
((152,120) (167,135) (0,0))
)
32
FabOnDisk: phi_D_00016 0
FabOnDisk: phi_D_00011 0
FabOnDisk: phi_D_00007 0
FabOnDisk: phi_D_00017 0
FabOnDisk: phi_D_00014 0
FabOnDisk: phi_D_00010 0
FabOnDisk: phi_D_00008 0
FabOnDisk: phi_D_00006 0
FabOnDisk: phi_D_00019 0
FabOnDisk: phi_D_00004 0
FabOnDisk: phi_D_00016 1112
FabOnDisk: phi_D_00013 0
FabOnDisk: phi_D_00015 0
FabOnDisk: phi_D_00005 0
FabOnDisk: phi_D_00009 0
FabOnDisk: phi_D_00006 2136
FabOnDisk: phi_D_00018 0
FabOnDisk: phi_D_00011 1112
FabOnDisk: phi_D_00013 2136
FabOnDisk: phi_D_00012 0
FabOnDisk: phi_D_00009 2136
FabOnDisk: phi_D_00003 0
FabOnDisk: phi_D_00001 0
FabOnDisk: phi_D_00018 2136
FabOnDisk: phi_D_00007 1112
FabOnDisk: phi_D_00012 2136
FabOnDisk: phi_D_00010 2136
FabOnDisk: phi_D_00008 2136
FabOnDisk: phi_D_00002 0
FabOnDisk: phi_D_00000 0
FabOnDisk: phi_D_00019 2136
FabOnDisk: phi_D_00017 1112

32,1
1.0048308166411382e+00,
1.0019867802920226e+00,
1.0083914173190012e+00,
1.0149639704224589e+00,
1.0501992647278571e+00,
1.0783690442849285e+00,
1.0462775414615071e+00,
1.0255258322760974e+00,
1.0162480377538550e+00,
1.0118241925242608e+00,
1.0069880380835117e+00,
1.0007494496636833e+00,
1.0046331035499574e+00,
1.0232057462156341e+00,
1.0543757187892844e+00,
1.0407216356015925e+00,
1.0120825879554403e+00,
1.0022853256141238e+00,
1.0097058616736705e+00,
1.0917065686072045e+00,
1.3513027088556639e+00,
1.6626830707654119e+00,
1.5170915627144355e+00,
1.1987738107876855e+00,
1.0347047488241947e+00,
1.0504984488115783e+00,
1.2439926171412863e+00,
1.2906010419490341e+00,
1.2215082441994836e+00,
1.1674734747365003e+00,
1.1089940493617685e+00,
1.0402683387557141e+00,

32,1
1.0332406473649194e+00,
1.0261429544598490e+00,
1.0740526400612622e+00,
1.0743600224925891e+00,
1.2244078224559829e+00,
1.3003737688864951e+00,
1.3016205876627527e+00,
1.2590671736822414e+00,
1.1935335675598842e+00,
1.1456444421701264e+00,
1.0937543433983596e+00,
1.0717193501260518e+00,
1.2979193306893397e+00,
1.5957844691890224e+00,
1.6939618621362267e+00,
1.6797604393851266e+00,
1.4578304719943100e+00,
1.1648087116302059e+00,
1.2650098380133383e+00,
1.6210819934998462e+00,
1.9219072908723993e+00,
1.9838446102715503e+00,
1.9528402828504281e+00,
1.6974058203917515e+00,
1.3186309997854258e+00,
1.2780123141084809e+00,
1.6151483087335945e+00,
1.8354390162116088e+00,
1.8446513729326484e+00,
1.7954634008322141e+00,
1.5976990366517472e+00,
1.2999933693170012e+00,

