1
1
1
0
(32 0
((0,0) (15,7) (0,0))
((48,0) (63,7) (0,0))
((32,0) (47,7) (0,0))
((16,0) (31,7) (0,0))
((0,48) (15,55) (0,0))
((0,32) (15,39) (0,0))
((0,16) (15,23) (0,0))
((48,48) (63,55) (0,0))
((48,32) (63,39) (0,0))
((48,16) (63,23) (0,0))
((32,48) (47,55) (0,0))
((32,32) (47,39) (0,0))
((32,16) (47,23) (0,0))
((16,48) (31,55) (0,0))
((16,32) (31,39) (0,0))
((16,16) (31,23) (0,0))
((0,8) (15,15) (0,0))
((48,8) (63,15) (0,0))
((32,8) (47,15) (0,0))
((16,8) (31,15) (0,0))
((0,56) (15,63) (0,0))
((0,40) (15,47) (0,0))
((0,24) (15,31) (0,0))
((48,56) (63,63) (0,0))
((48,40) (63,47) (0,0))
((48,24) (63,31) (0,0))
((32,56) (47,63) (0,0))
((32,40) (47,47) (0,0))
((32,24) (47,31) (0,0))
((16,56) (31,63) (0,0))
((16,40) (31,47) (0,0))
((16,24) (31,31) (0,0))
)
32
FabOnDisk: phi_D_00012 0
FabOnDisk: phi_D_00003 0
FabOnDisk: phi_D_00014 0
FabOnDisk: phi_D_00000 0
FabOnDisk: phi_D_00007 0
FabOnDisk: phi_D_00016 0
FabOnDisk: phi_D_00001 0
FabOnDisk: phi_D_00011 0
FabOnDisk: phi_D_00009 0
FabOnDisk: phi_D_00005 0
FabOnDisk: phi_D_00010 0
FabOnDisk: phi_D_00018 0
FabOnDisk: phi_D_00004 0
FabOnDisk: phi_D_00008 0
FabOnDisk: phi_D_00006 0
FabOnDisk: phi_D_00002 0
FabOnDisk: phi_D_00000 1106
FabOnDisk: phi_D_00015 0
FabOnDisk: phi_D_00003 1106
FabOnDisk: phi_D_00013 0
FabOnDisk: phi_D_00007 1107
FabOnDisk: phi_D_00006 1108
FabOnDisk: phi_D_00001 1107
FabOnDisk: phi_D_00011 1108
FabOnDisk: phi_D_00019 0
FabOnDisk: phi_D_00005 1108
FabOnDisk: phi_D_00010 1108
FabOnDisk: phi_D_00009 1108
FabOnDisk: phi_D_00004 1108
FabOnDisk: phi_D_00008 1108
FabOnDisk: phi_D_00017 0
FabOnDisk: phi_D_00002 1108

32,1
9.9939266876332866e-01,
9.9516385833521026e-01,
9.9579623753626290e-01,
9.9656265302648894e-01,
9.9943260324017336e-01,
9.9965703578135479e-01,
9.9999999886479374e-01,
9.9948976444562443e-01,
9.9961041828908459e-01,
9.9835040910380191e-01,
1.0145602435513454e+00,
1.0030946695966965e+00,
9.9847487981356897e-01,
9.9690476660738481e-01,
9.9697735457623371e-01,
9.9859985217140157e-01,
9.9999999998712530e-01,
9.9957358521545292e-01,
9.9902755871611826e-01,
9.9999252585353882e-01,
9.9991339987267736e-01,
9.9938972454338937e-01,
9.9999520374532380e-01,
9.9956467314338682e-01,
9.9956250916611677e-01,
9.9899721652564777e-01,
1.0000553971360788e+00,
1.0059209567213427e+00,
9.9922790313540699e-01,
9.9885333906334928e-01,
9.9685473145282810e-01,
9.9850198000691115e-01,

32,1
1.0000000013703438e+00,
1.0103526511683001e+00,
1.0101706374682782e+00,
1.0000008016527480e+00,
1.0000156096621271e+00,
1.0000000009563137e+00,
1.0000000006279717e+00,
1.1110597362521171e+00,
1.1669454997376218e+00,
1.0008753618298065e+00,
1.7583503904069413e+00,
1.8195099882364785e+00,
1.0048737974942332e+00,
1.0340891852711802e+00,
1.0019357876360584e+00,
1.0000422122740900e+00,
1.0000000000140192e+00,
1.0004573439530189e+00,
1.0006289142487008e+00,
1.0000046266692111e+00,
1.0000069644276433e+00,
1.0000005696564547e+00,
1.0000000254842327e+00,
1.0036634508240150e+00,
1.2070150853805952e+00,
1.0135373148673954e+00,
1.1338852197267966e+00,
1.9818948196983666e+00,
1.1460606086897083e+00,
1.0300347097194693e+00,
1.0134969791866719e+00,
1.0011622677831560e+00,

