1
1
1
0
(64 0
((0,0,0) (15,15,15) (0,0,0))
((48,0,0) (63,15,15) (0,0,0))
((32,0,0) (47,15,15) (0,0,0))
((16,0,0) (31,15,15) (0,0,0))
((0,48,0) (15,63,15) (0,0,0))
((0,32,0) (15,47,15) (0,0,0))
((0,16,0) (15,31,15) (0,0,0))
((48,48,0) (63,63,15) (0,0,0))
((48,32,0) (63,47,15) (0,0,0))
((48,16,0) (63,31,15) (0,0,0))
((32,48,0) (47,63,15) (0,0,0))
((32,32,0) (47,47,15) (0,0,0))
((32,16,0) (47,31,15) (0,0,0))
((16,48,0) (31,63,15) (0,0,0))
((16,32,0) (31,47,15) (0,0,0))
((16,16,0) (31,31,15) (0,0,0))
((0,0,48) (15,15,63) (0,0,0))
((0,0,32) (15,15,47) (0,0,0))
((0,0,16) (15,15,31) (0,0,0))
((48,0,48) (63,15,63) (0,0,0))
((48,0,32) (63,15,47) (0,0,0))
((48,0,16) (63,15,31) (0,0,0))
((32,0,48) (47,15,63) (0,0,0))
((32,0,32) (47,15,47) (0,0,0))
((32,0,16) (47,15,31) (0,0,0))
((16,0,48) (31,15,63) (0,0,0))
((16,0,32) (31,15,47) (0,0,0))
((16,0,16) (31,15,31) (0,0,0))
((0,48,48) (15,63,63) (0,0,0))
((0,48,32) (15,63,47) (0,0,0))
((0,48,16) (15,63,31) (0,0,0))
((0,32,48) (15,47,63) (0,0,0))
((0,32,32) (15,47,47) (0,0,0))
((0,32,16) (15,47,31) (0,0,0))
((0,16,48) (15,31,63) (0,0,0))
((0,16,32) (15,31,47) (0,0,0))
((0,16,16) (15,31,31) (0,0,0))
((48,48,48) (63,63,63) (0,0,0))
((48,48,32) (63,63,47) (0,0,0))
((48,48,16) (63,63,31) (0,0,0))
((48,32,48) (63,47,63) (0,0,0))
((48,32,32) (63,47,47) (0,0,0))
((48,32,16) (63,47,31) (0,0,0))
((48,16,48) (63,31,63) (0,0,0))
((48,16,32) (63,31,47) (0,0,0))
((48,16,16) (63,31,31) (0,0,0))
((32,48,48) (47,63,63) (0,0,0))
((32,48,32) (47,63,47) (0,0,0))
((32,48,16) (47,63,31) (0,0,0))
((32,32,48) (47,47,63) (0,0,0))
((32,32,32) (47,47,47) (0,0,0))
((32,32,16) (47,47,31) (0,0,0))
((32,16,48) (47,31,63) (0,0,0))
((32,16,32) (47,31,47) (0,0,0))
((32,16,16) (47,31,31) (0,0,0))
((16,48,48) (31,63,63) (0,0,0))
((16,48,32) (31,63,47) (0,0,0))
((16,48,16) (31,63,31) (0,0,0))
((16,32,48) (31,47,63) (0,0,0))
((16,32,32) (31,47,47) (0,0,0))
((16,32,16) (31,47,31) (0,0,0))
((16,16,48) (31,31,63) (0,0,0))
((16,16,32) (31,31,47) (0,0,0))
((16,16,16) (31,31,31) (0,0,0))
)
64
FabOnDisk: Cell_D_00000 0
FabOnDisk: Cell_D_00000 32857
FabOnDisk: Cell_D_00000 65715
FabOnDisk: Cell_D_00000 98573
FabOnDisk: Cell_D_00000 131431
FabOnDisk: Cell_D_00000 164289
FabOnDisk: Cell_D_00000 197147
FabOnDisk: Cell_D_00000 230005
FabOnDisk: Cell_D_00000 262864
FabOnDisk: Cell_D_00000 295723
FabOnDisk: Cell_D_00000 328582
FabOnDisk: Cell_D_00000 361441
FabOnDisk: Cell_D_00000 394300
FabOnDisk: Cell_D_00000 427159
FabOnDisk: Cell_D_00000 460018
FabOnDisk: Cell_D_00000 492877
FabOnDisk: Cell_D_00000 525736
FabOnDisk: Cell_D_00000 558594
FabOnDisk: Cell_D_00000 591452
FabOnDisk: Cell_D_00000 624310
FabOnDisk: Cell_D_00000 657169
FabOnDisk: Cell_D_00000 690028
FabOnDisk: Cell_D_00000 722887
FabOnDisk: Cell_D_00000 755746
FabOnDisk: Cell_D_00000 788605
FabOnDisk: Cell_D_00000 821464
FabOnDisk: Cell_D_00000 854323
FabOnDisk: Cell_D_00000 887182
FabOnDisk: Cell_D_00000 920041
FabOnDisk: Cell_D_00000 952900
FabOnDisk: Cell_D_00000 985759
FabOnDisk: Cell_D_00000 1018618
FabOnDisk: Cell_D_00000 1051477
FabOnDisk: Cell_D_00000 1084336
FabOnDisk: Cell_D_00000 1117195
FabOnDisk: Cell_D_00000 1150054
FabOnDisk: Cell_D_00000 1182913
FabOnDisk: Cell_D_00000 1215772
FabOnDisk: Cell_D_00000 1248632
FabOnDisk: Cell_D_00000 1281492
FabOnDisk: Cell_D_00000 1314352
FabOnDisk: Cell_D_00000 1347212
FabOnDisk: Cell_D_00000 1380072
FabOnDisk: Cell_D_00000 1412932
FabOnDisk: Cell_D_00000 1445792
FabOnDisk: Cell_D_00000 1478652
FabOnDisk: Cell_D_00000 1511512
FabOnDisk: Cell_D_00000 1544372
FabOnDisk: Cell_D_00000 1577232
FabOnDisk: Cell_D_00000 1610092
FabOnDisk: Cell_D_00000 1642952
FabOnDisk: Cell_D_00000 1675812
FabOnDisk: Cell_D_00000 1708672
FabOnDisk: Cell_D_00000 1741532
FabOnDisk: Cell_D_00000 1774392
FabOnDisk: Cell_D_00000 1807252
FabOnDisk: Cell_D_00000 1840112
FabOnDisk: Cell_D_00000 1872972
FabOnDisk: Cell_D_00000 1905832
FabOnDisk: Cell_D_00000 1938692
FabOnDisk: Cell_D_00000 1971552
FabOnDisk: Cell_D_00000 2004412
FabOnDisk: Cell_D_00000 2037272
FabOnDisk: Cell_D_00000 2070132

64,1
9.9999999999998734e-01,
9.9999999990505717e-01,
9.9999999710927279e-01,
9.9999999998461064e-01,
9.9999993652654362e-01,
9.9999985721880325e-01,
9.9999999950259466e-01,
9.9999598237181808e-01,
9.9999363164952049e-01,
9.9999975655619144e-01,
9.9976991108135804e-01,
9.9973509194553678e-01,
9.9999964850565348e-01,
9.9991739701228854e-01,
9.9979707686103247e-01,
9.9999997408619901e-01,
9.9999999999999833e-01,
9.9999999999902145e-01,
9.9999999997254641e-01,
9.9999999999796063e-01,
9.9999999724930499e-01,
9.9999999809259210e-01,
9.9999999999491318e-01,
9.9999999676501017e-01,
9.9999993024718536e-01,
9.9999999999997224e-01,
9.9999999985525079e-01,
9.9999998981365190e-01,
1.0000000000000036e+00,
1.0000000000000124e+00,
9.9999999202884504e-01,
1.0000000000000007e+00,
9.9999954772804711e-01,
9.9997672142137339e-01,
9.9999999999999922e-01,
9.9999957996962718e-01,
9.9999887314515301e-01,
9.9999999999999445e-01,
9.9668394422014739e-01,
9.9452377391848679e-01,
9.9999999471102941e-01,
9.9585487007767037e-01,
9.9434609913284921e-01,
9.9999999980395082e-01,
9.9995188854994721e-01,
9.9997931902074688e-01,
1.0000000000000135e+00,
9.9652256744811840e-01,
9.8472711858770090e-01,
9.9999999998941902e-01,
9.9581983758665338e-01,
9.8615864912954176e-01,
9.9999999998760258e-01,
9.9995074624264135e-01,
9.9991898505265375e-01,
1.0000000000000129e+00,
1.0000000322241085e+00,
9.9869125921189217e-01,
1.0000000000001876e+00,
1.0000000054085574e+00,
9.9667541866100229e-01,
9.9999999999994671e-01,
9.9999953381105267e-01,
9.9999448037105731e-01,

64,1
1.0000000000002780e+00,
1.0000000000051472e+00,
1.0000000000679405e+00,
1.0000000001148757e+00,
1.0000000545461027e+00,
1.0000000183963318e+00,
1.0000000071569553e+00,
1.0000155326879185e+00,
1.0000209842963386e+00,
1.0000000296101250e+00,
1.0008844024590497e+00,
1.0008107867221929e+00,
1.0000006091106159e+00,
1.0008929052020603e+00,
1.0008376583085605e+00,
1.0000004846063733e+00,
1.0000000000972251e+00,
1.0000000301737468e+00,
1.0000000298211613e+00,
1.0000000001181140e+00,
1.0000000229721631e+00,
1.0000000174402610e+00,
1.0000000241294533e+00,
1.0000070457838806e+00,
1.0000066553007911e+00,
1.0000000266634486e+00,
1.0000091312728245e+00,
1.0000090529817764e+00,
1.0000068592209850e+00,
1.0010521642024988e+00,
1.0010554891795191e+00,
1.0000075583575490e+00,
1.0010284544386758e+00,
1.0009639176011484e+00,
1.0000000585402353e+00,
1.0000010839831022e+00,
1.0000002416717075e+00,
1.0000420042453835e+00,
1.0015029925393037e+00,
1.0008764488375448e+00,
1.0000499755939856e+00,
1.0020039588878609e+00,
1.0005149087434027e+00,
1.0000005021271985e+00,
1.0000034991813327e+00,
1.0000196208083620e+00,
1.0011585522976165e+00,
1.7568242183928471e+00,
1.7570329897487307e+00,
1.0011574847870484e+00,
1.7562095074927826e+00,
1.7564605963398383e+00,
1.0000040898950258e+00,
1.0011900609950661e+00,
1.0011860288274139e+00,
1.0011624031190165e+00,
1.7578081871459730e+00,
1.7577796412616729e+00,
1.0011653492328476e+00,
1.7615270559893041e+00,
1.7602036358207211e+00,
1.0000050328008669e+00,
1.0011925047930266e+00,
1.0011882136876877e+00,

