Checkpoint file for AmrCoreAdv
2
80 160 320 
0.015193779988517212 0.0075968899942586059 0.003798444997129303 
1.5269290786870562 1.5269290786870562 1.5269290786870562 
(32 0
((0,0) (15,7) (0,0))
((48,0) (63,7) (0,0))
((32,0) (47,7) (0,0))
((16,0) (31,7) (0,0))
((0,48) (15,55) (0,0))
((0,32) (15,39) (0,0))
((0,16) (15,23) (0,0))
((48,48) (63,55) (0,0))
((48,32) (63,39) (0,0))
((48,16) (63,23) (0,0))
((32,48) (47,55) (0,0))
((32,32) (47,39) (0,0))
((32,16) (47,23) (0,0))
((16,48) (31,55) (0,0))
((16,32) (31,39) (0,0))
((16,16) (31,23) (0,0))
((0,8) (15,15) (0,0))
((48,8) (63,15) (0,0))
((32,8) (47,15) (0,0))
((16,8) (31,15) (0,0))
((0,56) (15,63) (0,0))
((0,40) (15,47) (0,0))
((0,24) (15,31) (0,0))
((48,56) (63,63) (0,0))
((48,40) (63,47) (0,0))
((48,24) (63,31) (0,0))
((32,56) (47,63) (0,0))
((32,40) (47,47) (0,0))
((32,24) (47,31) (0,0))
((16,56) (31,63) (0,0))
((16,40) (31,47) (0,0))
((16,24) (31,31) (0,0))
)
(26 0
((72,0) (87,7) (0,0))
((56,32) (63,47) (0,0))
((88,0) (103,7) (0,0))
((96,32) (111,47) (0,0))
((80,32) (95,47) (0,0))
((64,32) (79,47) (0,0))
((56,112) (63,127) (0,0))
((56,96) (63,111) (0,0))
((56,80) (63,95) (0,0))
((56,64) (63,79) (0,0))
((56,48) (63,63) (0,0))
((96,112) (111,127) (0,0))
((96,96) (111,111) (0,0))
((96,80) (111,95) (0,0))
((96,64) (111,79) (0,0))
((96,48) (111,63) (0,0))
((80,112) (95,127) (0,0))
((80,96) (95,111) (0,0))
((80,80) (95,95) (0,0))
((80,64) (95,79) (0,0))
((80,48) (95,63) (0,0))
((64,112) (79,127) (0,0))
((64,96) (79,111) (0,0))
((64,80) (79,95) (0,0))
((64,64) (79,79) (0,0))
((64,48) (79,63) (0,0))
)
(36 0
((128,80) (143,95) (0,0))
((144,112) (159,127) (0,0))
((168,128) (175,143) (0,0))
((176,80) (183,95) (0,0))
((160,80) (175,95) (0,0))
((144,80) (159,95) (0,0))
((160,112) (175,127) (0,0))
((200,80) (215,95) (0,0))
((184,80) (199,95) (0,0))
((128,96) (143,111) (0,0))
((176,208) (183,223) (0,0))
((176,192) (183,207) (0,0))
((176,176) (183,191) (0,0))
((176,160) (183,175) (0,0))
((176,144) (183,159) (0,0))
((176,128) (183,143) (0,0))
((176,112) (183,127) (0,0))
((176,96) (183,111) (0,0))
((160,96) (175,111) (0,0))
((144,96) (159,111) (0,0))
((200,208) (215,223) (0,0))
((200,192) (215,207) (0,0))
((200,176) (215,191) (0,0))
((200,160) (215,175) (0,0))
((200,144) (215,159) (0,0))
((200,128) (215,143) (0,0))
((200,112) (215,127) (0,0))
((200,96) (215,111) (0,0))
((184,208) (199,223) (0,0))
((184,192) (199,207) (0,0))
((184,176) (199,191) (0,0))
((184,160) (199,175) (0,0))
((184,144) (199,159) (0,0))
((184,128) (199,143) (0,0))
((184,112) (199,127) (0,0))
((184,96) (199,111) (0,0))
)
