1
1
1
0
(22 0
((80,0) (87,7) (0,0))
((56,48) (63,63) (0,0))
((88,0) (103,7) (0,0))
((96,48) (111,63) (0,0))
((80,48) (95,63) (0,0))
((64,48) (79,63) (0,0))
((56,112) (63,127) (0,0))
((56,96) (63,111) (0,0))
((56,80) (63,95) (0,0))
((56,64) (63,79) (0,0))
((96,112) (111,127) (0,0))
((96,96) (111,111) (0,0))
((96,80) (111,95) (0,0))
((96,64) (111,79) (0,0))
((80,112) (95,127) (0,0))
((80,96) (95,111) (0,0))
((80,80) (95,95) (0,0))
((80,64) (95,79) (0,0))
((64,112) (79,127) (0,0))
((64,96) (79,111) (0,0))
((64,80) (79,95) (0,0))
((64,64) (79,79) (0,0))
)
22
FabOnDisk: phi_D_00004 0
FabOnDisk: phi_D_00004 594
FabOnDisk: phi_D_00007 0
FabOnDisk: phi_D_00019 0
FabOnDisk: phi_D_00018 0
FabOnDisk: phi_D_00017 0
FabOnDisk: phi_D_00008 0
FabOnDisk: phi_D_00008 1110
FabOnDisk: phi_D_00006 0
FabOnDisk: phi_D_00006 1108
FabOnDisk: phi_D_00003 0
FabOnDisk: phi_D_00002 0
FabOnDisk: phi_D_00013 0
FabOnDisk: phi_D_00012 0
FabOnDisk: phi_D_00001 0
FabOnDisk: phi_D_00015 0
FabOnDisk: phi_D_00005 0
FabOnDisk: phi_D_00011 0
FabOnDisk: phi_D_00000 0
FabOnDisk: phi_D_00014 0
FabOnDisk: phi_D_00016 0
FabOnDisk: phi_D_00009 0

22,1
9.9793561456383784e-01,
9.9882259868682743e-01,
9.9974923953401640e-01,
9.9889425295445411e-01,
1.0012937358724991e+00,
9.9910443834713369e-01,
1.0012236608596290e+00,
1.0025150569900636e+00,
9.9917232366934516e-01,
9.9812589615088199e-01,
9.9953515801589199e-01,
9.9974171998438943e-01,
9.9984187119475076e-01,
9.9988137678440758e-01,
1.0000219700517794e+00,
1.0101684105304860e+00,
1.2146093308414727e+00,
1.0349628688313381e+00,
1.0006503468713701e+00,
1.0240483051886426e+00,
1.0043952687026485e+00,
1.0024603260218856e+00,

22,1
1.0104072778790250e+00,
1.0015737477299915e+00,
1.0104076405202471e+00,
1.0187191059068175e+00,
1.1608130886420522e+00,
1.1126639097803368e+00,
1.0333697938257311e+00,
1.0377005798701997e+00,
1.0162280258321343e+00,
1.0024764972934055e+00,
1.0050566148160276e+00,
1.1387238633341594e+00,
1.2445372197907532e+00,
1.2033876755635224e+00,
1.1457819571958141e+00,
1.7829122033770888e+00,
1.9838138982683229e+00,
1.8440892585243680e+00,
1.1461618323235145e+00,
1.5142613580622788e+00,
1.5177565040900760e+00,
1.3774394165732489e+00,

