Checkpoint file for AmrCoreAdv
2
50 100 200 
0.019988686823540661 0.0099943434117703307 0.0049971717058851653 
0.65129907098413276 0.65129907098413276 0.65129907098413276 
(32 0
((0,0) (15,7) (0,0))
((48,0) (63,7) (0,0))
((32,0) (47,7) (0,0))
((16,0) (31,7) (0,0))
((0,48) (15,55) (0,0))
((0,32) (15,39) (0,0))
((0,16) (15,23) (0,0))
((48,48) (63,55) (0,0))
((48,32) (63,39) (0,0))
((48,16) (63,23) (0,0))
((32,48) (47,55) (0,0))
((32,32) (47,39) (0,0))
((32,16) (47,23) (0,0))
((16,48) (31,55) (0,0))
((16,32) (31,39) (0,0))
((16,16) (31,23) (0,0))
((0,8) (15,15) (0,0))
((48,8) (63,15) (0,0))
((32,8) (47,15) (0,0))
((16,8) (31,15) (0,0))
((0,56) (15,63) (0,0))
((0,40) (15,47) (0,0))
((0,24) (15,31) (0,0))
((48,56) (63,63) (0,0))
((48,40) (63,47) (0,0))
((48,24) (63,31) (0,0))
((32,56) (47,63) (0,0))
((32,40) (47,47) (0,0))
((32,24) (47,31) (0,0))
((16,56) (31,63) (0,0))
((16,40) (31,47) (0,0))
((16,24) (31,31) (0,0))
)
(29 0
((80,0) (87,7) (0,0))
((48,24) (55,31) (0,0))
((80,64) (87,79) (0,0))
((72,112) (79,127) (0,0))
((88,0) (103,7) (0,0))
((104,24) (119,31) (0,0))
((88,24) (103,31) (0,0))
((72,24) (87,31) (0,0))
((56,24) (71,31) (0,0))
((104,64) (119,79) (0,0))
((88,64) (103,79) (0,0))
((96,112) (111,127) (0,0))
((80,112) (95,127) (0,0))
((48,48) (55,63) (0,0))
((48,32) (55,47) (0,0))
((80,96) (87,111) (0,0))
((80,80) (87,95) (0,0))
((104,48) (119,63) (0,0))
((104,32) (119,47) (0,0))
((88,48) (103,63) (0,0))
((88,32) (103,47) (0,0))
((72,48) (87,63) (0,0))
((72,32) (87,47) (0,0))
((56,48) (71,63) (0,0))
((56,32) (71,47) (0,0))
((104,96) (119,111) (0,0))
((104,80) (119,95) (0,0))
((88,96) (103,111) (0,0))
((88,80) (103,95) (0,0))
)
(43 0
((112,64) (127,71) (0,0))
((176,72) (191,87) (0,0))
((184,184) (199,191) (0,0))
((160,64) (175,71) (0,0))
((144,64) (159,71) (0,0))
((128,64) (143,71) (0,0))
((208,72) (223,87) (0,0))
((192,72) (207,87) (0,0))
((200,184) (215,191) (0,0))
((112,104) (127,119) (0,0))
((112,88) (127,103) (0,0))
((112,72) (127,87) (0,0))
((176,168) (191,183) (0,0))
((176,152) (191,167) (0,0))
((176,136) (191,151) (0,0))
((176,120) (191,135) (0,0))
((176,104) (191,119) (0,0))
((176,88) (191,103) (0,0))
((184,208) (199,223) (0,0))
((184,192) (199,207) (0,0))
((160,104) (175,119) (0,0))
((160,88) (175,103) (0,0))
((160,72) (175,87) (0,0))
((144,104) (159,119) (0,0))
((144,88) (159,103) (0,0))
((144,72) (159,87) (0,0))
((128,104) (143,119) (0,0))
((128,88) (143,103) (0,0))
((128,72) (143,87) (0,0))
((208,168) (223,183) (0,0))
((208,152) (223,167) (0,0))
((208,136) (223,151) (0,0))
((208,120) (223,135) (0,0))
((208,104) (223,119) (0,0))
((208,88) (223,103) (0,0))
((192,168) (207,183) (0,0))
((192,152) (207,167) (0,0))
((192,136) (207,151) (0,0))
((192,120) (207,135) (0,0))
((192,104) (207,119) (0,0))
((192,88) (207,103) (0,0))
((200,208) (215,223) (0,0))
((200,192) (215,207) (0,0))
)
