1
1
1
0
(32 0
((32,64) (47,71) (0,0))
((80,64) (95,71) (0,0))
((64,64) (79,71) (0,0))
((48,64) (63,71) (0,0))
((32,112) (47,119) (0,0))
((32,96) (47,103) (0,0))
((32,80) (47,87) (0,0))
((80,112) (95,119) (0,0))
((80,96) (95,103) (0,0))
((80,80) (95,87) (0,0))
((64,112) (79,119) (0,0))
((64,96) (79,103) (0,0))
((64,80) (79,87) (0,0))
((48,112) (63,119) (0,0))
((48,96) (63,103) (0,0))
((48,80) (63,87) (0,0))
((32,72) (47,79) (0,0))
((80,72) (95,79) (0,0))
((64,72) (79,79) (0,0))
((48,72) (63,79) (0,0))
((32,120) (47,127) (0,0))
((32,104) (47,111) (0,0))
((32,88) (47,95) (0,0))
((80,120) (95,127) (0,0))
((80,104) (95,111) (0,0))
((80,88) (95,95) (0,0))
((64,120) (79,127) (0,0))
((64,104) (79,111) (0,0))
((64,88) (79,95) (0,0))
((48,120) (63,127) (0,0))
((48,104) (63,111) (0,0))
((48,88) (63,95) (0,0))
)
32
FabOnDisk: Cell_D_00004 0
FabOnDisk: Cell_D_00018 0
FabOnDisk: Cell_D_00008 0
FabOnDisk: Cell_D_00012 0
FabOnDisk: Cell_D_00016 0
FabOnDisk: Cell_D_00006 0
FabOnDisk: Cell_D_00013 0
FabOnDisk: Cell_D_00003 0
FabOnDisk: Cell_D_00001 0
FabOnDisk: Cell_D_00000 0
FabOnDisk: Cell_D_00002 0
FabOnDisk: Cell_D_00010 0
FabOnDisk: Cell_D_00019 0
FabOnDisk: Cell_D_00017 0
FabOnDisk: Cell_D_00015 0
FabOnDisk: Cell_D_00014 0
FabOnDisk: Cell_D_00012 1108
FabOnDisk: Cell_D_00009 0
FabOnDisk: Cell_D_00018 1108
FabOnDisk: Cell_D_00005 0
FabOnDisk: Cell_D_00016 1110
FabOnDisk: Cell_D_00015 1109
FabOnDisk: Cell_D_00013 1108
FabOnDisk: Cell_D_00003 1110
FabOnDisk: Cell_D_00011 0
FabOnDisk: Cell_D_00000 1108
FabOnDisk: Cell_D_00002 1110
FabOnDisk: Cell_D_00001 1109
FabOnDisk: Cell_D_00019 1108
FabOnDisk: Cell_D_00017 1110
FabOnDisk: Cell_D_00007 0
FabOnDisk: Cell_D_00014 1108

32,1
1.0000054908540064e+00,
1.0000054908540064e+00,
1.0005407340401715e+00,
1.0005407340401715e+00,
1.0000805300716189e+00,
1.0016623281938617e+00,
1.0005407340401715e+00,
1.0000805300716189e+00,
1.0016623281938617e+00,
1.0005407340401715e+00,
1.0079305242737762e+00,
1.1638055744045972e+00,
1.0533295054030289e+00,
1.0079305242737762e+00,
1.1638055744045972e+00,
1.0533295054030287e+00,
1.0000805300716189e+00,
1.0000805300716189e+00,
1.0079305242737762e+00,
1.0079305242737762e+00,
1.0000054908540064e+00,
1.0005407340401715e+00,
1.0016623281938617e+00,
1.0000054908540064e+00,
1.0005407340401715e+00,
1.0016623281938617e+00,
1.0005407340401715e+00,
1.0533295054030289e+00,
1.1638055744045972e+00,
1.0005407340401715e+00,
1.0533295054030289e+00,
1.1638055744045970e+00,

32,1
1.0048668061284658e+00,
1.0048668061284658e+00,
1.0256000459439547e+00,
1.0256000459439547e+00,
1.0360952954415605e+00,
1.1896258126731192e+00,
1.1222337061870387e+00,
1.0360952954415605e+00,
1.1896258126731194e+00,
1.1222337061870387e+00,
1.1896258126731194e+00,
1.9961948888923187e+00,
1.6421519920592274e+00,
1.1896258126731192e+00,
1.9961948888923189e+00,
1.6421519920592276e+00,
1.0360952954415608e+00,
1.0360952954415605e+00,
1.1896258126731192e+00,
1.1896258126731192e+00,
1.0048668061284658e+00,
1.1222337061870387e+00,
1.1896258126731192e+00,
1.0048668061284658e+00,
1.1222337061870389e+00,
1.1896258126731192e+00,
1.0256000459439547e+00,
1.6421519920592276e+00,
1.9961948888923189e+00,
1.0256000459439547e+00,
1.6421519920592274e+00,
1.9961948888923189e+00,

