1
1
1
0
(36 0
((144,96) (159,103) (0,0))
((192,96) (207,103) (0,0))
((176,96) (191,103) (0,0))
((160,96) (175,103) (0,0))
((144,216) (159,231) (0,0))
((144,200) (159,215) (0,0))
((144,184) (159,199) (0,0))
((144,168) (159,183) (0,0))
((144,152) (159,167) (0,0))
((144,136) (159,151) (0,0))
((144,120) (159,135) (0,0))
((144,104) (159,119) (0,0))
((192,216) (207,231) (0,0))
((192,200) (207,215) (0,0))
((192,184) (207,199) (0,0))
((192,168) (207,183) (0,0))
((192,152) (207,167) (0,0))
((192,136) (207,151) (0,0))
((192,120) (207,135) (0,0))
((192,104) (207,119) (0,0))
((176,216) (191,231) (0,0))
((176,200) (191,215) (0,0))
((176,184) (191,199) (0,0))
((176,168) (191,183) (0,0))
((176,152) (191,167) (0,0))
((176,136) (191,151) (0,0))
((176,120) (191,135) (0,0))
((176,104) (191,119) (0,0))
((160,216) (175,231) (0,0))
((160,200) (175,215) (0,0))
((160,184) (175,199) (0,0))
((160,168) (175,183) (0,0))
((160,152) (175,167) (0,0))
((160,136) (175,151) (0,0))
((160,120) (175,135) (0,0))
((160,104) (175,119) (0,0))
)
36
FabOnDisk: phi_D_00001 0
FabOnDisk: phi_D_00006 0
FabOnDisk: phi_D_00005 0
FabOnDisk: phi_D_00004 0
FabOnDisk: phi_D_00011 0
FabOnDisk: phi_D_00003 0
FabOnDisk: phi_D_00008 0
FabOnDisk: phi_D_00019 0
FabOnDisk: phi_D_00017 0
FabOnDisk: phi_D_00007 0
FabOnDisk: phi_D_00004 1111
FabOnDisk: phi_D_00001 1111
FabOnDisk: phi_D_00016 0
FabOnDisk: phi_D_00016 2136
FabOnDisk: phi_D_00003 2136
FabOnDisk: phi_D_00010 0
FabOnDisk: phi_D_00010 2136
FabOnDisk: phi_D_00009 0
FabOnDisk: phi_D_00014 0
FabOnDisk: phi_D_00014 2136
FabOnDisk: phi_D_00015 0
FabOnDisk: phi_D_00012 0
FabOnDisk: phi_D_00000 0
FabOnDisk: phi_D_00002 0
FabOnDisk: phi_D_00019 2136
FabOnDisk: phi_D_00018 0
FabOnDisk: phi_D_00006 1111
FabOnDisk: phi_D_00013 0
FabOnDisk: phi_D_00015 2136
FabOnDisk: phi_D_00012 2136
FabOnDisk: phi_D_00000 2136
FabOnDisk: phi_D_00002 2136
FabOnDisk: phi_D_00018 2136
FabOnDisk: phi_D_00017 2136
FabOnDisk: phi_D_00013 2136
FabOnDisk: phi_D_00005 1111

36,1
1.0237771396199531e+00,
1.0000707009196588e+00,
1.0054818432757544e+00,
1.0487003479146328e+00,
1.0199761204357729e+00,
1.0076466352750670e+00,
1.0020136889508278e+00,
1.0008900086638237e+00,
1.0007867711616520e+00,
1.0017468132666711e+00,
1.0119491511978680e+00,
1.0425310537073755e+00,
1.0007973523268436e+00,
1.0027172893560659e+00,
1.0167800568770766e+00,
1.0514571043199397e+00,
1.0681666830151268e+00,
1.0282913938368037e+00,
1.0054940944004234e+00,
1.0005663974898098e+00,
1.0074833586326897e+00,
1.0897329177963579e+00,
1.3194889446133915e+00,
1.3271081260621442e+00,
1.3506290987217044e+00,
1.4668808729905167e+00,
1.2652399406731547e+00,
1.0283933130678247e+00,
1.0480588986387513e+00,
1.0641117067921162e+00,
1.0351510208435080e+00,
1.0287668307004205e+00,
1.0296514527101537e+00,
1.0479981667731564e+00,
1.1204782966391273e+00,
1.1661799034498372e+00,

36,1
1.1459686759682131e+00,
1.0191165603074370e+00,
1.1487189794146953e+00,
1.1840814574567955e+00,
1.0879038948220867e+00,
1.0858143435619514e+00,
1.0535946086320842e+00,
1.0281777440323845e+00,
1.0387274122035774e+00,
1.0992768942933755e+00,
1.2162386343596934e+00,
1.2315928192007266e+00,
1.0688717385374822e+00,
1.3046103300683729e+00,
1.6242850616991997e+00,
1.8657299438651149e+00,
1.9351938560879864e+00,
1.9206423567184283e+00,
1.6455689729954985e+00,
1.2065931193563335e+00,
1.2005975526206381e+00,
1.4218088830634321e+00,
1.6728515169826723e+00,
1.8868320395902975e+00,
1.9907698275348864e+00,
1.9914061734821504e+00,
1.9015304495889365e+00,
1.5914365781085722e+00,
1.2001691995406576e+00,
1.2960943800929920e+00,
1.3004434373928115e+00,
1.3067242511857478e+00,
1.4072672709714797e+00,
1.6022513483270573e+00,
1.6596082833251875e+00,
1.5788546451292540e+00,

