1
1
1
0
(43 0
((112,64) (127,71) (0,0))
((176,72) (191,87) (0,0))
((184,184) (199,191) (0,0))
((160,64) (175,71) (0,0))
((144,64) (159,71) (0,0))
((128,64) (143,71) (0,0))
((208,72) (223,87) (0,0))
((192,72) (207,87) (0,0))
((200,184) (215,191) (0,0))
((112,104) (127,119) (0,0))
((112,88) (127,103) (0,0))
((112,72) (127,87) (0,0))
((176,168) (191,183) (0,0))
((176,152) (191,167) (0,0))
((176,136) (191,151) (0,0))
((176,120) (191,135) (0,0))
((176,104) (191,119) (0,0))
((176,88) (191,103) (0,0))
((184,208) (199,223) (0,0))
((184,192) (199,207) (0,0))
((160,104) (175,119) (0,0))
((160,88) (175,103) (0,0))
((160,72) (175,87) (0,0))
((144,104) (159,119) (0,0))
((144,88) (159,103) (0,0))
((144,72) (159,87) (0,0))
((128,104) (143,119) (0,0))
((128,88) (143,103) (0,0))
((128,72) (143,87) (0,0))
((208,168) (223,183) (0,0))
((208,152) (223,167) (0,0))
((208,136) (223,151) (0,0))
((208,120) (223,135) (0,0))
((208,104) (223,119) (0,0))
((208,88) (223,103) (0,0))
((192,168) (207,183) (0,0))
((192,152) (207,167) (0,0))
((192,136) (207,151) (0,0))
((192,120) (207,135) (0,0))
((192,104) (207,119) (0,0))
((192,88) (207,103) (0,0))
((200,208) (215,223) (0,0))
((200,192) (215,207) (0,0))
)
43
FabOnDisk: Cell_D_00010 0
FabOnDisk: Cell_D_00011 0
FabOnDisk: Cell_D_00007 0
FabOnDisk: Cell_D_00013 0
FabOnDisk: Cell_D_00008 0
FabOnDisk: Cell_D_00008 1110
FabOnDisk: Cell_D_00017 0
FabOnDisk: Cell_D_00017 2134
FabOnDisk: Cell_D_00012 0
FabOnDisk: Cell_D_00005 0
FabOnDisk: Cell_D_00005 2136
FabOnDisk: Cell_D_00010 1110
FabOnDisk: Cell_D_00007 1112
FabOnDisk: Cell_D_00000 0
FabOnDisk: Cell_D_00000 2136
FabOnDisk: Cell_D_00016 0
FabOnDisk: Cell_D_00016 2136
FabOnDisk: Cell_D_00014 0
FabOnDisk: Cell_D_00012 1112
FabOnDisk: Cell_D_00012 3248
FabOnDisk: Cell_D_00015 0
FabOnDisk: Cell_D_00011 2134
FabOnDisk: Cell_D_00013 1110
FabOnDisk: Cell_D_00015 2136
FabOnDisk: Cell_D_00013 3244
FabOnDisk: Cell_D_00009 0
FabOnDisk: Cell_D_00014 2135
FabOnDisk: Cell_D_00009 2134
FabOnDisk: Cell_D_00008 2220
FabOnDisk: Cell_D_00003 0
FabOnDisk: Cell_D_00002 0
FabOnDisk: Cell_D_00001 0
FabOnDisk: Cell_D_00006 0
FabOnDisk: Cell_D_00019 0
FabOnDisk: Cell_D_00018 0
FabOnDisk: Cell_D_00003 2136
FabOnDisk: Cell_D_00002 2136
FabOnDisk: Cell_D_00001 2136
FabOnDisk: Cell_D_00006 2136
FabOnDisk: Cell_D_00019 2136
FabOnDisk: Cell_D_00018 2135
FabOnDisk: Cell_D_00004 0
FabOnDisk: Cell_D_00004 2136

43,1
1.0038878548435264e+00,
1.0029198316675230e+00,
1.0059374133492305e+00,
1.0026099739396404e+00,
1.0080969098014072e+00,
1.0040909258977484e+00,
1.0000185831964921e+00,
1.0000426729264993e+00,
1.0434437096358653e+00,
1.0089722245237809e+00,
1.0586432635264307e+00,
1.0052837607191334e+00,
9.9629805736667654e-01,
9.9698155925917908e-01,
9.9992055520411049e-01,
1.0017850055522377e+00,
1.0333886213011325e+00,
1.2711454155446775e+00,
1.0314393745828758e+00,
1.0103985747442235e+00,
1.0020717433761188e+00,
1.1032359876006350e+00,
1.0510226929862663e+00,
1.0013739929859979e+00,
1.0709469115887931e+00,
1.1342087486687666e+00,
1.0031986887338462e+00,
1.0720242856200859e+00,
1.0385584169999034e+00,
1.0019013303327335e+00,
1.0037570742890700e+00,
1.0023013843076052e+00,
1.0003385960916180e+00,
9.9967271538359015e-01,
9.9980161280684909e-01,
1.0296693561489161e+00,
1.0296708488227388e+00,
1.0450948349599476e+00,
1.1317756414549454e+00,
1.0807774766970677e+00,
1.0031190271928085e+00,
1.0009417397722076e+00,
1.0067997437441039e+00,

43,1
1.0261374337740585e+00,
1.8889917291716862e+00,
1.1795725395618706e+00,
1.1136312372865445e+00,
1.1258477493109578e+00,
1.0977710604055539e+00,
1.0020561998605853e+00,
1.1845628628912617e+00,
1.3067682472879065e+00,
1.0827816500304011e+00,
1.2754977204444207e+00,
1.2752827601291532e+00,
1.0308784844439600e+00,
1.0317588655076282e+00,
1.0973365892632752e+00,
1.3973692710039844e+00,
1.9739393405021228e+00,
1.9928104326885896e+00,
1.1505864022419898e+00,
1.1834351744287297e+00,
1.3088834189591607e+00,
1.9571756473635704e+00,
1.9274179318423095e+00,
1.0813175587339967e+00,
1.7161381630575492e+00,
1.7899454773464629e+00,
1.0804653213892477e+00,
1.4837306626620224e+00,
1.5442362173741013e+00,
1.4302033748894400e+00,
1.5654965650465227e+00,
1.6370227440630400e+00,
1.6219266312213447e+00,
1.3394768691786736e+00,
1.0479304496484332e+00,
1.4308528278500594e+00,
1.5674157428253093e+00,
1.7127057381098405e+00,
1.8580618144799437e+00,
1.9740487798754629e+00,
1.9712933404949200e+00,
1.1491860081496132e+00,
1.2504400573565257e+00,

