(25 0
((88,152) (103,167) (0,0))
((152,152) (167,167) (0,0))
((136,152) (151,167) (0,0))
((120,152) (135,167) (0,0))
((104,152) (119,167) (0,0))
((88,216) (103,231) (0,0))
((88,200) (103,215) (0,0))
((88,184) (103,199) (0,0))
((88,168) (103,183) (0,0))
((152,216) (167,231) (0,0))
((152,200) (167,215) (0,0))
((152,184) (167,199) (0,0))
((152,168) (167,183) (0,0))
((136,216) (151,231) (0,0))
((136,200) (151,215) (0,0))
((136,184) (151,199) (0,0))
((136,168) (151,183) (0,0))
((120,216) (135,231) (0,0))
((120,200) (135,215) (0,0))
((120,184) (135,199) (0,0))
((120,168) (135,183) (0,0))
((104,216) (119,231) (0,0))
((104,200) (119,215) (0,0))
((104,184) (119,199) (0,0))
((104,168) (119,183) (0,0))
)
