* GLOBAL
  NPROCS =     1

REGION                                        COUNT        TOTAL                      SELF                       MAX          MIN
                                 advance       1000    92658.585                 92658.585                   102.263       92.060
                      mf_fill_boundary_c       1002    17477.284                 17471.029                    27.736       17.232
                                  boxlib          1   111328.806                  1192.818                111328.806   111328.806
                          boxassoc_build          1        6.255                     6.142                     6.255        6.255
                                     sfc          1        0.119                     0.119                     0.119        0.119
                               i_bx_hash          1        0.113                     0.113                     0.113        0.113
                       bl_prof_benchmark          1        0.000                     0.000                     0.000        0.000

REGION                                        COUNT        TOTAL        CHILD         SELF          AVG          MAX          MIN
boxlib                                            1   111328.806   110135.988     1192.818     1192.818   111328.806   111328.806
 advance                                       1000    92658.585        0.000    92658.585       92.659      102.263       92.060
 mf_fill_boundary_c                            1002    17477.284        6.255    17471.029       17.436       27.736       17.232
  boxassoc_build                                  1        6.255        0.113        6.142        6.142        6.255        6.255
   i_bx_hash                                      1        0.113        0.000        0.113        0.113        0.113        0.113
 sfc                                              1        0.119        0.000        0.119        0.119        0.119        0.119
 bl_prof_benchmark                                1        0.000        0.000        0.000        0.000        0.000        0.000
