Checkpoint file for AmrCoreAdv
2
40 80 160 
0.014695297278884231 0.0073476486394421156 0.0036738243197210578 
0.48012406342600722 0.48012406342600722 0.48012406342600722 
(32 0
((0,0) (15,7) (0,0))
((48,0) (63,7) (0,0))
((32,0) (47,7) (0,0))
((16,0) (31,7) (0,0))
((0,48) (15,55) (0,0))
((0,32) (15,39) (0,0))
((0,16) (15,23) (0,0))
((48,48) (63,55) (0,0))
((48,32) (63,39) (0,0))
((48,16) (63,23) (0,0))
((32,48) (47,55) (0,0))
((32,32) (47,39) (0,0))
((32,16) (47,23) (0,0))
((16,48) (31,55) (0,0))
((16,32) (31,39) (0,0))
((16,16) (31,23) (0,0))
((0,8) (15,15) (0,0))
((48,8) (63,15) (0,0))
((32,8) (47,15) (0,0))
((16,8) (31,15) (0,0))
((0,56) (15,63) (0,0))
((0,40) (15,47) (0,0))
((0,24) (15,31) (0,0))
((48,56) (63,63) (0,0))
((48,40) (63,47) (0,0))
((48,24) (63,31) (0,0))
((32,56) (47,63) (0,0))
((32,40) (47,47) (0,0))
((32,24) (47,31) (0,0))
((16,56) (31,63) (0,0))
((16,40) (31,47) (0,0))
((16,24) (31,31) (0,0))
)
(25 0
((80,0) (95,7) (0,0))
((56,32) (63,47) (0,0))
((96,32) (111,47) (0,0))
((80,32) (95,47) (0,0))
((64,32) (79,47) (0,0))
((56,112) (63,127) (0,0))
((56,96) (63,111) (0,0))
((56,80) (63,95) (0,0))
((56,64) (63,79) (0,0))
((56,48) (63,63) (0,0))
((96,112) (111,127) (0,0))
((96,96) (111,111) (0,0))
((96,80) (111,95) (0,0))
((96,64) (111,79) (0,0))
((96,48) (111,63) (0,0))
((80,112) (95,127) (0,0))
((80,96) (95,111) (0,0))
((80,80) (95,95) (0,0))
((80,64) (95,79) (0,0))
((80,48) (95,63) (0,0))
((64,112) (79,127) (0,0))
((64,96) (79,111) (0,0))
((64,80) (79,95) (0,0))
((64,64) (79,79) (0,0))
((64,48) (79,63) (0,0))
)
(40 0
((128,80) (143,95) (0,0))
((176,80) (183,87) (0,0))
((144,112) (159,127) (0,0))
((160,128) (175,143) (0,0))
((168,208) (175,223) (0,0))
((160,80) (175,95) (0,0))
((144,80) (159,95) (0,0))
((200,80) (215,87) (0,0))
((184,80) (199,87) (0,0))
((160,112) (175,127) (0,0))
((128,96) (143,111) (0,0))
((176,216) (183,231) (0,0))
((176,200) (183,215) (0,0))
((176,184) (183,199) (0,0))
((176,168) (183,183) (0,0))
((176,152) (183,167) (0,0))
((176,136) (183,151) (0,0))
((176,120) (183,135) (0,0))
((176,104) (183,119) (0,0))
((176,88) (183,103) (0,0))
((160,96) (175,111) (0,0))
((144,96) (159,111) (0,0))
((200,216) (215,231) (0,0))
((200,200) (215,215) (0,0))
((200,184) (215,199) (0,0))
((200,168) (215,183) (0,0))
((200,152) (215,167) (0,0))
((200,136) (215,151) (0,0))
((200,120) (215,135) (0,0))
((200,104) (215,119) (0,0))
((200,88) (215,103) (0,0))
((184,216) (199,231) (0,0))
((184,200) (199,215) (0,0))
((184,184) (199,199) (0,0))
((184,168) (199,183) (0,0))
((184,152) (199,167) (0,0))
((184,136) (199,151) (0,0))
((184,120) (199,135) (0,0))
((184,104) (199,119) (0,0))
((184,88) (199,103) (0,0))
)
