1
1
1
0
(16 0
((0,0) (15,15) (0,0))
((48,0) (63,15) (0,0))
((32,0) (47,15) (0,0))
((16,0) (31,15) (0,0))
((0,48) (15,63) (0,0))
((0,32) (15,47) (0,0))
((0,16) (15,31) (0,0))
((48,48) (63,63) (0,0))
((48,32) (63,47) (0,0))
((48,16) (63,31) (0,0))
((32,48) (47,63) (0,0))
((32,32) (47,47) (0,0))
((32,16) (47,31) (0,0))
((16,48) (31,63) (0,0))
((16,32) (31,47) (0,0))
((16,16) (31,31) (0,0))
)
16
FabOnDisk: Cell_D_00000 0
FabOnDisk: Cell_D_00000 2130
FabOnDisk: Cell_D_00000 4261
FabOnDisk: Cell_D_00000 6392
FabOnDisk: Cell_D_00000 8523
FabOnDisk: Cell_D_00000 10654
FabOnDisk: Cell_D_00000 12785
FabOnDisk: Cell_D_00000 14916
FabOnDisk: Cell_D_00000 17048
FabOnDisk: Cell_D_00000 19180
FabOnDisk: Cell_D_00000 21312
FabOnDisk: Cell_D_00000 23444
FabOnDisk: Cell_D_00000 25576
FabOnDisk: Cell_D_00000 27708
FabOnDisk: Cell_D_00000 29840
FabOnDisk: Cell_D_00000 31972

16,1
1.0000000000000000e+00,
1.0000000000000000e+00,
1.0000000000000000e+00,
1.0000000000000000e+00,
1.0000000000000855e+00,
1.0000000000000855e+00,
1.0000000000000000e+00,
1.0000000000000855e+00,
1.0000000000000855e+00,
1.0000000000000000e+00,
1.0000083069309360e+00,
1.0000083069309360e+00,
1.0000000000000855e+00,
1.0000083069309360e+00,
1.0000083069309360e+00,
1.0000000000000855e+00,

16,1
1.0000000000000082e+00,
1.0000000000000082e+00,
1.0000000000062812e+00,
1.0000000000062812e+00,
1.0012903625788179e+00,
1.0012903625788179e+00,
1.0000016854852873e+00,
1.0012903625788179e+00,
1.0012903625788179e+00,
1.0000016854852873e+00,
1.9841539989575072e+00,
1.9841539989575074e+00,
1.0012903625788179e+00,
1.9841539989575072e+00,
1.9841539989575074e+00,
1.0012903625788179e+00,

