1
1
1
0
(36 0
((144,96) (159,103) (0,0))
((160,152) (167,167) (0,0))
((192,96) (207,103) (0,0))
((176,96) (191,103) (0,0))
((160,96) (175,103) (0,0))
((200,152) (215,167) (0,0))
((184,152) (199,167) (0,0))
((168,152) (183,167) (0,0))
((144,136) (159,151) (0,0))
((144,120) (159,135) (0,0))
((144,104) (159,119) (0,0))
((160,216) (167,231) (0,0))
((160,200) (167,215) (0,0))
((160,184) (167,199) (0,0))
((160,168) (167,183) (0,0))
((192,136) (207,151) (0,0))
((192,120) (207,135) (0,0))
((192,104) (207,119) (0,0))
((176,136) (191,151) (0,0))
((176,120) (191,135) (0,0))
((176,104) (191,119) (0,0))
((160,136) (175,151) (0,0))
((160,120) (175,135) (0,0))
((160,104) (175,119) (0,0))
((200,216) (215,231) (0,0))
((200,200) (215,215) (0,0))
((200,184) (215,199) (0,0))
((200,168) (215,183) (0,0))
((184,216) (199,231) (0,0))
((184,200) (199,215) (0,0))
((184,184) (199,199) (0,0))
((184,168) (199,183) (0,0))
((168,216) (183,231) (0,0))
((168,200) (183,215) (0,0))
((168,184) (183,199) (0,0))
((168,168) (183,183) (0,0))
)
36
FabOnDisk: phi_D_00010 0
FabOnDisk: phi_D_00015 0
FabOnDisk: phi_D_00014 0
FabOnDisk: phi_D_00013 0
FabOnDisk: phi_D_00012 0
FabOnDisk: phi_D_00002 0
FabOnDisk: phi_D_00000 0
FabOnDisk: phi_D_00000 2136
FabOnDisk: phi_D_00007 0
FabOnDisk: phi_D_00012 1111
FabOnDisk: phi_D_00010 1111
FabOnDisk: phi_D_00006 0
FabOnDisk: phi_D_00009 0
FabOnDisk: phi_D_00018 0
FabOnDisk: phi_D_00016 0
FabOnDisk: phi_D_00001 0
FabOnDisk: phi_D_00007 2136
FabOnDisk: phi_D_00014 1111
FabOnDisk: phi_D_00015 1112
FabOnDisk: phi_D_00004 0
FabOnDisk: phi_D_00008 0
FabOnDisk: phi_D_00011 0
FabOnDisk: phi_D_00004 2136
FabOnDisk: phi_D_00013 1111
FabOnDisk: phi_D_00005 0
FabOnDisk: phi_D_00005 2136
FabOnDisk: phi_D_00009 1112
FabOnDisk: phi_D_00002 2136
FabOnDisk: phi_D_00003 0
FabOnDisk: phi_D_00006 1112
FabOnDisk: phi_D_00001 2136
FabOnDisk: phi_D_00018 1112
FabOnDisk: phi_D_00003 2136
FabOnDisk: phi_D_00019 0
FabOnDisk: phi_D_00017 0
FabOnDisk: phi_D_00016 1112

36,1
1.0183031435648040e+00,
1.0370895886767393e+00,
1.0005844012755649e+00,
1.0040943523085541e+00,
1.0409244887509881e+00,
1.0030989623958089e+00,
1.4107379098712340e+00,
1.1376616354427724e+00,
1.0023556507125309e+00,
1.0132164050157384e+00,
1.0411695593382106e+00,
1.0643341667767394e+00,
1.0759327043195934e+00,
1.0459640451154506e+00,
1.0370498360647056e+00,
1.0238926874735117e+00,
1.0047410129598269e+00,
1.0007208496680249e+00,
1.5180365991246862e+00,
1.2285739615648306e+00,
1.0236959702879029e+00,
1.0583642872270065e+00,
1.1339910709898424e+00,
1.1450847890823252e+00,
9.9989754919810103e-01,
1.0000090418195633e+00,
1.0002430200097152e+00,
1.0018152364636859e+00,
1.0020750586843001e+00,
1.0195552705194695e+00,
1.1156742745068888e+00,
1.3007623374951898e+00,
1.0227347145156449e+00,
1.1766436600645973e+00,
1.1461719698782631e+00,
1.1343948163749262e+00,

36,1
1.1266069958136544e+00,
1.1633844130221287e+00,
1.0153699728250545e+00,
1.1243606022740837e+00,
1.1571874401521409e+00,
1.3847529284837803e+00,
1.9859551390664918e+00,
1.8841670490972078e+00,
1.1113559650059550e+00,
1.2163455258273619e+00,
1.2236274215147420e+00,
1.1639313621878846e+00,
1.1744288994098007e+00,
1.1636453284819797e+00,
1.1261137683535583e+00,
1.8893595562125896e+00,
1.5881150454180124e+00,
1.1763464309139351e+00,
1.9852125372442906e+00,
1.8761276046216300e+00,
1.5515602503379593e+00,
1.6303508551486361e+00,
1.6678818251784071e+00,
1.5457335241516470e+00,
1.0133558353554801e+00,
1.0867773439131829e+00,
1.2425523449341436e+00,
1.3732320814640304e+00,
1.1564626039765844e+00,
1.4202096074812633e+00,
1.6767764918499437e+00,
1.8950611747279134e+00,
1.2002719930962671e+00,
1.4199578682767315e+00,
1.6269129845467589e+00,
1.7441736623728945e+00,

