1
1
1
0
(20 0
((48,48) (55,63) (0,0))
((88,48) (103,63) (0,0))
((72,48) (87,63) (0,0))
((56,48) (71,63) (0,0))
((48,112) (55,127) (0,0))
((48,96) (55,111) (0,0))
((48,80) (55,95) (0,0))
((48,64) (55,79) (0,0))
((88,112) (103,127) (0,0))
((88,96) (103,111) (0,0))
((88,80) (103,95) (0,0))
((88,64) (103,79) (0,0))
((72,112) (87,127) (0,0))
((72,96) (87,111) (0,0))
((72,80) (87,95) (0,0))
((72,64) (87,79) (0,0))
((56,112) (71,127) (0,0))
((56,96) (71,111) (0,0))
((56,80) (71,95) (0,0))
((56,64) (71,79) (0,0))
)
20
FabOnDisk: phi_D_00019 0
FabOnDisk: phi_D_00017 0
FabOnDisk: phi_D_00016 0
FabOnDisk: phi_D_00001 0
FabOnDisk: phi_D_00000 0
FabOnDisk: phi_D_00007 0
FabOnDisk: phi_D_00003 0
FabOnDisk: phi_D_00002 0
FabOnDisk: phi_D_00018 0
FabOnDisk: phi_D_00013 0
FabOnDisk: phi_D_00011 0
FabOnDisk: phi_D_00009 0
FabOnDisk: phi_D_00014 0
FabOnDisk: phi_D_00006 0
FabOnDisk: phi_D_00010 0
FabOnDisk: phi_D_00008 0
FabOnDisk: phi_D_00000 1110
FabOnDisk: phi_D_00005 0
FabOnDisk: phi_D_00004 0
FabOnDisk: phi_D_00015 0

20,1
9.9865143721367622e-01,
9.9995007403063629e-01,
1.0029555924997073e+00,
9.9928243164278929e-01,
9.9929095318597039e-01,
9.9775012724983148e-01,
9.9753488637478460e-01,
9.9759122211848572e-01,
1.0000003111903901e+00,
1.0006737851264882e+00,
1.0056390791585137e+00,
1.0007896772426004e+00,
1.0001024068750723e+00,
1.0963568021849244e+00,
1.0604247131163866e+00,
1.0330006998052195e+00,
1.0015636219475368e+00,
1.0024815867977055e+00,
1.0000369967247704e+00,
9.9888803122763681e-01,

20,1
1.0000521021394730e+00,
1.1601644139501790e+00,
1.1883581918712689e+00,
1.0229785712943329e+00,
1.0069567811305320e+00,
1.0070635615290962e+00,
1.0013806709228315e+00,
1.0000673407865579e+00,
1.0618328457361199e+00,
1.7378417930929004e+00,
1.9937085767002374e+00,
1.8787769385106610e+00,
1.1453968523477749e+00,
1.7775525208365417e+00,
1.9924939066398690e+00,
1.8770421433759994e+00,
1.0937108948344823e+00,
1.1328961064726921e+00,
1.1003186183148328e+00,
1.0434180035869474e+00,

