1
1
1
0
(32 0
((0,0) (15,7) (0,0))
((48,0) (63,7) (0,0))
((32,0) (47,7) (0,0))
((16,0) (31,7) (0,0))
((0,48) (15,55) (0,0))
((0,32) (15,39) (0,0))
((0,16) (15,23) (0,0))
((48,48) (63,55) (0,0))
((48,32) (63,39) (0,0))
((48,16) (63,23) (0,0))
((32,48) (47,55) (0,0))
((32,32) (47,39) (0,0))
((32,16) (47,23) (0,0))
((16,48) (31,55) (0,0))
((16,32) (31,39) (0,0))
((16,16) (31,23) (0,0))
((0,8) (15,15) (0,0))
((48,8) (63,15) (0,0))
((32,8) (47,15) (0,0))
((16,8) (31,15) (0,0))
((0,56) (15,63) (0,0))
((0,40) (15,47) (0,0))
((0,24) (15,31) (0,0))
((48,56) (63,63) (0,0))
((48,40) (63,47) (0,0))
((48,24) (63,31) (0,0))
((32,56) (47,63) (0,0))
((32,40) (47,47) (0,0))
((32,24) (47,31) (0,0))
((16,56) (31,63) (0,0))
((16,40) (31,47) (0,0))
((16,24) (31,31) (0,0))
)
32
FabOnDisk: Cell_D_00012 0
FabOnDisk: Cell_D_00003 0
FabOnDisk: Cell_D_00014 0
FabOnDisk: Cell_D_00000 0
FabOnDisk: Cell_D_00007 0
FabOnDisk: Cell_D_00016 0
FabOnDisk: Cell_D_00001 0
FabOnDisk: Cell_D_00011 0
FabOnDisk: Cell_D_00009 0
FabOnDisk: Cell_D_00005 0
FabOnDisk: Cell_D_00010 0
FabOnDisk: Cell_D_00018 0
FabOnDisk: Cell_D_00004 0
FabOnDisk: Cell_D_00008 0
FabOnDisk: Cell_D_00006 0
FabOnDisk: Cell_D_00002 0
FabOnDisk: Cell_D_00000 1106
FabOnDisk: Cell_D_00015 0
FabOnDisk: Cell_D_00003 1106
FabOnDisk: Cell_D_00013 0
FabOnDisk: Cell_D_00007 1107
FabOnDisk: Cell_D_00006 1108
FabOnDisk: Cell_D_00001 1107
FabOnDisk: Cell_D_00011 1108
FabOnDisk: Cell_D_00019 0
FabOnDisk: Cell_D_00005 1108
FabOnDisk: Cell_D_00010 1108
FabOnDisk: Cell_D_00009 1108
FabOnDisk: Cell_D_00004 1108
FabOnDisk: Cell_D_00008 1108
FabOnDisk: Cell_D_00017 0
FabOnDisk: Cell_D_00002 1108

32,1
1.0000000000000000e+00,
1.0000000000000000e+00,
1.0000000000000000e+00,
1.0000000000000000e+00,
1.0000000000076361e+00,
1.0000000000000855e+00,
1.0000000000000000e+00,
1.0000000000076361e+00,
1.0000000000000855e+00,
1.0000000000000000e+00,
1.0007319180863656e+00,
1.0000083069309360e+00,
1.0000000000000855e+00,
1.0007319180863656e+00,
1.0000083069309360e+00,
1.0000000000000855e+00,
1.0000000000000000e+00,
1.0000000000000000e+00,
1.0000000000000000e+00,
1.0000000000000000e+00,
1.0000000000000855e+00,
1.0000000000076361e+00,
1.0000000000000000e+00,
1.0000000000000855e+00,
1.0000000000076361e+00,
1.0000000000000000e+00,
1.0000083069309360e+00,
1.0007319180863659e+00,
1.0000000039555565e+00,
1.0000083069309360e+00,
1.0007319180863659e+00,
1.0000000039555565e+00,

32,1
1.0000000000000000e+00,
1.0000000000000000e+00,
1.0000000000000000e+00,
1.0000000000000000e+00,
1.0012903625788179e+00,
1.0002224864112514e+00,
1.0000000005610172e+00,
1.0012903625788179e+00,
1.0002224864112514e+00,
1.0000000005610172e+00,
1.9841539989575072e+00,
1.1708279700470221e+00,
1.0000004294998128e+00,
1.9841539989575072e+00,
1.1708279700470221e+00,
1.0000004294998128e+00,
1.0000000000000082e+00,
1.0000000000000082e+00,
1.0000000000062812e+00,
1.0000000000062812e+00,
1.0002224864112514e+00,
1.0012903625788179e+00,
1.0000016854852873e+00,
1.0002224864112514e+00,
1.0012903625788179e+00,
1.0000016854852873e+00,
1.1708279700470221e+00,
1.9841539989575074e+00,
1.0012903625788179e+00,
1.1708279700470219e+00,
1.9841539989575074e+00,
1.0012903625788179e+00,

