1
1
1
0
(22 0
((80,0) (87,7) (0,0))
((32,64) (39,79) (0,0))
((88,0) (103,7) (0,0))
((88,64) (103,79) (0,0))
((72,64) (87,79) (0,0))
((56,64) (71,79) (0,0))
((40,64) (55,79) (0,0))
((32,112) (39,127) (0,0))
((32,96) (39,111) (0,0))
((32,80) (39,95) (0,0))
((88,112) (103,127) (0,0))
((88,96) (103,111) (0,0))
((88,80) (103,95) (0,0))
((72,112) (87,127) (0,0))
((72,96) (87,111) (0,0))
((72,80) (87,95) (0,0))
((56,112) (71,127) (0,0))
((56,96) (71,111) (0,0))
((56,80) (71,95) (0,0))
((40,112) (55,127) (0,0))
((40,96) (55,111) (0,0))
((40,80) (55,95) (0,0))
)
22
FabOnDisk: Cell_D_00006 0
FabOnDisk: Cell_D_00007 0
FabOnDisk: Cell_D_00006 594
FabOnDisk: Cell_D_00019 0
FabOnDisk: Cell_D_00015 0
FabOnDisk: Cell_D_00018 0
FabOnDisk: Cell_D_00017 0
FabOnDisk: Cell_D_00011 0
FabOnDisk: Cell_D_00016 0
FabOnDisk: Cell_D_00009 0
FabOnDisk: Cell_D_00004 0
FabOnDisk: Cell_D_00002 0
FabOnDisk: Cell_D_00010 0
FabOnDisk: Cell_D_00003 0
FabOnDisk: Cell_D_00000 0
FabOnDisk: Cell_D_00008 0
FabOnDisk: Cell_D_00014 0
FabOnDisk: Cell_D_00012 0
FabOnDisk: Cell_D_00005 0
FabOnDisk: Cell_D_00013 0
FabOnDisk: Cell_D_00016 1109
FabOnDisk: Cell_D_00001 0

22,1
9.9768350418704255e-01,
9.9803186723236237e-01,
9.9854806777075134e-01,
9.9690309445612191e-01,
9.9835484117072537e-01,
1.0015837928684808e+00,
9.9921550792839198e-01,
9.9922986710096895e-01,
9.9937273596113441e-01,
9.9920566144909451e-01,
9.9938313054473804e-01,
9.9962100573771151e-01,
9.9979321809012767e-01,
1.0001159983093157e+00,
1.0078279757492239e+00,
1.0065062573565653e+00,
1.0013956108171673e+00,
1.1643109871062731e+00,
1.1638532717377390e+00,
9.9995511412119298e-01,
1.0080936246775343e+00,
1.0065854654198529e+00,

22,1
1.0103691990559092e+00,
1.0039674978144748e+00,
1.0104021571072701e+00,
1.0052797564365157e+00,
1.1223248036541424e+00,
1.1897572637266258e+00,
1.1222280351319445e+00,
1.0056030671507903e+00,
1.0245873887491634e+00,
1.0245767258143619e+00,
1.0045466163824905e+00,
1.0246739853374276e+00,
1.0249257999640240e+00,
1.1226688955150479e+00,
1.6405472015781286e+00,
1.6412927779270712e+00,
1.1925290433246569e+00,
1.9819437037925898e+00,
1.9821823662865989e+00,
1.1234933632707733e+00,
1.6419386871198121e+00,
1.6420323713263549e+00,

