1
1
1
0
(32 0
((0,0) (15,7) (0,0))
((48,0) (63,7) (0,0))
((32,0) (47,7) (0,0))
((16,0) (31,7) (0,0))
((0,48) (15,55) (0,0))
((0,32) (15,39) (0,0))
((0,16) (15,23) (0,0))
((48,48) (63,55) (0,0))
((48,32) (63,39) (0,0))
((48,16) (63,23) (0,0))
((32,48) (47,55) (0,0))
((32,32) (47,39) (0,0))
((32,16) (47,23) (0,0))
((16,48) (31,55) (0,0))
((16,32) (31,39) (0,0))
((16,16) (31,23) (0,0))
((0,8) (15,15) (0,0))
((48,8) (63,15) (0,0))
((32,8) (47,15) (0,0))
((16,8) (31,15) (0,0))
((0,56) (15,63) (0,0))
((0,40) (15,47) (0,0))
((0,24) (15,31) (0,0))
((48,56) (63,63) (0,0))
((48,40) (63,47) (0,0))
((48,24) (63,31) (0,0))
((32,56) (47,63) (0,0))
((32,40) (47,47) (0,0))
((32,24) (47,31) (0,0))
((16,56) (31,63) (0,0))
((16,40) (31,47) (0,0))
((16,24) (31,31) (0,0))
)
32
FabOnDisk: Cell_D_00012 0
FabOnDisk: Cell_D_00003 0
FabOnDisk: Cell_D_00014 0
FabOnDisk: Cell_D_00000 0
FabOnDisk: Cell_D_00007 0
FabOnDisk: Cell_D_00016 0
FabOnDisk: Cell_D_00001 0
FabOnDisk: Cell_D_00011 0
FabOnDisk: Cell_D_00009 0
FabOnDisk: Cell_D_00005 0
FabOnDisk: Cell_D_00010 0
FabOnDisk: Cell_D_00018 0
FabOnDisk: Cell_D_00004 0
FabOnDisk: Cell_D_00008 0
FabOnDisk: Cell_D_00006 0
FabOnDisk: Cell_D_00002 0
FabOnDisk: Cell_D_00000 1106
FabOnDisk: Cell_D_00015 0
FabOnDisk: Cell_D_00003 1106
FabOnDisk: Cell_D_00013 0
FabOnDisk: Cell_D_00007 1107
FabOnDisk: Cell_D_00006 1108
FabOnDisk: Cell_D_00001 1107
FabOnDisk: Cell_D_00011 1108
FabOnDisk: Cell_D_00019 0
FabOnDisk: Cell_D_00005 1108
FabOnDisk: Cell_D_00010 1108
FabOnDisk: Cell_D_00009 1108
FabOnDisk: Cell_D_00004 1108
FabOnDisk: Cell_D_00008 1108
FabOnDisk: Cell_D_00017 0
FabOnDisk: Cell_D_00002 1108

32,1
9.9922285934193344e-01,
9.9653230621285738e-01,
9.9731431924424685e-01,
9.9650206442588363e-01,
9.9999996211812892e-01,
9.9999927178379300e-01,
9.9999999972401665e-01,
9.9940370175137705e-01,
9.9960696936798221e-01,
9.9931725948611361e-01,
9.9747549677100911e-01,
9.9854378610750916e-01,
9.9828360536552796e-01,
9.9542580451412754e-01,
9.9668236528440624e-01,
9.9826621196467724e-01,
9.9999999997655997e-01,
9.9941151821623309e-01,
9.9891514573225426e-01,
9.9897350952662267e-01,
9.9993571889484434e-01,
9.9999796553885900e-01,
9.9999997729180334e-01,
9.9959802943130538e-01,
9.9942239973975444e-01,
9.9938174377219935e-01,
1.0000536297486287e+00,
9.9744418184424111e-01,
1.0034545038685161e+00,
9.9873785461013542e-01,
9.9547095676084940e-01,
9.9881735649538805e-01,

32,1
1.0000000022524711e+00,
1.0103958006712894e+00,
1.0102458972226069e+00,
1.0000013816018714e+00,
1.0000055586416883e+00,
1.0000000892402516e+00,
1.0000000068939932e+00,
1.3723622685082437e+00,
1.8286887915897387e+00,
1.0027347187454496e+00,
1.5230927838689434e+00,
1.9698215484161623e+00,
1.0389633979063833e+00,
1.0027264545223871e+00,
1.0010304727162502e+00,
1.0052933751119950e+00,
1.0000000000009557e+00,
1.0003621484072236e+00,
1.0008610523454677e+00,
1.0000856308489889e+00,
1.0000058568811308e+00,
1.0000000117091818e+00,
1.0000000626906664e+00,
1.0122159295054574e+00,
1.8250007763540910e+00,
1.2642672612252641e+00,
1.1053889515366913e+00,
1.9470033527782404e+00,
1.6965851780532306e+00,
1.0076341752762332e+00,
1.0010537824131693e+00,
1.0063116355645467e+00,

