1
1
1
0
(29 0
((80,0) (87,7) (0,0))
((48,24) (55,31) (0,0))
((80,64) (87,79) (0,0))
((72,112) (79,127) (0,0))
((88,0) (103,7) (0,0))
((104,24) (119,31) (0,0))
((88,24) (103,31) (0,0))
((72,24) (87,31) (0,0))
((56,24) (71,31) (0,0))
((104,64) (119,79) (0,0))
((88,64) (103,79) (0,0))
((96,112) (111,127) (0,0))
((80,112) (95,127) (0,0))
((48,48) (55,63) (0,0))
((48,32) (55,47) (0,0))
((80,96) (87,111) (0,0))
((80,80) (87,95) (0,0))
((104,48) (119,63) (0,0))
((104,32) (119,47) (0,0))
((88,48) (103,63) (0,0))
((88,32) (103,47) (0,0))
((72,48) (87,63) (0,0))
((72,32) (87,47) (0,0))
((56,48) (71,63) (0,0))
((56,32) (71,47) (0,0))
((104,96) (119,111) (0,0))
((104,80) (119,95) (0,0))
((88,96) (103,111) (0,0))
((88,80) (103,95) (0,0))
)
29
FabOnDisk: Cell_D_00012 0
FabOnDisk: Cell_D_00006 0
FabOnDisk: Cell_D_00013 0
FabOnDisk: Cell_D_00001 0
FabOnDisk: Cell_D_00007 0
FabOnDisk: Cell_D_00009 0
FabOnDisk: Cell_D_00007 1107
FabOnDisk: Cell_D_00007 2216
FabOnDisk: Cell_D_00006 596
FabOnDisk: Cell_D_00000 0
FabOnDisk: Cell_D_00010 0
FabOnDisk: Cell_D_00003 0
FabOnDisk: Cell_D_00005 0
FabOnDisk: Cell_D_00004 0
FabOnDisk: Cell_D_00008 0
FabOnDisk: Cell_D_00011 0
FabOnDisk: Cell_D_00010 2133
FabOnDisk: Cell_D_00017 0
FabOnDisk: Cell_D_00019 0
FabOnDisk: Cell_D_00019 2134
FabOnDisk: Cell_D_00015 0
FabOnDisk: Cell_D_00016 0
FabOnDisk: Cell_D_00014 0
FabOnDisk: Cell_D_00012 594
FabOnDisk: Cell_D_00004 1108
FabOnDisk: Cell_D_00003 2135
FabOnDisk: Cell_D_00011 1109
FabOnDisk: Cell_D_00002 0
FabOnDisk: Cell_D_00018 0

29,1
1.0000001422186466e+00,
9.9941639070666111e-01,
9.9546299561605300e-01,
9.9723732401836696e-01,
9.9961484802534029e-01,
1.0000000000012952e+00,
1.0003911409848520e+00,
1.0020945199688325e+00,
9.9999775097685162e-01,
9.9905941819543909e-01,
9.9862887190952632e-01,
1.0000000054936178e+00,
1.0000187608387063e+00,
1.0024123363469037e+00,
9.9940329038351583e-01,
9.9498195130368139e-01,
9.9488216636012250e-01,
9.9904983452829177e-01,
9.9999420287866925e-01,
1.0084444246546134e+00,
1.0000560902111915e+00,
9.9985240633603711e-01,
1.0033654751181429e+00,
9.9991194838331987e-01,
1.0041401769731604e+00,
9.9896524177622181e-01,
9.9911656450778541e-01,
9.9857842251144324e-01,
9.9657887228191433e-01,

29,1
1.0105439677975787e+00,
1.0025402298079762e+00,
1.0031949745315021e+00,
1.0162791713223982e+00,
1.0102606312821198e+00,
1.0020705173934861e+00,
1.0023239837162805e+00,
1.0060602162272119e+00,
1.0050230347527853e+00,
1.6078251969360029e+00,
1.7806568504002729e+00,
1.0620144492078343e+00,
1.0697053237987464e+00,
1.0642814935166982e+00,
1.0637250639694635e+00,
1.0258808883703554e+00,
9.9811449996332524e-01,
1.4657493707921465e+00,
1.0074248930336227e+00,
1.9908694320335041e+00,
1.9885769485821787e+00,
1.6973447609011785e+00,
1.9499930332832294e+00,
1.1989708256019018e+00,
1.5353768650844510e+00,
1.1911254831611293e+00,
1.4896684976213359e+00,
1.2465120773034175e+00,
1.4894622309750605e+00,

