1
1
1
0
(64 0
((0,0,0) (15,15,15) (0,0,0))
((48,0,0) (63,15,15) (0,0,0))
((32,0,0) (47,15,15) (0,0,0))
((16,0,0) (31,15,15) (0,0,0))
((0,48,0) (15,63,15) (0,0,0))
((0,32,0) (15,47,15) (0,0,0))
((0,16,0) (15,31,15) (0,0,0))
((48,48,0) (63,63,15) (0,0,0))
((48,32,0) (63,47,15) (0,0,0))
((48,16,0) (63,31,15) (0,0,0))
((32,48,0) (47,63,15) (0,0,0))
((32,32,0) (47,47,15) (0,0,0))
((32,16,0) (47,31,15) (0,0,0))
((16,48,0) (31,63,15) (0,0,0))
((16,32,0) (31,47,15) (0,0,0))
((16,16,0) (31,31,15) (0,0,0))
((0,0,48) (15,15,63) (0,0,0))
((0,0,32) (15,15,47) (0,0,0))
((0,0,16) (15,15,31) (0,0,0))
((48,0,48) (63,15,63) (0,0,0))
((48,0,32) (63,15,47) (0,0,0))
((48,0,16) (63,15,31) (0,0,0))
((32,0,48) (47,15,63) (0,0,0))
((32,0,32) (47,15,47) (0,0,0))
((32,0,16) (47,15,31) (0,0,0))
((16,0,48) (31,15,63) (0,0,0))
((16,0,32) (31,15,47) (0,0,0))
((16,0,16) (31,15,31) (0,0,0))
((0,48,48) (15,63,63) (0,0,0))
((0,48,32) (15,63,47) (0,0,0))
((0,48,16) (15,63,31) (0,0,0))
((0,32,48) (15,47,63) (0,0,0))
((0,32,32) (15,47,47) (0,0,0))
((0,32,16) (15,47,31) (0,0,0))
((0,16,48) (15,31,63) (0,0,0))
((0,16,32) (15,31,47) (0,0,0))
((0,16,16) (15,31,31) (0,0,0))
((48,48,48) (63,63,63) (0,0,0))
((48,48,32) (63,63,47) (0,0,0))
((48,48,16) (63,63,31) (0,0,0))
((48,32,48) (63,47,63) (0,0,0))
((48,32,32) (63,47,47) (0,0,0))
((48,32,16) (63,47,31) (0,0,0))
((48,16,48) (63,31,63) (0,0,0))
((48,16,32) (63,31,47) (0,0,0))
((48,16,16) (63,31,31) (0,0,0))
((32,48,48) (47,63,63) (0,0,0))
((32,48,32) (47,63,47) (0,0,0))
((32,48,16) (47,63,31) (0,0,0))
((32,32,48) (47,47,63) (0,0,0))
((32,32,32) (47,47,47) (0,0,0))
((32,32,16) (47,47,31) (0,0,0))
((32,16,48) (47,31,63) (0,0,0))
((32,16,32) (47,31,47) (0,0,0))
((32,16,16) (47,31,31) (0,0,0))
((16,48,48) (31,63,63) (0,0,0))
((16,48,32) (31,63,47) (0,0,0))
((16,48,16) (31,63,31) (0,0,0))
((16,32,48) (31,47,63) (0,0,0))
((16,32,32) (31,47,47) (0,0,0))
((16,32,16) (31,47,31) (0,0,0))
((16,16,48) (31,31,63) (0,0,0))
((16,16,32) (31,31,47) (0,0,0))
((16,16,16) (31,31,31) (0,0,0))
)
64
FabOnDisk: Cell_D_00000 0
FabOnDisk: Cell_D_00000 32857
FabOnDisk: Cell_D_00000 65715
FabOnDisk: Cell_D_00000 98573
FabOnDisk: Cell_D_00000 131431
FabOnDisk: Cell_D_00000 164289
FabOnDisk: Cell_D_00000 197147
FabOnDisk: Cell_D_00000 230005
FabOnDisk: Cell_D_00000 262864
FabOnDisk: Cell_D_00000 295723
FabOnDisk: Cell_D_00000 328582
FabOnDisk: Cell_D_00000 361441
FabOnDisk: Cell_D_00000 394300
FabOnDisk: Cell_D_00000 427159
FabOnDisk: Cell_D_00000 460018
FabOnDisk: Cell_D_00000 492877
FabOnDisk: Cell_D_00000 525736
FabOnDisk: Cell_D_00000 558594
FabOnDisk: Cell_D_00000 591452
FabOnDisk: Cell_D_00000 624310
FabOnDisk: Cell_D_00000 657169
FabOnDisk: Cell_D_00000 690028
FabOnDisk: Cell_D_00000 722887
FabOnDisk: Cell_D_00000 755746
FabOnDisk: Cell_D_00000 788605
FabOnDisk: Cell_D_00000 821464
FabOnDisk: Cell_D_00000 854323
FabOnDisk: Cell_D_00000 887182
FabOnDisk: Cell_D_00000 920041
FabOnDisk: Cell_D_00000 952900
FabOnDisk: Cell_D_00000 985759
FabOnDisk: Cell_D_00000 1018618
FabOnDisk: Cell_D_00000 1051477
FabOnDisk: Cell_D_00000 1084336
FabOnDisk: Cell_D_00000 1117195
FabOnDisk: Cell_D_00000 1150054
FabOnDisk: Cell_D_00000 1182913
FabOnDisk: Cell_D_00000 1215772
FabOnDisk: Cell_D_00000 1248632
FabOnDisk: Cell_D_00000 1281492
FabOnDisk: Cell_D_00000 1314352
FabOnDisk: Cell_D_00000 1347212
FabOnDisk: Cell_D_00000 1380072
FabOnDisk: Cell_D_00000 1412932
FabOnDisk: Cell_D_00000 1445792
FabOnDisk: Cell_D_00000 1478652
FabOnDisk: Cell_D_00000 1511512
FabOnDisk: Cell_D_00000 1544372
FabOnDisk: Cell_D_00000 1577232
FabOnDisk: Cell_D_00000 1610092
FabOnDisk: Cell_D_00000 1642952
FabOnDisk: Cell_D_00000 1675812
FabOnDisk: Cell_D_00000 1708672
FabOnDisk: Cell_D_00000 1741532
FabOnDisk: Cell_D_00000 1774392
FabOnDisk: Cell_D_00000 1807252
FabOnDisk: Cell_D_00000 1840112
FabOnDisk: Cell_D_00000 1872972
FabOnDisk: Cell_D_00000 1905832
FabOnDisk: Cell_D_00000 1938692
FabOnDisk: Cell_D_00000 1971552
FabOnDisk: Cell_D_00000 2004412
FabOnDisk: Cell_D_00000 2037272
FabOnDisk: Cell_D_00000 2070132

64,1
1.0000000000000000e+00,
1.0000000000000000e+00,
1.0000000000000000e+00,
1.0000000000000000e+00,
1.0000000000000000e+00,
1.0000000000000000e+00,
1.0000000000000000e+00,
1.0000000000000000e+00,
1.0000000000000000e+00,
1.0000000000000000e+00,
1.0000000000000002e+00,
1.0000000000000002e+00,
1.0000000000000000e+00,
1.0000000000000002e+00,
1.0000000000000002e+00,
1.0000000000000000e+00,
1.0000000000000000e+00,
1.0000000000000000e+00,
1.0000000000000000e+00,
1.0000000000000000e+00,
1.0000000000000000e+00,
1.0000000000000000e+00,
1.0000000000000000e+00,
1.0000000000000000e+00,
1.0000000000000000e+00,
1.0000000000000000e+00,
1.0000000000000000e+00,
1.0000000000000000e+00,
1.0000000000000000e+00,
1.0000000000000002e+00,
1.0000000000000002e+00,
1.0000000000000000e+00,
1.0000000000000002e+00,
1.0000000000000002e+00,
1.0000000000000000e+00,
1.0000000000000000e+00,
1.0000000000000000e+00,
1.0000000000000000e+00,
1.0000000000000002e+00,
1.0000000000000002e+00,
1.0000000000000000e+00,
1.0000000000000002e+00,
1.0000000000000002e+00,
1.0000000000000000e+00,
1.0000000000000000e+00,
1.0000000000000000e+00,
1.0000000000000002e+00,
1.0000000228015904e+00,
1.0000000228015904e+00,
1.0000000000000002e+00,
1.0000000228015904e+00,
1.0000000228015904e+00,
1.0000000000000000e+00,
1.0000000000000002e+00,
1.0000000000000002e+00,
1.0000000000000002e+00,
1.0000000228015904e+00,
1.0000000228015904e+00,
1.0000000000000002e+00,
1.0000000228015904e+00,
1.0000000228015904e+00,
1.0000000000000000e+00,
1.0000000000000002e+00,
1.0000000000000002e+00,

64,1
1.0000000000000000e+00,
1.0000000000000000e+00,
1.0000000000000082e+00,
1.0000000000000082e+00,
1.0000016752292324e+00,
1.0000016752292324e+00,
1.0000000021882023e+00,
1.0000016752292324e+00,
1.0000016752292324e+00,
1.0000000021882023e+00,
1.0012825108167074e+00,
1.0012825108167074e+00,
1.0000016752292324e+00,
1.0012825108167074e+00,
1.0012825108167074e+00,
1.0000016752292324e+00,
1.0000000000000000e+00,
1.0000000000000082e+00,
1.0000000000000082e+00,
1.0000000000000000e+00,
1.0000000000000082e+00,
1.0000000000000082e+00,
1.0000000000000082e+00,
1.0000000000062430e+00,
1.0000000000062430e+00,
1.0000000000000082e+00,
1.0000000000062430e+00,
1.0000000000062430e+00,
1.0000016752292324e+00,
1.0012825108167074e+00,
1.0012825108167074e+00,
1.0000016752292324e+00,
1.0012825108167074e+00,
1.0012825108167074e+00,
1.0000000021882023e+00,
1.0000016752292324e+00,
1.0000016752292324e+00,
1.0000016752292324e+00,
1.0012825108167074e+00,
1.0012825108167074e+00,
1.0000016752292324e+00,
1.0012825108167074e+00,
1.0012825108167074e+00,
1.0000000021882023e+00,
1.0000016752292324e+00,
1.0000016752292324e+00,
1.0012825108167074e+00,
1.9818560726735446e+00,
1.9818560726735446e+00,
1.0012825108167074e+00,
1.9818560726735446e+00,
1.9818560726735446e+00,
1.0000016752292324e+00,
1.0012825108167074e+00,
1.0012825108167074e+00,
1.0012825108167074e+00,
1.9818560726735446e+00,
1.9818560726735446e+00,
1.0012825108167074e+00,
1.9818560726735446e+00,
1.9818560726735446e+00,
1.0000016752292324e+00,
1.0012825108167074e+00,
1.0012825108167074e+00,

