1
1
1
0
(32 0
((0,0) (15,7) (0,0))
((48,0) (63,7) (0,0))
((32,0) (47,7) (0,0))
((16,0) (31,7) (0,0))
((0,48) (15,55) (0,0))
((0,32) (15,39) (0,0))
((0,16) (15,23) (0,0))
((48,48) (63,55) (0,0))
((48,32) (63,39) (0,0))
((48,16) (63,23) (0,0))
((32,48) (47,55) (0,0))
((32,32) (47,39) (0,0))
((32,16) (47,23) (0,0))
((16,48) (31,55) (0,0))
((16,32) (31,39) (0,0))
((16,16) (31,23) (0,0))
((0,8) (15,15) (0,0))
((48,8) (63,15) (0,0))
((32,8) (47,15) (0,0))
((16,8) (31,15) (0,0))
((0,56) (15,63) (0,0))
((0,40) (15,47) (0,0))
((0,24) (15,31) (0,0))
((48,56) (63,63) (0,0))
((48,40) (63,47) (0,0))
((48,24) (63,31) (0,0))
((32,56) (47,63) (0,0))
((32,40) (47,47) (0,0))
((32,24) (47,31) (0,0))
((16,56) (31,63) (0,0))
((16,40) (31,47) (0,0))
((16,24) (31,31) (0,0))
)
32
FabOnDisk: Cell_D_00012 0
FabOnDisk: Cell_D_00003 0
FabOnDisk: Cell_D_00014 0
FabOnDisk: Cell_D_00000 0
FabOnDisk: Cell_D_00007 0
FabOnDisk: Cell_D_00016 0
FabOnDisk: Cell_D_00001 0
FabOnDisk: Cell_D_00011 0
FabOnDisk: Cell_D_00009 0
FabOnDisk: Cell_D_00005 0
FabOnDisk: Cell_D_00010 0
FabOnDisk: Cell_D_00018 0
FabOnDisk: Cell_D_00004 0
FabOnDisk: Cell_D_00008 0
FabOnDisk: Cell_D_00006 0
FabOnDisk: Cell_D_00002 0
FabOnDisk: Cell_D_00000 1106
FabOnDisk: Cell_D_00015 0
FabOnDisk: Cell_D_00003 1106
FabOnDisk: Cell_D_00013 0
FabOnDisk: Cell_D_00007 1107
FabOnDisk: Cell_D_00006 1108
FabOnDisk: Cell_D_00001 1107
FabOnDisk: Cell_D_00011 1108
FabOnDisk: Cell_D_00019 0
FabOnDisk: Cell_D_00005 1108
FabOnDisk: Cell_D_00010 1108
FabOnDisk: Cell_D_00009 1108
FabOnDisk: Cell_D_00004 1108
FabOnDisk: Cell_D_00008 1108
FabOnDisk: Cell_D_00017 0
FabOnDisk: Cell_D_00002 1108

32,1
9.9902661127625969e-01,
9.9817462849018546e-01,
9.9881884569975732e-01,
9.9644637569229033e-01,
1.0000000000082241e+00,
9.9999999667974182e-01,
9.9999999386411642e-01,
9.9929906397796597e-01,
9.9934055914392450e-01,
9.9905991167222230e-01,
9.9542151924966571e-01,
9.9630310999268801e-01,
1.0015305236629437e+00,
9.9785419925142183e-01,
9.9753825277028696e-01,
9.9890627740664384e-01,
9.9999999930513339e-01,
9.9917740443138625e-01,
9.9993749831994783e-01,
9.9879725715819856e-01,
9.9994993874312843e-01,
9.9999999798709949e-01,
9.9999995249705476e-01,
9.9949662118137583e-01,
9.9930077252954796e-01,
9.9932919701324674e-01,
9.9913224864034300e-01,
9.9541465510015292e-01,
1.0032634029757739e+00,
9.9743726298954227e-01,
9.9758396294244467e-01,
9.9971724550080754e-01,

32,1
1.0000000038698225e+00,
1.0104083803978736e+00,
1.0102580449145431e+00,
1.0002342468049701e+00,
1.0000014193119784e+00,
1.0000001749924781e+00,
1.0000000029362837e+00,
1.3454879348914943e+00,
1.9751540364676718e+00,
1.0401835785037272e+00,
1.2623522791784092e+00,
1.8720525026139727e+00,
1.4755259026365235e+00,
1.0001295689354377e+00,
1.0010664757734411e+00,
1.0300715762161499e+00,
1.0000000000060705e+00,
1.0015893605132151e+00,
1.0035140689031852e+00,
1.0017784220729562e+00,
1.0000022242103139e+00,
1.0000000008060215e+00,
1.0000001595643815e+00,
1.0303856581551156e+00,
1.6875432740356771e+00,
1.9660803586260012e+00,
1.0808769923601000e+00,
1.3128447250285147e+00,
1.9766934789331470e+00,
1.0036523933391148e+00,
1.0000537456194902e+00,
1.0346194349427100e+00,

