1
1
1
0
(26 0
((72,0) (87,7) (0,0))
((56,32) (63,47) (0,0))
((88,0) (103,7) (0,0))
((96,32) (111,47) (0,0))
((80,32) (95,47) (0,0))
((64,32) (79,47) (0,0))
((56,112) (63,127) (0,0))
((56,96) (63,111) (0,0))
((56,80) (63,95) (0,0))
((56,64) (63,79) (0,0))
((56,48) (63,63) (0,0))
((96,112) (111,127) (0,0))
((96,96) (111,111) (0,0))
((96,80) (111,95) (0,0))
((96,64) (111,79) (0,0))
((96,48) (111,63) (0,0))
((80,112) (95,127) (0,0))
((80,96) (95,111) (0,0))
((80,80) (95,95) (0,0))
((80,64) (95,79) (0,0))
((80,48) (95,63) (0,0))
((64,112) (79,127) (0,0))
((64,96) (79,111) (0,0))
((64,80) (79,95) (0,0))
((64,64) (79,79) (0,0))
((64,48) (79,63) (0,0))
)
26
FabOnDisk: phi_D_00015 0
FabOnDisk: phi_D_00019 0
FabOnDisk: phi_D_00015 1106
FabOnDisk: phi_D_00005 0
FabOnDisk: phi_D_00011 0
FabOnDisk: phi_D_00008 0
FabOnDisk: phi_D_00018 0
FabOnDisk: phi_D_00006 0
FabOnDisk: phi_D_00006 1109
FabOnDisk: phi_D_00017 0
FabOnDisk: phi_D_00019 1108
FabOnDisk: phi_D_00016 0
FabOnDisk: phi_D_00016 2135
FabOnDisk: phi_D_00002 0
FabOnDisk: phi_D_00001 0
FabOnDisk: phi_D_00017 1108
FabOnDisk: phi_D_00010 0
FabOnDisk: phi_D_00007 0
FabOnDisk: phi_D_00000 0
FabOnDisk: phi_D_00012 0
FabOnDisk: phi_D_00003 0
FabOnDisk: phi_D_00009 0
FabOnDisk: phi_D_00004 0
FabOnDisk: phi_D_00013 0
FabOnDisk: phi_D_00018 1110
FabOnDisk: phi_D_00014 0

26,1
9.9898801733330589e-01,
9.9977942312738133e-01,
9.9970959914213997e-01,
9.9987170770011358e-01,
1.0014211072881543e+00,
1.0021849358348431e+00,
9.9743438554935815e-01,
9.9775415049734639e-01,
9.9744357339768241e-01,
9.9744765754249942e-01,
1.0003889835953905e+00,
9.9937209760550960e-01,
9.9949213952133042e-01,
9.9973186653044066e-01,
1.0000689438829757e+00,
9.9966473885037521e-01,
1.0000199959213181e+00,
1.0007630370385217e+00,
9.9964439702332686e-01,
1.0001594331685133e+00,
1.0355561638037760e+00,
9.9891850431291573e-01,
9.9539175883074749e-01,
9.9538924255970240e-01,
9.9617154881131753e-01,
1.0025453314293578e+00,

26,1
1.0104856235038455e+00,
1.0365178596416822e+00,
1.0104088226539634e+00,
1.0592872796813566e+00,
1.5208729855222032e+00,
1.4274435552433649e+00,
1.0037976495196925e+00,
1.0004265885684351e+00,
1.0002669896458789e+00,
1.0015027365286329e+00,
1.0397308474058184e+00,
1.0403394228367555e+00,
1.3583668594026883e+00,
1.7221968110037187e+00,
1.9842432148907780e+00,
1.9858912242433329e+00,
1.0871494283632415e+00,
1.2887016710163610e+00,
1.3656604182288912e+00,
1.9415626065798861e+00,
1.9851148060403276e+00,
1.0311344625484935e+00,
1.0206856095988524e+00,
1.0000690271216821e+00,
1.0207244675638283e+00,
1.4455813849402648e+00,

