Checkpoint file for AmrCoreAdv
2
100 200 400 
0.011669089032262919 0.0058345445161314593 0.0029172722580657296 
1.7854107725789783 1.7854107725789783 1.7854107725789783 
(32 0
((0,0) (15,7) (0,0))
((48,0) (63,7) (0,0))
((32,0) (47,7) (0,0))
((16,0) (31,7) (0,0))
((0,48) (15,55) (0,0))
((0,32) (15,39) (0,0))
((0,16) (15,23) (0,0))
((48,48) (63,55) (0,0))
((48,32) (63,39) (0,0))
((48,16) (63,23) (0,0))
((32,48) (47,55) (0,0))
((32,32) (47,39) (0,0))
((32,16) (47,23) (0,0))
((16,48) (31,55) (0,0))
((16,32) (31,39) (0,0))
((16,16) (31,23) (0,0))
((0,8) (15,15) (0,0))
((48,8) (63,15) (0,0))
((32,8) (47,15) (0,0))
((16,8) (31,15) (0,0))
((0,56) (15,63) (0,0))
((0,40) (15,47) (0,0))
((0,24) (15,31) (0,0))
((48,56) (63,63) (0,0))
((48,40) (63,47) (0,0))
((48,24) (63,31) (0,0))
((32,56) (47,63) (0,0))
((32,40) (47,47) (0,0))
((32,24) (47,31) (0,0))
((16,56) (31,63) (0,0))
((16,40) (31,47) (0,0))
((16,24) (31,31) (0,0))
)
(22 0
((80,0) (87,7) (0,0))
((56,48) (63,63) (0,0))
((88,0) (103,7) (0,0))
((96,48) (111,63) (0,0))
((80,48) (95,63) (0,0))
((64,48) (79,63) (0,0))
((56,112) (63,127) (0,0))
((56,96) (63,111) (0,0))
((56,80) (63,95) (0,0))
((56,64) (63,79) (0,0))
((96,112) (111,127) (0,0))
((96,96) (111,111) (0,0))
((96,80) (111,95) (0,0))
((96,64) (111,79) (0,0))
((80,112) (95,127) (0,0))
((80,96) (95,111) (0,0))
((80,80) (95,95) (0,0))
((80,64) (95,79) (0,0))
((64,112) (79,127) (0,0))
((64,96) (79,111) (0,0))
((64,80) (79,95) (0,0))
((64,64) (79,79) (0,0))
)
(32 0
((136,112) (151,119) (0,0))
((184,112) (199,119) (0,0))
((168,112) (183,119) (0,0))
((152,112) (167,119) (0,0))
((136,216) (151,231) (0,0))
((136,200) (151,215) (0,0))
((136,184) (151,199) (0,0))
((136,168) (151,183) (0,0))
((136,152) (151,167) (0,0))
((136,136) (151,151) (0,0))
((136,120) (151,135) (0,0))
((184,216) (199,231) (0,0))
((184,200) (199,215) (0,0))
((184,184) (199,199) (0,0))
((184,168) (199,183) (0,0))
((184,152) (199,167) (0,0))
((184,136) (199,151) (0,0))
((184,120) (199,135) (0,0))
((168,216) (183,231) (0,0))
((168,200) (183,215) (0,0))
((168,184) (183,199) (0,0))
((168,168) (183,183) (0,0))
((168,152) (183,167) (0,0))
((168,136) (183,151) (0,0))
((168,120) (183,135) (0,0))
((152,216) (167,231) (0,0))
((152,200) (167,215) (0,0))
((152,184) (167,199) (0,0))
((152,168) (167,183) (0,0))
((152,152) (167,167) (0,0))
((152,136) (167,151) (0,0))
((152,120) (167,135) (0,0))
)
