Checkpoint file for AmrCoreAdv
2
0 0 0 
1e+100 1e+100 1e+100 
0 0 0 
(32 0
((0,0) (15,7) (0,0))
((48,0) (63,7) (0,0))
((32,0) (47,7) (0,0))
((16,0) (31,7) (0,0))
((0,48) (15,55) (0,0))
((0,32) (15,39) (0,0))
((0,16) (15,23) (0,0))
((48,48) (63,55) (0,0))
((48,32) (63,39) (0,0))
((48,16) (63,23) (0,0))
((32,48) (47,55) (0,0))
((32,32) (47,39) (0,0))
((32,16) (47,23) (0,0))
((16,48) (31,55) (0,0))
((16,32) (31,39) (0,0))
((16,16) (31,23) (0,0))
((0,8) (15,15) (0,0))
((48,8) (63,15) (0,0))
((32,8) (47,15) (0,0))
((16,8) (31,15) (0,0))
((0,56) (15,63) (0,0))
((0,40) (15,47) (0,0))
((0,24) (15,31) (0,0))
((48,56) (63,63) (0,0))
((48,40) (63,47) (0,0))
((48,24) (63,31) (0,0))
((32,56) (47,63) (0,0))
((32,40) (47,47) (0,0))
((32,24) (47,31) (0,0))
((16,56) (31,63) (0,0))
((16,40) (31,47) (0,0))
((16,24) (31,31) (0,0))
)
(32 0
((32,64) (47,71) (0,0))
((80,64) (95,71) (0,0))
((64,64) (79,71) (0,0))
((48,64) (63,71) (0,0))
((32,112) (47,119) (0,0))
((32,96) (47,103) (0,0))
((32,80) (47,87) (0,0))
((80,112) (95,119) (0,0))
((80,96) (95,103) (0,0))
((80,80) (95,87) (0,0))
((64,112) (79,119) (0,0))
((64,96) (79,103) (0,0))
((64,80) (79,87) (0,0))
((48,112) (63,119) (0,0))
((48,96) (63,103) (0,0))
((48,80) (63,87) (0,0))
((32,72) (47,79) (0,0))
((80,72) (95,79) (0,0))
((64,72) (79,79) (0,0))
((48,72) (63,79) (0,0))
((32,120) (47,127) (0,0))
((32,104) (47,111) (0,0))
((32,88) (47,95) (0,0))
((80,120) (95,127) (0,0))
((80,104) (95,111) (0,0))
((80,88) (95,95) (0,0))
((64,120) (79,127) (0,0))
((64,104) (79,111) (0,0))
((64,88) (79,95) (0,0))
((48,120) (63,127) (0,0))
((48,104) (63,111) (0,0))
((48,88) (63,95) (0,0))
)
(25 0
((88,152) (103,167) (0,0))
((152,152) (167,167) (0,0))
((136,152) (151,167) (0,0))
((120,152) (135,167) (0,0))
((104,152) (119,167) (0,0))
((88,216) (103,231) (0,0))
((88,200) (103,215) (0,0))
((88,184) (103,199) (0,0))
((88,168) (103,183) (0,0))
((152,216) (167,231) (0,0))
((152,200) (167,215) (0,0))
((152,184) (167,199) (0,0))
((152,168) (167,183) (0,0))
((136,216) (151,231) (0,0))
((136,200) (151,215) (0,0))
((136,184) (151,199) (0,0))
((136,168) (151,183) (0,0))
((120,216) (135,231) (0,0))
((120,200) (135,215) (0,0))
((120,184) (135,199) (0,0))
((120,168) (135,183) (0,0))
((104,216) (119,231) (0,0))
((104,200) (119,215) (0,0))
((104,184) (119,199) (0,0))
((104,168) (119,183) (0,0))
)
