1
1
1
0
(36 0
((128,80) (143,95) (0,0))
((144,112) (159,127) (0,0))
((168,128) (175,143) (0,0))
((176,80) (183,95) (0,0))
((160,80) (175,95) (0,0))
((144,80) (159,95) (0,0))
((160,112) (175,127) (0,0))
((200,80) (215,95) (0,0))
((184,80) (199,95) (0,0))
((128,96) (143,111) (0,0))
((176,208) (183,223) (0,0))
((176,192) (183,207) (0,0))
((176,176) (183,191) (0,0))
((176,160) (183,175) (0,0))
((176,144) (183,159) (0,0))
((176,128) (183,143) (0,0))
((176,112) (183,127) (0,0))
((176,96) (183,111) (0,0))
((160,96) (175,111) (0,0))
((144,96) (159,111) (0,0))
((200,208) (215,223) (0,0))
((200,192) (215,207) (0,0))
((200,176) (215,191) (0,0))
((200,160) (215,175) (0,0))
((200,144) (215,159) (0,0))
((200,128) (215,143) (0,0))
((200,112) (215,127) (0,0))
((200,96) (215,111) (0,0))
((184,208) (199,223) (0,0))
((184,192) (199,207) (0,0))
((184,176) (199,191) (0,0))
((184,160) (199,175) (0,0))
((184,144) (199,159) (0,0))
((184,128) (199,143) (0,0))
((184,112) (199,127) (0,0))
((184,96) (199,111) (0,0))
)
36
FabOnDisk: Cell_D_00012 0
FabOnDisk: Cell_D_00009 0
FabOnDisk: Cell_D_00018 0
FabOnDisk: Cell_D_00004 0
FabOnDisk: Cell_D_00007 0
FabOnDisk: Cell_D_00007 2134
FabOnDisk: Cell_D_00014 0
FabOnDisk: Cell_D_00010 0
FabOnDisk: Cell_D_00004 1110
FabOnDisk: Cell_D_00016 0
FabOnDisk: Cell_D_00011 0
FabOnDisk: Cell_D_00008 0
FabOnDisk: Cell_D_00005 0
FabOnDisk: Cell_D_00003 0
FabOnDisk: Cell_D_00015 0
FabOnDisk: Cell_D_00018 1112
FabOnDisk: Cell_D_00014 2136
FabOnDisk: Cell_D_00006 0
FabOnDisk: Cell_D_00006 1111
FabOnDisk: Cell_D_00009 2136
FabOnDisk: Cell_D_00002 0
FabOnDisk: Cell_D_00002 2136
FabOnDisk: Cell_D_00001 0
FabOnDisk: Cell_D_00001 2136
FabOnDisk: Cell_D_00019 0
FabOnDisk: Cell_D_00000 0
FabOnDisk: Cell_D_00013 0
FabOnDisk: Cell_D_00013 2136
FabOnDisk: Cell_D_00011 1112
FabOnDisk: Cell_D_00008 1112
FabOnDisk: Cell_D_00000 2136
FabOnDisk: Cell_D_00005 1112
FabOnDisk: Cell_D_00003 1112
FabOnDisk: Cell_D_00015 1112
FabOnDisk: Cell_D_00010 2134
FabOnDisk: Cell_D_00017 0

36,1
1.0068314276857497e+00,
1.0060075363433918e+00,
1.0124433367839356e+00,
1.0074497759041265e+00,
1.0260567471952269e+00,
1.0385166008618982e+00,
1.0308383250800657e+00,
9.9994964470860503e-01,
1.0006394421873483e+00,
1.0224658997428746e+00,
1.0756316047756354e+00,
1.0370807473486188e+00,
1.0206279525008395e+00,
1.0187076846582157e+00,
1.0231796205503021e+00,
1.0643953353565803e+00,
1.2513445383012187e+00,
1.3310583573613555e+00,
1.2317152153365600e+00,
1.0736390992786156e+00,
1.0006085395915039e+00,
1.0019989847834618e+00,
1.0095557789531733e+00,
1.0245754211326181e+00,
1.0215680446767224e+00,
1.0063260282708852e+00,
1.0011585880103817e+00,
1.0000926575257993e+00,
1.0173154580376464e+00,
1.1363507559372623e+00,
1.1090658445187416e+00,
1.1083459970227383e+00,
1.1309727409826651e+00,
1.2581692175111827e+00,
1.2335104288862377e+00,
1.0161437122730841e+00,

36,1
1.1849309119742106e+00,
1.1932662665086426e+00,
1.2014191708087361e+00,
1.4705314370754137e+00,
1.5406900098294685e+00,
1.4427611193576677e+00,
1.6677592959722767e+00,
1.0097479407515604e+00,
1.2563467364378269e+00,
1.1856084410002670e+00,
1.1550803183960652e+00,
1.1528763217305438e+00,
1.1157687344296785e+00,
1.1056329601485038e+00,
1.2080197928074226e+00,
1.5413773471343293e+00,
1.9174790758925671e+00,
1.9117820254834856e+00,
1.7798140400321569e+00,
1.4556497822220815e+00,
1.1117236836291335e+00,
1.3406445791486268e+00,
1.5423414572144032e+00,
1.7291799239944003e+00,
1.8511817020681500e+00,
1.8514343710381984e+00,
1.6217734534075878e+00,
1.1644313744363204e+00,
1.2093012578098086e+00,
1.3636497915805310e+00,
1.5423103155983291e+00,
1.7286832550738900e+00,
1.8937943768933179e+00,
1.9868466578795161e+00,
1.9884247651763274e+00,
1.9197796716251760e+00,

