HyperCLaw-V1.1
1
phi
3
1.093750000000002
0
0 0 0 
1 1 1 

((0,0,0) (63,63,63) (0,0,0)) 
100 
0.015625 0.015625 0.015625 
0
0
0 64 1.093750000000002
100
0 0.25
0 0.25
0 0.25
0.75 1
0 0.25
0 0.25
0.5 0.75
0 0.25
0 0.25
0.25 0.5
0 0.25
0 0.25
0 0.25
0.75 1
0 0.25
0 0.25
0.5 0.75
0 0.25
0 0.25
0.25 0.5
0 0.25
0.75 1
0.75 1
0 0.25
0.75 1
0.5 0.75
0 0.25
0.75 1
0.25 0.5
0 0.25
0.5 0.75
0.75 1
0 0.25
0.5 0.75
0.5 0.75
0 0.25
0.5 0.75
0.25 0.5
0 0.25
0.25 0.5
0.75 1
0 0.25
0.25 0.5
0.5 0.75
0 0.25
0.25 0.5
0.25 0.5
0 0.25
0 0.25
0 0.25
0.75 1
0 0.25
0 0.25
0.5 0.75
0 0.25
0 0.25
0.25 0.5
0.75 1
0 0.25
0.75 1
0.75 1
0 0.25
0.5 0.75
0.75 1
0 0.25
0.25 0.5
0.5 0.75
0 0.25
0.75 1
0.5 0.75
0 0.25
0.5 0.75
0.5 0.75
0 0.25
0.25 0.5
0.25 0.5
0 0.25
0.75 1
0.25 0.5
0 0.25
0.5 0.75
0.25 0.5
0 0.25
0.25 0.5
0 0.25
0.75 1
0.75 1
0 0.25
0.75 1
0.5 0.75
0 0.25
0.75 1
0.25 0.5
0 0.25
0.5 0.75
0.75 1
0 0.25
0.5 0.75
0.5 0.75
0 0.25
0.5 0.75
0.25 0.5
0 0.25
0.25 0.5
0.75 1
0 0.25
0.25 0.5
0.5 0.75
0 0.25
0.25 0.5
0.25 0.5
0.75 1
0.75 1
0.75 1
0.75 1
0.75 1
0.5 0.75
0.75 1
0.75 1
0.25 0.5
0.75 1
0.5 0.75
0.75 1
0.75 1
0.5 0.75
0.5 0.75
0.75 1
0.5 0.75
0.25 0.5
0.75 1
0.25 0.5
0.75 1
0.75 1
0.25 0.5
0.5 0.75
0.75 1
0.25 0.5
0.25 0.5
0.5 0.75
0.75 1
0.75 1
0.5 0.75
0.75 1
0.5 0.75
0.5 0.75
0.75 1
0.25 0.5
0.5 0.75
0.5 0.75
0.75 1
0.5 0.75
0.5 0.75
0.5 0.75
0.5 0.75
0.5 0.75
0.25 0.5
0.5 0.75
0.25 0.5
0.75 1
0.5 0.75
0.25 0.5
0.5 0.75
0.5 0.75
0.25 0.5
0.25 0.5
0.25 0.5
0.75 1
0.75 1
0.25 0.5
0.75 1
0.5 0.75
0.25 0.5
0.75 1
0.25 0.5
0.25 0.5
0.5 0.75
0.75 1
0.25 0.5
0.5 0.75
0.5 0.75
0.25 0.5
0.5 0.75
0.25 0.5
0.25 0.5
0.25 0.5
0.75 1
0.25 0.5
0.25 0.5
0.5 0.75
0.25 0.5
0.25 0.5
0.25 0.5
Level_0/Cell
