1
1
1
0
(32 0
((0,0) (15,7) (0,0))
((48,0) (63,7) (0,0))
((32,0) (47,7) (0,0))
((16,0) (31,7) (0,0))
((0,48) (15,55) (0,0))
((0,32) (15,39) (0,0))
((0,16) (15,23) (0,0))
((48,48) (63,55) (0,0))
((48,32) (63,39) (0,0))
((48,16) (63,23) (0,0))
((32,48) (47,55) (0,0))
((32,32) (47,39) (0,0))
((32,16) (47,23) (0,0))
((16,48) (31,55) (0,0))
((16,32) (31,39) (0,0))
((16,16) (31,23) (0,0))
((0,8) (15,15) (0,0))
((48,8) (63,15) (0,0))
((32,8) (47,15) (0,0))
((16,8) (31,15) (0,0))
((0,56) (15,63) (0,0))
((0,40) (15,47) (0,0))
((0,24) (15,31) (0,0))
((48,56) (63,63) (0,0))
((48,40) (63,47) (0,0))
((48,24) (63,31) (0,0))
((32,56) (47,63) (0,0))
((32,40) (47,47) (0,0))
((32,24) (47,31) (0,0))
((16,56) (31,63) (0,0))
((16,40) (31,47) (0,0))
((16,24) (31,31) (0,0))
)
32
FabOnDisk: phi_D_00012 0
FabOnDisk: phi_D_00003 0
FabOnDisk: phi_D_00014 0
FabOnDisk: phi_D_00000 0
FabOnDisk: phi_D_00007 0
FabOnDisk: phi_D_00016 0
FabOnDisk: phi_D_00001 0
FabOnDisk: phi_D_00011 0
FabOnDisk: phi_D_00009 0
FabOnDisk: phi_D_00005 0
FabOnDisk: phi_D_00010 0
FabOnDisk: phi_D_00018 0
FabOnDisk: phi_D_00004 0
FabOnDisk: phi_D_00008 0
FabOnDisk: phi_D_00006 0
FabOnDisk: phi_D_00002 0
FabOnDisk: phi_D_00000 1106
FabOnDisk: phi_D_00015 0
FabOnDisk: phi_D_00003 1106
FabOnDisk: phi_D_00013 0
FabOnDisk: phi_D_00007 1107
FabOnDisk: phi_D_00006 1108
FabOnDisk: phi_D_00001 1107
FabOnDisk: phi_D_00011 1108
FabOnDisk: phi_D_00019 0
FabOnDisk: phi_D_00005 1108
FabOnDisk: phi_D_00010 1108
FabOnDisk: phi_D_00009 1108
FabOnDisk: phi_D_00004 1108
FabOnDisk: phi_D_00008 1108
FabOnDisk: phi_D_00017 0
FabOnDisk: phi_D_00002 1108

32,1
9.9880569771308680e-01,
9.9837387452055459e-01,
9.9968421854638922e-01,
9.9636588206219212e-01,
9.9999999999828360e-01,
9.9999974899911181e-01,
9.9999997687046660e-01,
9.9909537059201670e-01,
9.9921843950092959e-01,
9.9999958119129873e-01,
9.9561306097018409e-01,
9.9548333448825166e-01,
1.0008712309474885e+00,
9.9846219033577222e-01,
9.9772041976856907e-01,
9.9896603030303788e-01,
9.9999999002490814e-01,
9.9984985792751391e-01,
9.9996580742893892e-01,
9.9895727137402168e-01,
9.9995647372476093e-01,
9.9999999961039387e-01,
9.9999967650298516e-01,
9.9925816851991578e-01,
9.9915011671046261e-01,
9.9919607145319533e-01,
9.9731855612982223e-01,
9.9540001653242760e-01,
9.9997622729151603e-01,
9.9760487626901140e-01,
9.9806329809406658e-01,
9.9944325965646219e-01,

32,1
1.0000000050170190e+00,
1.0104189542575255e+00,
1.0102070767718045e+00,
1.0006266836963176e+00,
1.0000003857516508e+00,
1.0000000191421670e+00,
1.0000002722242418e+00,
1.2306032368481605e+00,
1.7417737666261066e+00,
1.4283282427275361e+00,
1.0914148108251469e+00,
1.1342261545703696e+00,
1.9713284148736929e+00,
1.0000163110301050e+00,
1.0034203890844005e+00,
1.2436900159776834e+00,
1.0000000111015410e+00,
1.0021766010479112e+00,
1.0048458961136357e+00,
1.0047131577052346e+00,
1.0000012345197093e+00,
1.0000000006106062e+00,
1.0000000191560101e+00,
1.0509736895737656e+00,
1.4547621179094656e+00,
1.9451288234436936e+00,
1.0644326418274621e+00,
1.0312846480864601e+00,
1.9796333759883034e+00,
1.0024663328974519e+00,
1.0005647276740954e+00,
1.1622491953824485e+00,

