1
1
1
0
(16 0
((32,64) (47,79) (0,0))
((80,64) (95,79) (0,0))
((64,64) (79,79) (0,0))
((48,64) (63,79) (0,0))
((32,112) (47,127) (0,0))
((32,96) (47,111) (0,0))
((32,80) (47,95) (0,0))
((80,112) (95,127) (0,0))
((80,96) (95,111) (0,0))
((80,80) (95,95) (0,0))
((64,112) (79,127) (0,0))
((64,96) (79,111) (0,0))
((64,80) (79,95) (0,0))
((48,112) (63,127) (0,0))
((48,96) (63,111) (0,0))
((48,80) (63,95) (0,0))
)
16
FabOnDisk: Cell_D_00000 0
FabOnDisk: Cell_D_00000 2132
FabOnDisk: Cell_D_00000 4264
FabOnDisk: Cell_D_00000 6396
FabOnDisk: Cell_D_00000 8528
FabOnDisk: Cell_D_00000 10662
FabOnDisk: Cell_D_00000 12795
FabOnDisk: Cell_D_00000 14927
FabOnDisk: Cell_D_00000 17061
FabOnDisk: Cell_D_00000 19194
FabOnDisk: Cell_D_00000 21326
FabOnDisk: Cell_D_00000 23460
FabOnDisk: Cell_D_00000 25593
FabOnDisk: Cell_D_00000 27725
FabOnDisk: Cell_D_00000 29859
FabOnDisk: Cell_D_00000 31992

16,1
1.0000054908540064e+00,
1.0000054908540064e+00,
1.0005407340401715e+00,
1.0005407340401715e+00,
1.0000054908540064e+00,
1.0005407340401715e+00,
1.0005407340401715e+00,
1.0000054908540064e+00,
1.0005407340401715e+00,
1.0005407340401715e+00,
1.0005407340401715e+00,
1.0533295054030289e+00,
1.0533295054030289e+00,
1.0005407340401715e+00,
1.0533295054030289e+00,
1.0533295054030287e+00,

16,1
1.0360952954415608e+00,
1.0360952954415605e+00,
1.1896258126731192e+00,
1.1896258126731192e+00,
1.0360952954415605e+00,
1.1896258126731192e+00,
1.1896258126731192e+00,
1.0360952954415605e+00,
1.1896258126731194e+00,
1.1896258126731192e+00,
1.1896258126731194e+00,
1.9961948888923187e+00,
1.9961948888923189e+00,
1.1896258126731192e+00,
1.9961948888923189e+00,
1.9961948888923189e+00,

