Checkpoint file for AmrCoreAdv
2
70 140 280 
0.022116913414578214 0.011058456707289107 0.0055292283536445535 
1.3515145466559384 1.3515145466559384 1.3515145466559384 
(32 0
((0,0) (15,7) (0,0))
((48,0) (63,7) (0,0))
((32,0) (47,7) (0,0))
((16,0) (31,7) (0,0))
((0,48) (15,55) (0,0))
((0,32) (15,39) (0,0))
((0,16) (15,23) (0,0))
((48,48) (63,55) (0,0))
((48,32) (63,39) (0,0))
((48,16) (63,23) (0,0))
((32,48) (47,55) (0,0))
((32,32) (47,39) (0,0))
((32,16) (47,23) (0,0))
((16,48) (31,55) (0,0))
((16,32) (31,39) (0,0))
((16,16) (31,23) (0,0))
((0,8) (15,15) (0,0))
((48,8) (63,15) (0,0))
((32,8) (47,15) (0,0))
((16,8) (31,15) (0,0))
((0,56) (15,63) (0,0))
((0,40) (15,47) (0,0))
((0,24) (15,31) (0,0))
((48,56) (63,63) (0,0))
((48,40) (63,47) (0,0))
((48,24) (63,31) (0,0))
((32,56) (47,63) (0,0))
((32,40) (47,47) (0,0))
((32,24) (47,31) (0,0))
((16,56) (31,63) (0,0))
((16,40) (31,47) (0,0))
((16,24) (31,31) (0,0))
)
(30 0
((72,0) (79,7) (0,0))
((40,24) (55,31) (0,0))
((72,64) (87,79) (0,0))
((96,0) (111,7) (0,0))
((80,0) (95,7) (0,0))
((104,24) (119,31) (0,0))
((88,24) (103,31) (0,0))
((72,24) (87,31) (0,0))
((56,24) (71,31) (0,0))
((104,64) (119,79) (0,0))
((88,64) (103,79) (0,0))
((40,48) (55,63) (0,0))
((40,32) (55,47) (0,0))
((72,112) (87,127) (0,0))
((72,96) (87,111) (0,0))
((72,80) (87,95) (0,0))
((104,48) (119,63) (0,0))
((104,32) (119,47) (0,0))
((88,48) (103,63) (0,0))
((88,32) (103,47) (0,0))
((72,48) (87,63) (0,0))
((72,32) (87,47) (0,0))
((56,48) (71,63) (0,0))
((56,32) (71,47) (0,0))
((104,112) (119,127) (0,0))
((104,96) (119,111) (0,0))
((104,80) (119,95) (0,0))
((88,112) (103,127) (0,0))
((88,96) (103,111) (0,0))
((88,80) (103,95) (0,0))
)
(43 0
((112,64) (119,71) (0,0))
((120,104) (127,111) (0,0))
((160,104) (175,119) (0,0))
((192,104) (207,111) (0,0))
((176,120) (191,127) (0,0))
((184,128) (191,143) (0,0))
((184,208) (191,223) (0,0))
((200,64) (215,71) (0,0))
((184,64) (199,71) (0,0))
((168,64) (183,71) (0,0))
((152,64) (167,71) (0,0))
((136,64) (151,71) (0,0))
((120,64) (135,71) (0,0))
((176,104) (191,119) (0,0))
((208,104) (223,111) (0,0))
((112,88) (119,103) (0,0))
((112,72) (119,87) (0,0))
((192,208) (207,223) (0,0))
((192,192) (207,207) (0,0))
((192,176) (207,191) (0,0))
((192,160) (207,175) (0,0))
((192,144) (207,159) (0,0))
((192,128) (207,143) (0,0))
((192,112) (207,127) (0,0))
((200,88) (215,103) (0,0))
((200,72) (215,87) (0,0))
((184,88) (199,103) (0,0))
((184,72) (199,87) (0,0))
((168,88) (183,103) (0,0))
((168,72) (183,87) (0,0))
((152,88) (167,103) (0,0))
((152,72) (167,87) (0,0))
((136,88) (151,103) (0,0))
((136,72) (151,87) (0,0))
((120,88) (135,103) (0,0))
((120,72) (135,87) (0,0))
((208,208) (223,223) (0,0))
((208,192) (223,207) (0,0))
((208,176) (223,191) (0,0))
((208,160) (223,175) (0,0))
((208,144) (223,159) (0,0))
((208,128) (223,143) (0,0))
((208,112) (223,127) (0,0))
)
