1
1
1
0
(40 0
((128,80) (143,95) (0,0))
((176,80) (183,87) (0,0))
((144,112) (159,127) (0,0))
((160,128) (175,143) (0,0))
((168,208) (175,223) (0,0))
((160,80) (175,95) (0,0))
((144,80) (159,95) (0,0))
((200,80) (215,87) (0,0))
((184,80) (199,87) (0,0))
((160,112) (175,127) (0,0))
((128,96) (143,111) (0,0))
((176,216) (183,231) (0,0))
((176,200) (183,215) (0,0))
((176,184) (183,199) (0,0))
((176,168) (183,183) (0,0))
((176,152) (183,167) (0,0))
((176,136) (183,151) (0,0))
((176,120) (183,135) (0,0))
((176,104) (183,119) (0,0))
((176,88) (183,103) (0,0))
((160,96) (175,111) (0,0))
((144,96) (159,111) (0,0))
((200,216) (215,231) (0,0))
((200,200) (215,215) (0,0))
((200,184) (215,199) (0,0))
((200,168) (215,183) (0,0))
((200,152) (215,167) (0,0))
((200,136) (215,151) (0,0))
((200,120) (215,135) (0,0))
((200,104) (215,119) (0,0))
((200,88) (215,103) (0,0))
((184,216) (199,231) (0,0))
((184,200) (199,215) (0,0))
((184,184) (199,199) (0,0))
((184,168) (199,183) (0,0))
((184,152) (199,167) (0,0))
((184,136) (199,151) (0,0))
((184,120) (199,135) (0,0))
((184,104) (199,119) (0,0))
((184,88) (199,103) (0,0))
)
40
FabOnDisk: phi_D_00006 0
FabOnDisk: phi_D_00003 0
FabOnDisk: phi_D_00011 0
FabOnDisk: phi_D_00012 0
FabOnDisk: phi_D_00018 0
FabOnDisk: phi_D_00008 0
FabOnDisk: phi_D_00008 2134
FabOnDisk: phi_D_00013 0
FabOnDisk: phi_D_00003 598
FabOnDisk: phi_D_00005 0
FabOnDisk: phi_D_00009 0
FabOnDisk: phi_D_00002 0
FabOnDisk: phi_D_00018 1112
FabOnDisk: phi_D_00001 0
FabOnDisk: phi_D_00000 0
FabOnDisk: phi_D_00015 0
FabOnDisk: phi_D_00015 1112
FabOnDisk: phi_D_00005 2136
FabOnDisk: phi_D_00004 0
FabOnDisk: phi_D_00003 1708
FabOnDisk: phi_D_00004 1112
FabOnDisk: phi_D_00011 2136
FabOnDisk: phi_D_00019 0
FabOnDisk: phi_D_00019 2136
FabOnDisk: phi_D_00017 0
FabOnDisk: phi_D_00017 2136
FabOnDisk: phi_D_00014 0
FabOnDisk: phi_D_00016 0
FabOnDisk: phi_D_00012 2136
FabOnDisk: phi_D_00010 0
FabOnDisk: phi_D_00013 1110
FabOnDisk: phi_D_00002 1112
FabOnDisk: phi_D_00018 2224
FabOnDisk: phi_D_00016 2136
FabOnDisk: phi_D_00001 1112
FabOnDisk: phi_D_00000 1112
FabOnDisk: phi_D_00015 2224
FabOnDisk: phi_D_00005 3248
FabOnDisk: phi_D_00007 0
FabOnDisk: phi_D_00009 2135

40,1
1.0082249141363406e+00,
1.0095224650467924e+00,
1.0054267653823354e+00,
1.0013724477548871e+00,
1.0224888976665563e+00,
1.0293138256231347e+00,
1.0444992409671974e+00,
9.9999275221481410e-01,
1.0004510498564720e+00,
1.0271740426642588e+00,
1.0235696975744137e+00,
1.0395022761335240e+00,
1.0466016593867584e+00,
1.0225351612758211e+00,
1.0155227825071254e+00,
1.0155486839066661e+00,
1.0308415579649517e+00,
1.1087417523811218e+00,
1.4431259212225052e+00,
1.0857199662586881e+00,
1.2186074057741105e+00,
1.0712696632719774e+00,
1.0003760959892070e+00,
1.0010241253639853e+00,
1.0050708127527395e+00,
1.0180883819985995e+00,
1.0315542420081851e+00,
1.0140067930171870e+00,
1.0033622125089925e+00,
1.0003691152882150e+00,
1.0000158880975532e+00,
1.0040183203980024e+00,
1.0607175114655858e+00,
1.1056321268072118e+00,
1.0952178627730365e+00,
1.0980356468009176e+00,
1.1531406381490528e+00,
1.3691239182580779e+00,
1.0849035318031466e+00,
1.0028685108006432e+00,

40,1
1.1978784746537379e+00,
1.1514893165210058e+00,
1.1813285862555059e+00,
1.1795009305696087e+00,
1.0846741599843821e+00,
1.5763672548853369e+00,
1.4661405369433569e+00,
1.0017130981270075e+00,
1.0585787854331241e+00,
1.6441135152077477e+00,
1.1976553148033167e+00,
1.1362721956769839e+00,
1.1463298506027704e+00,
1.1256011322848418e+00,
1.0875663491811318e+00,
1.1218218835443423e+00,
1.3013361171224116e+00,
1.7637296263576308e+00,
1.9328828410702710e+00,
1.8134093539474825e+00,
1.8000533674571966e+00,
1.4735385097755791e+00,
1.0442183883055631e+00,
1.2201115993807143e+00,
1.4476519520784596e+00,
1.6327976212663073e+00,
1.8049978088899445e+00,
1.8654236325916960e+00,
1.8183339885680319e+00,
1.4098314155770268e+00,
1.0549693289485358e+00,
1.1451596889091959e+00,
1.2842737970633755e+00,
1.4522910868915138e+00,
1.6322864272463178e+00,
1.8062618340200056e+00,
1.9427332113674207e+00,
1.9903436586587233e+00,
1.9877608044168675e+00,
1.6941468558024537e+00,

