HyperCLaw-V1.1
1
phi
2
0.10986378315417937
2
0 0 
1 1 
2 2 
((0,0) (63,63) (0,0)) ((0,0) (127,127) (0,0)) ((0,0) (255,255) (0,0)) 
10 20 40 
0.015625 0.015625 
0.0078125 0.0078125 
0.00390625 0.00390625 
0
0
0 32 0.10986378315417937
10
0 0.25
0 0.125
0.75 1
0 0.125
0.5 0.75
0 0.125
0.25 0.5
0 0.125
0 0.25
0.75 0.875
0 0.25
0.5 0.625
0 0.25
0.25 0.375
0.75 1
0.75 0.875
0.75 1
0.5 0.625
0.75 1
0.25 0.375
0.5 0.75
0.75 0.875
0.5 0.75
0.5 0.625
0.5 0.75
0.25 0.375
0.25 0.5
0.75 0.875
0.25 0.5
0.5 0.625
0.25 0.5
0.25 0.375
0 0.25
0.125 0.25
0.75 1
0.125 0.25
0.5 0.75
0.125 0.25
0.25 0.5
0.125 0.25
0 0.25
0.875 1
0 0.25
0.625 0.75
0 0.25
0.375 0.5
0.75 1
0.875 1
0.75 1
0.625 0.75
0.75 1
0.375 0.5
0.5 0.75
0.875 1
0.5 0.75
0.625 0.75
0.5 0.75
0.375 0.5
0.25 0.5
0.875 1
0.25 0.5
0.625 0.75
0.25 0.5
0.375 0.5
Level_0/Cell
1 20 0.10986378315417937
20
0.3125 0.4375
0.4375 0.5
0.6875 0.8125
0.4375 0.5
0.5625 0.6875
0.4375 0.5
0.4375 0.5625
0.4375 0.5
0.3125 0.4375
0.875 1
0.3125 0.4375
0.75 0.875
0.3125 0.4375
0.625 0.75
0.3125 0.4375
0.5 0.625
0.6875 0.8125
0.875 1
0.6875 0.8125
0.75 0.875
0.6875 0.8125
0.625 0.75
0.6875 0.8125
0.5 0.625
0.5625 0.6875
0.875 1
0.5625 0.6875
0.75 0.875
0.5625 0.6875
0.625 0.75
0.5625 0.6875
0.5 0.625
0.4375 0.5625
0.875 1
0.4375 0.5625
0.75 0.875
0.4375 0.5625
0.625 0.75
0.4375 0.5625
0.5 0.625
Level_1/Cell
2 36 0.10986378315417937
40
0.40625 0.4375
0.53125 0.59375
0.6875 0.75
0.53125 0.59375
0.625 0.6875
0.53125 0.59375
0.5625 0.625
0.53125 0.59375
0.5 0.5625
0.53125 0.59375
0.4375 0.5
0.53125 0.59375
0.40625 0.4375
0.84375 0.90625
0.40625 0.4375
0.78125 0.84375
0.40625 0.4375
0.71875 0.78125
0.40625 0.4375
0.65625 0.71875
0.40625 0.4375
0.59375 0.65625
0.6875 0.75
0.84375 0.90625
0.6875 0.75
0.78125 0.84375
0.6875 0.75
0.71875 0.78125
0.6875 0.75
0.65625 0.71875
0.6875 0.75
0.59375 0.65625
0.625 0.6875
0.84375 0.90625
0.625 0.6875
0.78125 0.84375
0.625 0.6875
0.71875 0.78125
0.625 0.6875
0.65625 0.71875
0.625 0.6875
0.59375 0.65625
0.5625 0.625
0.84375 0.90625
0.5625 0.625
0.78125 0.84375
0.5625 0.625
0.71875 0.78125
0.5625 0.625
0.65625 0.71875
0.5625 0.625
0.59375 0.65625
0.5 0.5625
0.84375 0.90625
0.5 0.5625
0.78125 0.84375
0.5 0.5625
0.71875 0.78125
0.5 0.5625
0.65625 0.71875
0.5 0.5625
0.59375 0.65625
0.4375 0.5
0.84375 0.90625
0.4375 0.5
0.78125 0.84375
0.4375 0.5
0.71875 0.78125
0.4375 0.5
0.65625 0.71875
0.4375 0.5
0.59375 0.65625
Level_2/Cell
