1
1
1
0
(25 0
((88,152) (103,167) (0,0))
((152,152) (167,167) (0,0))
((136,152) (151,167) (0,0))
((120,152) (135,167) (0,0))
((104,152) (119,167) (0,0))
((88,216) (103,231) (0,0))
((88,200) (103,215) (0,0))
((88,184) (103,199) (0,0))
((88,168) (103,183) (0,0))
((152,216) (167,231) (0,0))
((152,200) (167,215) (0,0))
((152,184) (167,199) (0,0))
((152,168) (167,183) (0,0))
((136,216) (151,231) (0,0))
((136,200) (151,215) (0,0))
((136,184) (151,199) (0,0))
((136,168) (151,183) (0,0))
((120,216) (135,231) (0,0))
((120,200) (135,215) (0,0))
((120,184) (135,199) (0,0))
((120,168) (135,183) (0,0))
((104,216) (119,231) (0,0))
((104,200) (119,215) (0,0))
((104,184) (119,199) (0,0))
((104,168) (119,183) (0,0))
)
25
FabOnDisk: Cell_D_00009 0
FabOnDisk: Cell_D_00019 0
FabOnDisk: Cell_D_00018 0
FabOnDisk: Cell_D_00011 0
FabOnDisk: Cell_D_00010 0
FabOnDisk: Cell_D_00015 0
FabOnDisk: Cell_D_00005 0
FabOnDisk: Cell_D_00004 0
FabOnDisk: Cell_D_00004 2135
FabOnDisk: Cell_D_00008 0
FabOnDisk: Cell_D_00003 0
FabOnDisk: Cell_D_00001 0
FabOnDisk: Cell_D_00007 0
FabOnDisk: Cell_D_00008 2136
FabOnDisk: Cell_D_00002 0
FabOnDisk: Cell_D_00007 2136
FabOnDisk: Cell_D_00000 0
FabOnDisk: Cell_D_00006 0
FabOnDisk: Cell_D_00017 0
FabOnDisk: Cell_D_00005 2135
FabOnDisk: Cell_D_00013 0
FabOnDisk: Cell_D_00006 2136
FabOnDisk: Cell_D_00016 0
FabOnDisk: Cell_D_00014 0
FabOnDisk: Cell_D_00012 0

25,1
1.0085527267653545e+00,
1.0085527267653545e+00,
1.0398186776353151e+00,
1.0848743584450438e+00,
1.0398186776353151e+00,
1.0085527267653545e+00,
1.0398186776353151e+00,
1.0848743584450438e+00,
1.0398186776353151e+00,
1.0085527267653545e+00,
1.0398186776353151e+00,
1.0848743584450438e+00,
1.0398186776353151e+00,
1.0398186776353151e+00,
1.1853826425331202e+00,
1.3951470462165927e+00,
1.1853826425331202e+00,
1.0848743584450438e+00,
1.3951470462165927e+00,
1.8422643349999828e+00,
1.3951470462165927e+00,
1.0398186776353151e+00,
1.1853826425331202e+00,
1.3951470462165927e+00,
1.1853826425331202e+00,

25,1
1.1601222605748480e+00,
1.1601222605748480e+00,
1.3583828091929753e+00,
1.4000001794684522e+00,
1.3583828091929753e+00,
1.1601222605748480e+00,
1.3583828091929753e+00,
1.4000001794684522e+00,
1.3583828091929753e+00,
1.1601222605748480e+00,
1.3583828091929753e+00,
1.4000001794684522e+00,
1.3583828091929753e+00,
1.3583828091929753e+00,
1.8021260595744024e+00,
1.8952733210295190e+00,
1.8021260595744024e+00,
1.4000001794684522e+00,
1.8952733210295190e+00,
1.9992373515111788e+00,
1.8952733210295190e+00,
1.3583828091929753e+00,
1.8021260595744024e+00,
1.8952733210295190e+00,
1.8021260595744024e+00,

