1
1
1
0
(32 0
((0,0) (15,7) (0,0))
((48,0) (63,7) (0,0))
((32,0) (47,7) (0,0))
((16,0) (31,7) (0,0))
((0,48) (15,55) (0,0))
((0,32) (15,39) (0,0))
((0,16) (15,23) (0,0))
((48,48) (63,55) (0,0))
((48,32) (63,39) (0,0))
((48,16) (63,23) (0,0))
((32,48) (47,55) (0,0))
((32,32) (47,39) (0,0))
((32,16) (47,23) (0,0))
((16,48) (31,55) (0,0))
((16,32) (31,39) (0,0))
((16,16) (31,23) (0,0))
((0,8) (15,15) (0,0))
((48,8) (63,15) (0,0))
((32,8) (47,15) (0,0))
((16,8) (31,15) (0,0))
((0,56) (15,63) (0,0))
((0,40) (15,47) (0,0))
((0,24) (15,31) (0,0))
((48,56) (63,63) (0,0))
((48,40) (63,47) (0,0))
((48,24) (63,31) (0,0))
((32,56) (47,63) (0,0))
((32,40) (47,47) (0,0))
((32,24) (47,31) (0,0))
((16,56) (31,63) (0,0))
((16,40) (31,47) (0,0))
((16,24) (31,31) (0,0))
)
32
FabOnDisk: phi_D_00012 0
FabOnDisk: phi_D_00003 0
FabOnDisk: phi_D_00014 0
FabOnDisk: phi_D_00000 0
FabOnDisk: phi_D_00007 0
FabOnDisk: phi_D_00016 0
FabOnDisk: phi_D_00001 0
FabOnDisk: phi_D_00011 0
FabOnDisk: phi_D_00009 0
FabOnDisk: phi_D_00005 0
FabOnDisk: phi_D_00010 0
FabOnDisk: phi_D_00018 0
FabOnDisk: phi_D_00004 0
FabOnDisk: phi_D_00008 0
FabOnDisk: phi_D_00006 0
FabOnDisk: phi_D_00002 0
FabOnDisk: phi_D_00000 1106
FabOnDisk: phi_D_00015 0
FabOnDisk: phi_D_00003 1106
FabOnDisk: phi_D_00013 0
FabOnDisk: phi_D_00007 1107
FabOnDisk: phi_D_00006 1108
FabOnDisk: phi_D_00001 1107
FabOnDisk: phi_D_00011 1108
FabOnDisk: phi_D_00019 0
FabOnDisk: phi_D_00005 1108
FabOnDisk: phi_D_00010 1108
FabOnDisk: phi_D_00009 1108
FabOnDisk: phi_D_00004 1108
FabOnDisk: phi_D_00008 1108
FabOnDisk: phi_D_00017 0
FabOnDisk: phi_D_00002 1108

32,1
9.9893747472371752e-01,
9.9954448556842490e-01,
9.9990671353893246e-01,
9.9607868193254501e-01,
1.0000000000082556e+00,
9.9999998598777440e-01,
9.9999999999998490e-01,
9.9896596223886103e-01,
9.9904691047679706e-01,
9.9999999999999978e-01,
9.9551549797934757e-01,
9.9673946154258153e-01,
1.0010102165234784e+00,
9.9825544878036765e-01,
9.9763765950045113e-01,
9.9990995667646732e-01,
9.9999999999999301e-01,
9.9999999998921196e-01,
9.9999999989613997e-01,
9.9970322960187286e-01,
9.9994889023108879e-01,
9.9999999641145609e-01,
9.9999998139673041e-01,
9.9904828094534115e-01,
9.9907680953228362e-01,
9.9932532164559817e-01,
9.9805111499518928e-01,
9.9552544136000454e-01,
1.0032406214928438e+00,
9.9808903350645151e-01,
9.9758497633860610e-01,
9.9983872114783889e-01,

32,1
1.0000000025227465e+00,
1.0102545839356079e+00,
1.0101162992162123e+00,
1.0002232666037520e+00,
1.0000013073564795e+00,
1.0000000037714174e+00,
1.0000000000024483e+00,
1.3448966358061512e+00,
1.9704305256906629e+00,
1.0453703982486182e+00,
1.2440999466966058e+00,
1.8373708197750638e+00,
1.5125352274382158e+00,
1.0000444312360040e+00,
1.0013680307564403e+00,
1.0355540103479803e+00,
1.0000000000000087e+00,
1.0024049425909798e+00,
1.0045695964864079e+00,
1.0005631677430282e+00,
1.0000023277083028e+00,
1.0000000007769818e+00,
1.0000000005850374e+00,
1.0313028411260170e+00,
1.6858758279270107e+00,
1.9772579982976783e+00,
1.0812144467215876e+00,
1.2830583652288032e+00,
1.9778391327035674e+00,
1.0036084594715056e+00,
1.0000416830047112e+00,
1.0395425667951441e+00,

