HyperCLaw-V1.1
1
phi
3
2
0
0 0 0 
1 1 1 

((0,0,0) (63,63,63) (0,0,0)) 
183 
0.015625 0.015625 0.015625 
0
0
0 64 2
183
0 0.25
0 0.25
0 0.25
0.75 1
0 0.25
0 0.25
0.5 0.75
0 0.25
0 0.25
0.25 0.5
0 0.25
0 0.25
0 0.25
0.75 1
0 0.25
0 0.25
0.5 0.75
0 0.25
0 0.25
0.25 0.5
0 0.25
0.75 1
0.75 1
0 0.25
0.75 1
0.5 0.75
0 0.25
0.75 1
0.25 0.5
0 0.25
0.5 0.75
0.75 1
0 0.25
0.5 0.75
0.5 0.75
0 0.25
0.5 0.75
0.25 0.5
0 0.25
0.25 0.5
0.75 1
0 0.25
0.25 0.5
0.5 0.75
0 0.25
0.25 0.5
0.25 0.5
0 0.25
0 0.25
0 0.25
0.75 1
0 0.25
0 0.25
0.5 0.75
0 0.25
0 0.25
0.25 0.5
0.75 1
0 0.25
0.75 1
0.75 1
0 0.25
0.5 0.75
0.75 1
0 0.25
0.25 0.5
0.5 0.75
0 0.25
0.75 1
0.5 0.75
0 0.25
0.5 0.75
0.5 0.75
0 0.25
0.25 0.5
0.25 0.5
0 0.25
0.75 1
0.25 0.5
0 0.25
0.5 0.75
0.25 0.5
0 0.25
0.25 0.5
0 0.25
0.75 1
0.75 1
0 0.25
0.75 1
0.5 0.75
0 0.25
0.75 1
0.25 0.5
0 0.25
0.5 0.75
0.75 1
0 0.25
0.5 0.75
0.5 0.75
0 0.25
0.5 0.75
0.25 0.5
0 0.25
0.25 0.5
0.75 1
0 0.25
0.25 0.5
0.5 0.75
0 0.25
0.25 0.5
0.25 0.5
0.75 1
0.75 1
0.75 1
0.75 1
0.75 1
0.5 0.75
0.75 1
0.75 1
0.25 0.5
0.75 1
0.5 0.75
0.75 1
0.75 1
0.5 0.75
0.5 0.75
0.75 1
0.5 0.75
0.25 0.5
0.75 1
0.25 0.5
0.75 1
0.75 1
0.25 0.5
0.5 0.75
0.75 1
0.25 0.5
0.25 0.5
0.5 0.75
0.75 1
0.75 1
0.5 0.75
0.75 1
0.5 0.75
0.5 0.75
0.75 1
0.25 0.5
0.5 0.75
0.5 0.75
0.75 1
0.5 0.75
0.5 0.75
0.5 0.75
0.5 0.75
0.5 0.75
0.25 0.5
0.5 0.75
0.25 0.5
0.75 1
0.5 0.75
0.25 0.5
0.5 0.75
0.5 0.75
0.25 0.5
0.25 0.5
0.25 0.5
0.75 1
0.75 1
0.25 0.5
0.75 1
0.5 0.75
0.25 0.5
0.75 1
0.25 0.5
0.25 0.5
0.5 0.75
0.75 1
0.25 0.5
0.5 0.75
0.5 0.75
0.25 0.5
0.5 0.75
0.25 0.5
0.25 0.5
0.25 0.5
0.75 1
0.25 0.5
0.25 0.5
0.5 0.75
0.25 0.5
0.25 0.5
0.25 0.5
Level_0/Cell
