1
1
1
0
(64 0
((0,0,0) (15,15,15) (0,0,0))
((48,0,0) (63,15,15) (0,0,0))
((32,0,0) (47,15,15) (0,0,0))
((16,0,0) (31,15,15) (0,0,0))
((0,48,0) (15,63,15) (0,0,0))
((0,32,0) (15,47,15) (0,0,0))
((0,16,0) (15,31,15) (0,0,0))
((48,48,0) (63,63,15) (0,0,0))
((48,32,0) (63,47,15) (0,0,0))
((48,16,0) (63,31,15) (0,0,0))
((32,48,0) (47,63,15) (0,0,0))
((32,32,0) (47,47,15) (0,0,0))
((32,16,0) (47,31,15) (0,0,0))
((16,48,0) (31,63,15) (0,0,0))
((16,32,0) (31,47,15) (0,0,0))
((16,16,0) (31,31,15) (0,0,0))
((0,0,48) (15,15,63) (0,0,0))
((0,0,32) (15,15,47) (0,0,0))
((0,0,16) (15,15,31) (0,0,0))
((48,0,48) (63,15,63) (0,0,0))
((48,0,32) (63,15,47) (0,0,0))
((48,0,16) (63,15,31) (0,0,0))
((32,0,48) (47,15,63) (0,0,0))
((32,0,32) (47,15,47) (0,0,0))
((32,0,16) (47,15,31) (0,0,0))
((16,0,48) (31,15,63) (0,0,0))
((16,0,32) (31,15,47) (0,0,0))
((16,0,16) (31,15,31) (0,0,0))
((0,48,48) (15,63,63) (0,0,0))
((0,48,32) (15,63,47) (0,0,0))
((0,48,16) (15,63,31) (0,0,0))
((0,32,48) (15,47,63) (0,0,0))
((0,32,32) (15,47,47) (0,0,0))
((0,32,16) (15,47,31) (0,0,0))
((0,16,48) (15,31,63) (0,0,0))
((0,16,32) (15,31,47) (0,0,0))
((0,16,16) (15,31,31) (0,0,0))
((48,48,48) (63,63,63) (0,0,0))
((48,48,32) (63,63,47) (0,0,0))
((48,48,16) (63,63,31) (0,0,0))
((48,32,48) (63,47,63) (0,0,0))
((48,32,32) (63,47,47) (0,0,0))
((48,32,16) (63,47,31) (0,0,0))
((48,16,48) (63,31,63) (0,0,0))
((48,16,32) (63,31,47) (0,0,0))
((48,16,16) (63,31,31) (0,0,0))
((32,48,48) (47,63,63) (0,0,0))
((32,48,32) (47,63,47) (0,0,0))
((32,48,16) (47,63,31) (0,0,0))
((32,32,48) (47,47,63) (0,0,0))
((32,32,32) (47,47,47) (0,0,0))
((32,32,16) (47,47,31) (0,0,0))
((32,16,48) (47,31,63) (0,0,0))
((32,16,32) (47,31,47) (0,0,0))
((32,16,16) (47,31,31) (0,0,0))
((16,48,48) (31,63,63) (0,0,0))
((16,48,32) (31,63,47) (0,0,0))
((16,48,16) (31,63,31) (0,0,0))
((16,32,48) (31,47,63) (0,0,0))
((16,32,32) (31,47,47) (0,0,0))
((16,32,16) (31,47,31) (0,0,0))
((16,16,48) (31,31,63) (0,0,0))
((16,16,32) (31,31,47) (0,0,0))
((16,16,16) (31,31,31) (0,0,0))
)
64
FabOnDisk: Cell_D_00000 0
FabOnDisk: Cell_D_00000 32857
FabOnDisk: Cell_D_00000 65715
FabOnDisk: Cell_D_00000 98573
FabOnDisk: Cell_D_00000 131431
FabOnDisk: Cell_D_00000 164289
FabOnDisk: Cell_D_00000 197147
FabOnDisk: Cell_D_00000 230005
FabOnDisk: Cell_D_00000 262864
FabOnDisk: Cell_D_00000 295723
FabOnDisk: Cell_D_00000 328582
FabOnDisk: Cell_D_00000 361441
FabOnDisk: Cell_D_00000 394300
FabOnDisk: Cell_D_00000 427159
FabOnDisk: Cell_D_00000 460018
FabOnDisk: Cell_D_00000 492877
FabOnDisk: Cell_D_00000 525736
FabOnDisk: Cell_D_00000 558594
FabOnDisk: Cell_D_00000 591452
FabOnDisk: Cell_D_00000 624310
FabOnDisk: Cell_D_00000 657169
FabOnDisk: Cell_D_00000 690028
FabOnDisk: Cell_D_00000 722887
FabOnDisk: Cell_D_00000 755746
FabOnDisk: Cell_D_00000 788605
FabOnDisk: Cell_D_00000 821464
FabOnDisk: Cell_D_00000 854323
FabOnDisk: Cell_D_00000 887182
FabOnDisk: Cell_D_00000 920041
FabOnDisk: Cell_D_00000 952900
FabOnDisk: Cell_D_00000 985759
FabOnDisk: Cell_D_00000 1018618
FabOnDisk: Cell_D_00000 1051477
FabOnDisk: Cell_D_00000 1084336
FabOnDisk: Cell_D_00000 1117195
FabOnDisk: Cell_D_00000 1150054
FabOnDisk: Cell_D_00000 1182913
FabOnDisk: Cell_D_00000 1215772
FabOnDisk: Cell_D_00000 1248632
FabOnDisk: Cell_D_00000 1281492
FabOnDisk: Cell_D_00000 1314352
FabOnDisk: Cell_D_00000 1347212
FabOnDisk: Cell_D_00000 1380072
FabOnDisk: Cell_D_00000 1412932
FabOnDisk: Cell_D_00000 1445792
FabOnDisk: Cell_D_00000 1478652
FabOnDisk: Cell_D_00000 1511512
FabOnDisk: Cell_D_00000 1544372
FabOnDisk: Cell_D_00000 1577232
FabOnDisk: Cell_D_00000 1610092
FabOnDisk: Cell_D_00000 1642952
FabOnDisk: Cell_D_00000 1675812
FabOnDisk: Cell_D_00000 1708672
FabOnDisk: Cell_D_00000 1741532
FabOnDisk: Cell_D_00000 1774392
FabOnDisk: Cell_D_00000 1807252
FabOnDisk: Cell_D_00000 1840112
FabOnDisk: Cell_D_00000 1872972
FabOnDisk: Cell_D_00000 1905832
FabOnDisk: Cell_D_00000 1938692
FabOnDisk: Cell_D_00000 1971552
FabOnDisk: Cell_D_00000 2004412
FabOnDisk: Cell_D_00000 2037272
FabOnDisk: Cell_D_00000 2070132

64,1
9.9999999999997069e-01,
9.9999999945002715e-01,
9.9999980208721351e-01,
9.9999993128593334e-01,
9.9999999999999944e-01,
9.9999999999999578e-01,
9.9999999999987832e-01,
9.9999998437607107e-01,
9.9999992325732745e-01,
9.9999975445970357e-01,
9.9999999096892389e-01,
9.9999999936502670e-01,
9.9999927444742998e-01,
9.9999999999998124e-01,
9.9999999365762871e-01,
9.9999975272022901e-01,
9.9999999999999112e-01,
9.9999999962297548e-01,
9.9999999968298048e-01,
9.9999999935252337e-01,
9.9995892898828587e-01,
9.9999953005671049e-01,
9.9999998254404998e-01,
9.9467789070457646e-01,
9.9509524910856306e-01,
9.9999999997959232e-01,
9.9941304689375166e-01,
9.9952564172616920e-01,
9.9999999999999978e-01,
1.0000000000000042e+00,
9.9999999999966460e-01,
9.9999999999403733e-01,
9.9999999991063393e-01,
9.9999999995581113e-01,
9.9999999977156107e-01,
9.9999999492342895e-01,
9.9999999725173638e-01,
1.0000000000000044e+00,
9.9896799940743874e-01,
9.9903636172820209e-01,
1.0000000000000047e+00,
9.9881840922703669e-01,
9.9882606087041637e-01,
9.9999999999999989e-01,
9.9647448149845552e-01,
9.9689751932093851e-01,
1.0000000000000002e+00,
9.9999867732776093e-01,
9.9999833383995163e-01,
1.0000000000000009e+00,
9.9999828869456520e-01,
9.9999683168962117e-01,
1.0000000000215337e+00,
9.9439775715855061e-01,
9.9481354143406198e-01,
1.0000000000000002e+00,
1.0000000000000135e+00,
9.9999999999922895e-01,
9.9999999999999967e-01,
9.9998115064661597e-01,
9.9998009330012927e-01,
9.9999999513001459e-01,
9.9913859905185520e-01,
9.9913091275893051e-01,

64,1
1.0000000000000155e+00,
1.0000000004896572e+00,
1.0000000242581024e+00,
1.0000000073717472e+00,
1.0000000000025069e+00,
1.0000000000000062e+00,
1.0000000000006608e+00,
1.0000002857657648e+00,
1.0000009359157547e+00,
1.0000024131762835e+00,
1.0000000932717565e+00,
1.0000000015852970e+00,
1.0000028560414393e+00,
1.0000000041336687e+00,
1.0000000031809591e+00,
1.0000017234175065e+00,
1.0000000076045279e+00,
1.0000000743457351e+00,
1.0000000197508216e+00,
1.0000140825768746e+00,
1.0000219435917712e+00,
1.0000188064271529e+00,
1.0071553723918873e+00,
1.0404992251358915e+00,
1.0000553730113237e+00,
1.0012775067415969e+00,
1.0036376512701810e+00,
1.0000033124418639e+00,
1.0000001313711988e+00,
1.0000017305255051e+00,
1.0000006287137513e+00,
1.0000000000090650e+00,
1.0000000002527827e+00,
1.0000000000388429e+00,
1.0000000000189031e+00,
1.0000000052517677e+00,
1.0000000004234915e+00,
1.0101790097489687e+00,
1.1491886666973643e+00,
1.0589003993493689e+00,
1.0332196324732315e+00,
1.4952115001824506e+00,
1.1968732579847174e+00,
1.0500263036410313e+00,
1.7633606018649890e+00,
1.3187907380821706e+00,
1.0034487557472225e+00,
1.0517889355575680e+00,
1.0202790493541882e+00,
1.0009661215390708e+00,
1.0108203444756152e+00,
1.0018637103771741e+00,
1.0540964963320190e+00,
1.8299197901875595e+00,
1.3496916879144187e+00,
1.0001714699332676e+00,
1.0023381206901136e+00,
1.0008810264999783e+00,
1.0007690711849302e+00,
1.0070597493228273e+00,
1.0020578332565195e+00,
1.0351375914894656e+00,
1.4930974702555595e+00,
1.2022627041739109e+00,

