Version_Two_Dot_Zero_double
2
2
real_comp0
real_comp1
0
1
4096
4097
2
16
16
25
0 256 0
0 256 10240
0 256 20480
0 256 30720
0 256 40960
0 256 51200
0 256 61440
0 256 71680
0 256 81920
0 256 92160
0 0 102400
0 0 102400
0 256 102400
0 0 112640
0 0 112640
0 256 112640
0 60 0
0 60 2400
0 48 4800
0 48 6720
0 60 8640
0 48 11040
0 48 12960
0 60 14880
0 48 17280
0 48 19200
0 48 21120
0 0 23040
0 0 23040
0 48 23040
0 0 24960
0 0 24960
0 16 0
0 16 640
0 16 1280
0 16 1920
0 16 2560
0 16 3200
0 16 3840
0 16 4480
0 16 5120
0 16 5760
0 16 6400
0 16 7040
0 16 7680
0 16 8320
0 16 8960
0 16 9600
0 16 10240
0 16 10880
0 16 11520
0 16 12160
0 16 12800
0 16 13440
0 16 14080
0 16 14720
0 16 15360
