Checkpoint file for AmrCoreAdv
2
20 40 80 
0.011572130717566161 0.0057860653587830805 0.0028930326793915402 
0.22299238003464183 0.22299238003464183 0.22299238003464183 
(32 0
((0,0) (15,7) (0,0))
((48,0) (63,7) (0,0))
((32,0) (47,7) (0,0))
((16,0) (31,7) (0,0))
((0,48) (15,55) (0,0))
((0,32) (15,39) (0,0))
((0,16) (15,23) (0,0))
((48,48) (63,55) (0,0))
((48,32) (63,39) (0,0))
((48,16) (63,23) (0,0))
((32,48) (47,55) (0,0))
((32,32) (47,39) (0,0))
((32,16) (47,23) (0,0))
((16,48) (31,55) (0,0))
((16,32) (31,39) (0,0))
((16,16) (31,23) (0,0))
((0,8) (15,15) (0,0))
((48,8) (63,15) (0,0))
((32,8) (47,15) (0,0))
((16,8) (31,15) (0,0))
((0,56) (15,63) (0,0))
((0,40) (15,47) (0,0))
((0,24) (15,31) (0,0))
((48,56) (63,63) (0,0))
((48,40) (63,47) (0,0))
((48,24) (63,31) (0,0))
((32,56) (47,63) (0,0))
((32,40) (47,47) (0,0))
((32,24) (47,31) (0,0))
((16,56) (31,63) (0,0))
((16,40) (31,47) (0,0))
((16,24) (31,31) (0,0))
)
(20 0
((48,48) (55,63) (0,0))
((88,48) (103,63) (0,0))
((72,48) (87,63) (0,0))
((56,48) (71,63) (0,0))
((48,112) (55,127) (0,0))
((48,96) (55,111) (0,0))
((48,80) (55,95) (0,0))
((48,64) (55,79) (0,0))
((88,112) (103,127) (0,0))
((88,96) (103,111) (0,0))
((88,80) (103,95) (0,0))
((88,64) (103,79) (0,0))
((72,112) (87,127) (0,0))
((72,96) (87,111) (0,0))
((72,80) (87,95) (0,0))
((72,64) (87,79) (0,0))
((56,112) (71,127) (0,0))
((56,96) (71,111) (0,0))
((56,80) (71,95) (0,0))
((56,64) (71,79) (0,0))
)
(28 0
((136,120) (151,135) (0,0))
((184,120) (199,135) (0,0))
((168,120) (183,135) (0,0))
((152,120) (167,135) (0,0))
((136,216) (151,231) (0,0))
((136,200) (151,215) (0,0))
((136,184) (151,199) (0,0))
((136,168) (151,183) (0,0))
((136,152) (151,167) (0,0))
((136,136) (151,151) (0,0))
((184,216) (199,231) (0,0))
((184,200) (199,215) (0,0))
((184,184) (199,199) (0,0))
((184,168) (199,183) (0,0))
((184,152) (199,167) (0,0))
((184,136) (199,151) (0,0))
((168,216) (183,231) (0,0))
((168,200) (183,215) (0,0))
((168,184) (183,199) (0,0))
((168,168) (183,183) (0,0))
((168,152) (183,167) (0,0))
((168,136) (183,151) (0,0))
((152,216) (167,231) (0,0))
((152,200) (167,215) (0,0))
((152,184) (167,199) (0,0))
((152,168) (167,183) (0,0))
((152,152) (167,167) (0,0))
((152,136) (167,151) (0,0))
)
