1
1
1
0
(32 0
((0,0) (15,7) (0,0))
((48,0) (63,7) (0,0))
((32,0) (47,7) (0,0))
((16,0) (31,7) (0,0))
((0,48) (15,55) (0,0))
((0,32) (15,39) (0,0))
((0,16) (15,23) (0,0))
((48,48) (63,55) (0,0))
((48,32) (63,39) (0,0))
((48,16) (63,23) (0,0))
((32,48) (47,55) (0,0))
((32,32) (47,39) (0,0))
((32,16) (47,23) (0,0))
((16,48) (31,55) (0,0))
((16,32) (31,39) (0,0))
((16,16) (31,23) (0,0))
((0,8) (15,15) (0,0))
((48,8) (63,15) (0,0))
((32,8) (47,15) (0,0))
((16,8) (31,15) (0,0))
((0,56) (15,63) (0,0))
((0,40) (15,47) (0,0))
((0,24) (15,31) (0,0))
((48,56) (63,63) (0,0))
((48,40) (63,47) (0,0))
((48,24) (63,31) (0,0))
((32,56) (47,63) (0,0))
((32,40) (47,47) (0,0))
((32,24) (47,31) (0,0))
((16,56) (31,63) (0,0))
((16,40) (31,47) (0,0))
((16,24) (31,31) (0,0))
)
32
FabOnDisk: phi_D_00012 0
FabOnDisk: phi_D_00003 0
FabOnDisk: phi_D_00014 0
FabOnDisk: phi_D_00000 0
FabOnDisk: phi_D_00007 0
FabOnDisk: phi_D_00016 0
FabOnDisk: phi_D_00001 0
FabOnDisk: phi_D_00011 0
FabOnDisk: phi_D_00009 0
FabOnDisk: phi_D_00005 0
FabOnDisk: phi_D_00010 0
FabOnDisk: phi_D_00018 0
FabOnDisk: phi_D_00004 0
FabOnDisk: phi_D_00008 0
FabOnDisk: phi_D_00006 0
FabOnDisk: phi_D_00002 0
FabOnDisk: phi_D_00000 1106
FabOnDisk: phi_D_00015 0
FabOnDisk: phi_D_00003 1106
FabOnDisk: phi_D_00013 0
FabOnDisk: phi_D_00007 1107
FabOnDisk: phi_D_00006 1108
FabOnDisk: phi_D_00001 1107
FabOnDisk: phi_D_00011 1108
FabOnDisk: phi_D_00019 0
FabOnDisk: phi_D_00005 1108
FabOnDisk: phi_D_00010 1108
FabOnDisk: phi_D_00009 1108
FabOnDisk: phi_D_00004 1108
FabOnDisk: phi_D_00008 1108
FabOnDisk: phi_D_00017 0
FabOnDisk: phi_D_00002 1108

32,1
9.9918267254756110e-01,
9.9999999999999978e-01,
9.9999999999999944e-01,
9.9597225840333281e-01,
1.0000000000081037e+00,
9.9999996244129763e-01,
9.9999999999999967e-01,
9.9914067470462564e-01,
9.9925742880577939e-01,
9.9999999999999978e-01,
9.9706282900604515e-01,
9.9899683708699116e-01,
1.0000025028746007e+00,
9.9638580533216892e-01,
9.9773582161213570e-01,
9.9946565288847511e-01,
9.9999999999999956e-01,
9.9999999836711317e-01,
9.9999999993795718e-01,
9.9999999999999911e-01,
9.9993755410292673e-01,
1.0000000000054519e+00,
9.9999999923500171e-01,
9.9935568558366294e-01,
9.9913335169716133e-01,
9.9981417242158821e-01,
1.0000257836131008e+00,
9.9710335098627700e-01,
1.0033366442907903e+00,
9.9779522757468075e-01,
9.9634099127528208e-01,
9.9940230504990502e-01,

32,1
1.0000000017977357e+00,
1.0073736470282035e+00,
1.0091002533044904e+00,
1.0000000317193387e+00,
1.0000046328382064e+00,
1.0000000007300707e+00,
1.0000000000014138e+00,
1.3850337983523704e+00,
1.8599447918071090e+00,
1.0033663726347393e+00,
1.5206332739389037e+00,
1.9819121585260611e+00,
1.0470057692491701e+00,
1.0023180035890589e+00,
1.0008631421788152e+00,
1.0043114197955598e+00,
1.0000000000000009e+00,
1.0000078059418427e+00,
1.0000554811574573e+00,
1.0000000430328362e+00,
1.0000067077182164e+00,
1.0000000334857786e+00,
1.0000000031049301e+00,
1.0130593811894901e+00,
1.8514962501260634e+00,
1.3031998272056788e+00,
1.1049507122084095e+00,
1.9439177395243168e+00,
1.7358886236185720e+00,
1.0068655604764807e+00,
1.0000930507377690e+00,
1.0049796813909535e+00,

