Checkpoint file for AmrCoreAdv
2
60 120 240 
0.04497922131061842 0.02248961065530921 0.011244805327654605 
0.95925468780575751 0.95925468780575751 0.95925468780575751 
(32 0
((0,0) (15,7) (0,0))
((48,0) (63,7) (0,0))
((32,0) (47,7) (0,0))
((16,0) (31,7) (0,0))
((0,48) (15,55) (0,0))
((0,32) (15,39) (0,0))
((0,16) (15,23) (0,0))
((48,48) (63,55) (0,0))
((48,32) (63,39) (0,0))
((48,16) (63,23) (0,0))
((32,48) (47,55) (0,0))
((32,32) (47,39) (0,0))
((32,16) (47,23) (0,0))
((16,48) (31,55) (0,0))
((16,32) (31,39) (0,0))
((16,16) (31,23) (0,0))
((0,8) (15,15) (0,0))
((48,8) (63,15) (0,0))
((32,8) (47,15) (0,0))
((16,8) (31,15) (0,0))
((0,56) (15,63) (0,0))
((0,40) (15,47) (0,0))
((0,24) (15,31) (0,0))
((48,56) (63,63) (0,0))
((48,40) (63,47) (0,0))
((48,24) (63,31) (0,0))
((32,56) (47,63) (0,0))
((32,40) (47,47) (0,0))
((32,24) (47,31) (0,0))
((16,56) (31,63) (0,0))
((16,40) (31,47) (0,0))
((16,24) (31,31) (0,0))
)
(30 0
((80,0) (95,7) (0,0))
((40,24) (55,31) (0,0))
((48,64) (63,71) (0,0))
((72,64) (87,79) (0,0))
((96,0) (111,7) (0,0))
((104,24) (119,31) (0,0))
((88,24) (103,31) (0,0))
((72,24) (87,31) (0,0))
((56,24) (71,31) (0,0))
((104,64) (119,79) (0,0))
((88,64) (103,79) (0,0))
((40,48) (55,63) (0,0))
((40,32) (55,47) (0,0))
((72,112) (87,127) (0,0))
((72,96) (87,111) (0,0))
((72,80) (87,95) (0,0))
((104,48) (119,63) (0,0))
((104,32) (119,47) (0,0))
((88,48) (103,63) (0,0))
((88,32) (103,47) (0,0))
((72,48) (87,63) (0,0))
((72,32) (87,47) (0,0))
((56,48) (71,63) (0,0))
((56,32) (71,47) (0,0))
((104,112) (119,127) (0,0))
((104,96) (119,111) (0,0))
((104,80) (119,95) (0,0))
((88,112) (103,127) (0,0))
((88,96) (103,111) (0,0))
((88,80) (103,95) (0,0))
)
(49 0
((96,56) (103,63) (0,0))
((184,112) (199,127) (0,0))
((200,112) (207,119) (0,0))
((192,128) (199,143) (0,0))
((192,200) (199,215) (0,0))
((200,56) (215,63) (0,0))
((184,56) (199,63) (0,0))
((168,56) (183,63) (0,0))
((152,56) (167,63) (0,0))
((136,56) (151,63) (0,0))
((120,56) (135,63) (0,0))
((104,56) (119,63) (0,0))
((208,112) (223,119) (0,0))
((96,96) (103,111) (0,0))
((96,80) (103,95) (0,0))
((96,64) (103,79) (0,0))
((200,200) (207,215) (0,0))
((200,184) (207,199) (0,0))
((200,168) (207,183) (0,0))
((200,152) (207,167) (0,0))
((200,136) (207,151) (0,0))
((200,120) (207,135) (0,0))
((200,96) (215,111) (0,0))
((200,80) (215,95) (0,0))
((200,64) (215,79) (0,0))
((184,96) (199,111) (0,0))
((184,80) (199,95) (0,0))
((184,64) (199,79) (0,0))
((168,96) (183,111) (0,0))
((168,80) (183,95) (0,0))
((168,64) (183,79) (0,0))
((152,96) (167,111) (0,0))
((152,80) (167,95) (0,0))
((152,64) (167,79) (0,0))
((136,96) (151,111) (0,0))
((136,80) (151,95) (0,0))
((136,64) (151,79) (0,0))
((120,96) (135,111) (0,0))
((120,80) (135,95) (0,0))
((120,64) (135,79) (0,0))
((104,96) (119,111) (0,0))
((104,80) (119,95) (0,0))
((104,64) (119,79) (0,0))
((208,200) (223,215) (0,0))
((208,184) (223,199) (0,0))
((208,168) (223,183) (0,0))
((208,152) (223,167) (0,0))
((208,136) (223,151) (0,0))
((208,120) (223,135) (0,0))
)
