1
1
1
0
(49 0
((96,56) (103,63) (0,0))
((184,112) (199,127) (0,0))
((200,112) (207,119) (0,0))
((192,128) (199,143) (0,0))
((192,200) (199,215) (0,0))
((200,56) (215,63) (0,0))
((184,56) (199,63) (0,0))
((168,56) (183,63) (0,0))
((152,56) (167,63) (0,0))
((136,56) (151,63) (0,0))
((120,56) (135,63) (0,0))
((104,56) (119,63) (0,0))
((208,112) (223,119) (0,0))
((96,96) (103,111) (0,0))
((96,80) (103,95) (0,0))
((96,64) (103,79) (0,0))
((200,200) (207,215) (0,0))
((200,184) (207,199) (0,0))
((200,168) (207,183) (0,0))
((200,152) (207,167) (0,0))
((200,136) (207,151) (0,0))
((200,120) (207,135) (0,0))
((200,96) (215,111) (0,0))
((200,80) (215,95) (0,0))
((200,64) (215,79) (0,0))
((184,96) (199,111) (0,0))
((184,80) (199,95) (0,0))
((184,64) (199,79) (0,0))
((168,96) (183,111) (0,0))
((168,80) (183,95) (0,0))
((168,64) (183,79) (0,0))
((152,96) (167,111) (0,0))
((152,80) (167,95) (0,0))
((152,64) (167,79) (0,0))
((136,96) (151,111) (0,0))
((136,80) (151,95) (0,0))
((136,64) (151,79) (0,0))
((120,96) (135,111) (0,0))
((120,80) (135,95) (0,0))
((120,64) (135,79) (0,0))
((104,96) (119,111) (0,0))
((104,80) (119,95) (0,0))
((104,64) (119,79) (0,0))
((208,200) (223,215) (0,0))
((208,184) (223,199) (0,0))
((208,168) (223,183) (0,0))
((208,152) (223,167) (0,0))
((208,136) (223,151) (0,0))
((208,120) (223,135) (0,0))
)
49
FabOnDisk: Cell_D_00015 0
FabOnDisk: Cell_D_00010 0
FabOnDisk: Cell_D_00001 0
FabOnDisk: Cell_D_00013 0
FabOnDisk: Cell_D_00014 0
FabOnDisk: Cell_D_00017 0
FabOnDisk: Cell_D_00002 0
FabOnDisk: Cell_D_00002 1110
FabOnDisk: Cell_D_00002 2220
FabOnDisk: Cell_D_00002 3330
FabOnDisk: Cell_D_00015 597
FabOnDisk: Cell_D_00015 1707
FabOnDisk: Cell_D_00001 600
FabOnDisk: Cell_D_00019 0
FabOnDisk: Cell_D_00016 0
FabOnDisk: Cell_D_00015 2817
FabOnDisk: Cell_D_00014 1112
FabOnDisk: Cell_D_00018 0
FabOnDisk: Cell_D_00007 0
FabOnDisk: Cell_D_00012 0
FabOnDisk: Cell_D_00012 1112
FabOnDisk: Cell_D_00001 1712
FabOnDisk: Cell_D_00001 2824
FabOnDisk: Cell_D_00011 0
FabOnDisk: Cell_D_00011 2134
FabOnDisk: Cell_D_00010 2136
FabOnDisk: Cell_D_00006 0
FabOnDisk: Cell_D_00004 0
FabOnDisk: Cell_D_00009 0
FabOnDisk: Cell_D_00004 2134
FabOnDisk: Cell_D_00003 0
FabOnDisk: Cell_D_00009 2135
FabOnDisk: Cell_D_00003 2134
FabOnDisk: Cell_D_00017 1110
FabOnDisk: Cell_D_00006 2134
FabOnDisk: Cell_D_00008 0
FabOnDisk: Cell_D_00017 3244
FabOnDisk: Cell_D_00000 0
FabOnDisk: Cell_D_00019 1110
FabOnDisk: Cell_D_00005 0
FabOnDisk: Cell_D_00000 2135
FabOnDisk: Cell_D_00016 1109
FabOnDisk: Cell_D_00005 2134
FabOnDisk: Cell_D_00014 2224
FabOnDisk: Cell_D_00018 1112
FabOnDisk: Cell_D_00018 3248
FabOnDisk: Cell_D_00007 1112
FabOnDisk: Cell_D_00012 2224
FabOnDisk: Cell_D_00013 1112

49,1
1.0000343757145458e+00,
1.0009595271162437e+00,
1.3630737477673294e+00,
1.0027453555657635e+00,
1.0149747643177069e+00,
1.0000917044257924e+00,
1.0001219157094785e+00,
1.0006920008271187e+00,
1.0014458929974293e+00,
1.0032576708609953e+00,
1.0033869371813977e+00,
1.0019108363880400e+00,
9.9998470569096387e-01,
1.0420872602124602e+00,
1.0078692446072743e+00,
1.0028614931408883e+00,
1.0518347989183583e+00,
1.0387815954077300e+00,
1.0261320004910408e+00,
1.0259500561754831e+00,
1.0349984417562126e+00,
1.0955828718320657e+00,
1.0036864576707802e+00,
1.0000863725657401e+00,
1.0000256923160682e+00,
1.0316102719160412e+00,
1.0383692616619227e+00,
1.0000961064609970e+00,
1.0003661627370457e+00,
1.0846097846183447e+00,
1.0063991822516343e+00,
9.9951536446995315e-01,
1.0387678093984603e+00,
1.0663091331614620e+00,
9.9989132061519503e-01,
1.0388944392072053e+00,
1.0837239036793183e+00,
1.0043880406215002e+00,
1.0790613950606087e+00,
1.0144226597117427e+00,
1.0390045175420617e+00,
1.0624678991841521e+00,
1.0042990558865621e+00,
1.0005873256339446e+00,
1.0015424339088694e+00,
1.0063181475427281e+00,
1.0143585692241333e+00,
1.0077986139513631e+00,
1.0022283237495098e+00,

49,1
1.0046866378136963e+00,
1.5390131049357825e+00,
1.7310415415989935e+00,
1.1323988308436790e+00,
1.0934691283448774e+00,
1.0012306574174450e+00,
1.0036542031476621e+00,
1.0401505701626461e+00,
1.0925500443067588e+00,
1.0934690235555957e+00,
1.0539531038906897e+00,
1.0072774723599214e+00,
1.6502163575100610e+00,
1.1693650631255863e+00,
1.1702079029030708e+00,
1.0422283323736556e+00,
1.1505128120976038e+00,
1.1766396062495668e+00,
1.1747298866574363e+00,
1.2301921515587591e+00,
1.4089909621083598e+00,
1.6593319905900819e+00,
1.8144392096886961e+00,
1.5681047951420402e+00,
1.0203414468467158e+00,
1.8826564964820423e+00,
1.9639172774865321e+00,
1.6088639446678625e+00,
1.3893991210418439e+00,
1.9882863690607517e+00,
1.9867177915590579e+00,
1.0612028976118182e+00,
1.9286453276092967e+00,
1.9804424222418902e+00,
1.0612627818743581e+00,
1.6901123297757514e+00,
1.9013446036020383e+00,
1.1990099358438511e+00,
1.6722429349169452e+00,
1.7376798261059800e+00,
1.2589971744818054e+00,
1.4903053265973776e+00,
1.4318055086824419e+00,
1.1489518633697939e+00,
1.2266870041390450e+00,
1.3144308808938787e+00,
1.4146057686270903e+00,
1.5289157014463750e+00,
1.6512809898184886e+00,

