1
1
1
0
(32 0
((0,0) (15,7) (0,0))
((48,0) (63,7) (0,0))
((32,0) (47,7) (0,0))
((16,0) (31,7) (0,0))
((0,48) (15,55) (0,0))
((0,32) (15,39) (0,0))
((0,16) (15,23) (0,0))
((48,48) (63,55) (0,0))
((48,32) (63,39) (0,0))
((48,16) (63,23) (0,0))
((32,48) (47,55) (0,0))
((32,32) (47,39) (0,0))
((32,16) (47,23) (0,0))
((16,48) (31,55) (0,0))
((16,32) (31,39) (0,0))
((16,16) (31,23) (0,0))
((0,8) (15,15) (0,0))
((48,8) (63,15) (0,0))
((32,8) (47,15) (0,0))
((16,8) (31,15) (0,0))
((0,56) (15,63) (0,0))
((0,40) (15,47) (0,0))
((0,24) (15,31) (0,0))
((48,56) (63,63) (0,0))
((48,40) (63,47) (0,0))
((48,24) (63,31) (0,0))
((32,56) (47,63) (0,0))
((32,40) (47,47) (0,0))
((32,24) (47,31) (0,0))
((16,56) (31,63) (0,0))
((16,40) (31,47) (0,0))
((16,24) (31,31) (0,0))
)
32
FabOnDisk: Cell_D_00012 0
FabOnDisk: Cell_D_00003 0
FabOnDisk: Cell_D_00014 0
FabOnDisk: Cell_D_00000 0
FabOnDisk: Cell_D_00007 0
FabOnDisk: Cell_D_00016 0
FabOnDisk: Cell_D_00001 0
FabOnDisk: Cell_D_00011 0
FabOnDisk: Cell_D_00009 0
FabOnDisk: Cell_D_00005 0
FabOnDisk: Cell_D_00010 0
FabOnDisk: Cell_D_00018 0
FabOnDisk: Cell_D_00004 0
FabOnDisk: Cell_D_00008 0
FabOnDisk: Cell_D_00006 0
FabOnDisk: Cell_D_00002 0
FabOnDisk: Cell_D_00000 1106
FabOnDisk: Cell_D_00015 0
FabOnDisk: Cell_D_00003 1106
FabOnDisk: Cell_D_00013 0
FabOnDisk: Cell_D_00007 1107
FabOnDisk: Cell_D_00006 1108
FabOnDisk: Cell_D_00001 1107
FabOnDisk: Cell_D_00011 1108
FabOnDisk: Cell_D_00019 0
FabOnDisk: Cell_D_00005 1108
FabOnDisk: Cell_D_00010 1108
FabOnDisk: Cell_D_00009 1108
FabOnDisk: Cell_D_00004 1108
FabOnDisk: Cell_D_00008 1108
FabOnDisk: Cell_D_00017 0
FabOnDisk: Cell_D_00002 1108

32,1
9.9860721001260211e-01,
9.9983394808666115e-01,
9.9970337820312183e-01,
9.9630320422029051e-01,
1.0000000000001801e+00,
9.9999860513111227e-01,
9.9999975583119238e-01,
9.9716281371881732e-01,
9.9778777267883823e-01,
9.9974013384454108e-01,
9.9646584413293515e-01,
9.9537989140001926e-01,
1.0034939271369430e+00,
9.9999983227817935e-01,
9.9997417355825080e-01,
1.0001233786560471e+00,
9.9999999789676708e-01,
1.0000000000000000e+00,
1.0000000645915996e+00,
9.9976504108123043e-01,
9.9996338737992729e-01,
9.9999999994989108e-01,
9.9999791040576036e-01,
9.9834026360570549e-01,
9.9715197939328615e-01,
9.9913584359279639e-01,
9.9626729497667110e-01,
9.9516778057293676e-01,
9.9631856227505367e-01,
9.9903068430126407e-01,
9.9931340869787155e-01,
9.9998821110764868e-01,

32,1
1.0000000064108876e+00,
1.0104294405977616e+00,
1.0101839165756108e+00,
1.0010066626975918e+00,
1.0000001009543835e+00,
1.0000000203032107e+00,
1.0000160548918873e+00,
1.1763940135630160e+00,
1.5727493879086032e+00,
1.8768032762106164e+00,
1.0498248007932367e+00,
1.0057049110922009e+00,
1.9745723095204548e+00,
1.0000147130958612e+00,
1.0099040353259063e+00,
1.5847269899367242e+00,
1.0000066751736090e+00,
1.0029774011676968e+00,
1.0554290754018345e+00,
1.0124523844699229e+00,
1.0000011261880222e+00,
1.0000000001150613e+00,
1.0000255260377353e+00,
1.0536913720480476e+00,
1.3425049499247439e+00,
1.8298186417218651e+00,
1.0522735913430250e+00,
1.0006234317242007e+00,
1.6496647241277556e+00,
1.0022684053610595e+00,
1.0005917953695411e+00,
1.2316438875529634e+00,

