1
1
1
0
(26 0
((72,0) (87,7) (0,0))
((56,40) (63,47) (0,0))
((88,0) (103,7) (0,0))
((96,40) (111,47) (0,0))
((80,40) (95,47) (0,0))
((64,40) (79,47) (0,0))
((56,112) (63,127) (0,0))
((56,96) (63,111) (0,0))
((56,80) (63,95) (0,0))
((56,64) (63,79) (0,0))
((56,48) (63,63) (0,0))
((96,112) (111,127) (0,0))
((96,96) (111,111) (0,0))
((96,80) (111,95) (0,0))
((96,64) (111,79) (0,0))
((96,48) (111,63) (0,0))
((80,112) (95,127) (0,0))
((80,96) (95,111) (0,0))
((80,80) (95,95) (0,0))
((80,64) (95,79) (0,0))
((80,48) (95,63) (0,0))
((64,112) (79,127) (0,0))
((64,96) (79,111) (0,0))
((64,80) (79,95) (0,0))
((64,64) (79,79) (0,0))
((64,48) (79,63) (0,0))
)
26
FabOnDisk: Cell_D_00006 0
FabOnDisk: Cell_D_00009 0
FabOnDisk: Cell_D_00006 1106
FabOnDisk: Cell_D_00010 0
FabOnDisk: Cell_D_00008 0
FabOnDisk: Cell_D_00008 1108
FabOnDisk: Cell_D_00016 0
FabOnDisk: Cell_D_00013 0
FabOnDisk: Cell_D_00013 1109
FabOnDisk: Cell_D_00005 0
FabOnDisk: Cell_D_00009 596
FabOnDisk: Cell_D_00019 0
FabOnDisk: Cell_D_00019 2135
FabOnDisk: Cell_D_00001 0
FabOnDisk: Cell_D_00000 0
FabOnDisk: Cell_D_00005 1108
FabOnDisk: Cell_D_00007 0
FabOnDisk: Cell_D_00003 0
FabOnDisk: Cell_D_00018 0
FabOnDisk: Cell_D_00015 0
FabOnDisk: Cell_D_00012 0
FabOnDisk: Cell_D_00004 0
FabOnDisk: Cell_D_00002 0
FabOnDisk: Cell_D_00017 0
FabOnDisk: Cell_D_00014 0
FabOnDisk: Cell_D_00011 0

26,1
9.9872139555105610e-01,
9.9921384411266079e-01,
9.9973055423139878e-01,
1.0000499178374473e+00,
1.0023316884097206e+00,
1.0011965799366593e+00,
9.9917354997579499e-01,
9.9541404658627064e-01,
9.9543310529929319e-01,
9.9649647411433029e-01,
9.9920827107218113e-01,
9.9948858473010938e-01,
9.9966615864346520e-01,
9.9983358519675902e-01,
9.9971224472345510e-01,
9.9996281858096558e-01,
1.0000215810804267e+00,
1.0326349946360305e+00,
1.0406931072258969e+00,
1.0487074771844918e+00,
1.0050631693745298e+00,
1.0006826181306865e+00,
9.9691664965044013e-01,
9.9691582582046778e-01,
9.9829715606766833e-01,
1.0026901703589326e+00,

26,1
1.0104456210469714e+00,
1.0059000636795974e+00,
1.0104081405778336e+00,
1.0029172485841142e+00,
1.0463072151896615e+00,
1.0434007891157995e+00,
1.0087105185502765e+00,
1.0041097392329912e+00,
9.9807067346067524e-01,
1.0014049491976311e+00,
1.0070742865396880e+00,
1.0168152086425288e+00,
1.4294017121135210e+00,
1.8813070854506675e+00,
1.8854674921088690e+00,
1.3305151104636463e+00,
1.1139809687164350e+00,
1.5396784137539923e+00,
1.9593588286380061e+00,
1.9847611611994918e+00,
1.7302978713247565e+00,
1.0854178842005002e+00,
1.0927832302344875e+00,
1.0444979079534380e+00,
1.1548884087723488e+00,
1.2144220469327647e+00,

