1
1
1
0
(32 0
((0,0) (15,7) (0,0))
((48,0) (63,7) (0,0))
((32,0) (47,7) (0,0))
((16,0) (31,7) (0,0))
((0,48) (15,55) (0,0))
((0,32) (15,39) (0,0))
((0,16) (15,23) (0,0))
((48,48) (63,55) (0,0))
((48,32) (63,39) (0,0))
((48,16) (63,23) (0,0))
((32,48) (47,55) (0,0))
((32,32) (47,39) (0,0))
((32,16) (47,23) (0,0))
((16,48) (31,55) (0,0))
((16,32) (31,39) (0,0))
((16,16) (31,23) (0,0))
((0,8) (15,15) (0,0))
((48,8) (63,15) (0,0))
((32,8) (47,15) (0,0))
((16,8) (31,15) (0,0))
((0,56) (15,63) (0,0))
((0,40) (15,47) (0,0))
((0,24) (15,31) (0,0))
((48,56) (63,63) (0,0))
((48,40) (63,47) (0,0))
((48,24) (63,31) (0,0))
((32,56) (47,63) (0,0))
((32,40) (47,47) (0,0))
((32,24) (47,31) (0,0))
((16,56) (31,63) (0,0))
((16,40) (31,47) (0,0))
((16,24) (31,31) (0,0))
)
32
FabOnDisk: phi_D_00012 0
FabOnDisk: phi_D_00003 0
FabOnDisk: phi_D_00014 0
FabOnDisk: phi_D_00000 0
FabOnDisk: phi_D_00007 0
FabOnDisk: phi_D_00016 0
FabOnDisk: phi_D_00001 0
FabOnDisk: phi_D_00011 0
FabOnDisk: phi_D_00009 0
FabOnDisk: phi_D_00005 0
FabOnDisk: phi_D_00010 0
FabOnDisk: phi_D_00018 0
FabOnDisk: phi_D_00004 0
FabOnDisk: phi_D_00008 0
FabOnDisk: phi_D_00006 0
FabOnDisk: phi_D_00002 0
FabOnDisk: phi_D_00000 1106
FabOnDisk: phi_D_00015 0
FabOnDisk: phi_D_00003 1106
FabOnDisk: phi_D_00013 0
FabOnDisk: phi_D_00007 1107
FabOnDisk: phi_D_00006 1108
FabOnDisk: phi_D_00001 1107
FabOnDisk: phi_D_00011 1108
FabOnDisk: phi_D_00019 0
FabOnDisk: phi_D_00005 1108
FabOnDisk: phi_D_00010 1108
FabOnDisk: phi_D_00009 1108
FabOnDisk: phi_D_00004 1108
FabOnDisk: phi_D_00008 1108
FabOnDisk: phi_D_00017 0
FabOnDisk: phi_D_00002 1108

32,1
9.9874077054192500e-01,
9.9983984017675998e-01,
9.9967598513746314e-01,
9.9622207067902169e-01,
1.0000000000042353e+00,
9.9999995451948587e-01,
9.9999994145755655e-01,
9.9899143687038416e-01,
9.9913591499788579e-01,
9.9999699054617164e-01,
9.9521335962449620e-01,
9.9555465347250527e-01,
1.0008334986736789e+00,
9.9912965606456472e-01,
9.9791860316449044e-01,
9.9962233536311929e-01,
9.9999999999990052e-01,
9.9999999996785605e-01,
1.0000000001646543e+00,
9.9966663153855906e-01,
9.9995692468407260e-01,
9.9999999952877494e-01,
9.9999984493509275e-01,
9.9908112774746383e-01,
9.9899084529539850e-01,
9.9906634834471419e-01,
9.9680862616998733e-01,
9.9514358356550303e-01,
1.0001125530649799e+00,
9.9814493921613046e-01,
9.9848433569657791e-01,
9.9996304584521689e-01,

32,1
1.0000000053203504e+00,
1.0100726774842896e+00,
1.0103937270421803e+00,
1.0006230818837640e+00,
1.0000003872687029e+00,
1.0000000004667127e+00,
1.0000000000057845e+00,
1.2308054553542873e+00,
1.7353609550502811e+00,
1.4370348272110498e+00,
1.0905630557410708e+00,
1.1291821574110050e+00,
1.9782034829060060e+00,
1.0000272511642931e+00,
1.0045123714887136e+00,
1.2480582834922993e+00,
1.0000000000001881e+00,
1.0022904000097457e+00,
1.0050146311313108e+00,
1.0047753389877494e+00,
1.0000012159305041e+00,
1.0000000002205456e+00,
1.0000000800859743e+00,
1.0510475187931900e+00,
1.4551993647970423e+00,
1.9483464998470370e+00,
1.0647830030968040e+00,
1.0296986006332767e+00,
1.9830117841029882e+00,
1.0024397470972599e+00,
1.0007363955734609e+00,
1.1634173714426395e+00,

