Author: 
Date: 



  # i     j         tfromp            rho               H              He3             He4              C12             N14             O16             Ne20             Mg24            Ni56  
  206   751   7.74872038e8   6.91846534e5   4.76075271e-1   8.58266241e-15   1.53230648e-1   1.23344905e-10   1.56343074e-6   1.39298137e-7    2.24837861e-8   7.34074988e-12   3.70692356e-1  
  206   750   7.77671996e8   7.65567996e5   3.87128062e-1   6.40261151e-15   1.24602048e-1   9.11480288e-11   1.09232631e-6   1.13279820e-7    1.57026697e-8   5.11639030e-12   4.88268669e-1  
  207   751   7.80469498e8                                                                                                                                                                     
  207   750   7.77810448e8                                                                                                                                                                     
  208   751   7.78438875e8                                                                                                                                                                     
  208   750   7.83493311e8                                                                                                                                                                     
  209   751   7.73428231e8                                                                                                                                                                     
  209   750   7.79859124e8                                                                                                                                                                     
  210   751   7.69835251e8                                                                                                                                                                     
  210   750   7.77369911e8                                                                                                                                                                     
  206   747   7.13910806e8   1.10600645e6   1.62003355e-1   1.68466671e-15   5.21430503e-2   3.02140124e-11   1.81395524e-7   4.74388321e-8    1.72391228e-9   2.98640467e-13   7.85853364e-1  
  206   746   7.19849955e8   1.20888990e6   1.07773701e-1   8.69580284e-16   3.46885191e-2   1.45745042e-11   6.68329704e-8   3.15638276e-8   6.22651433e-10   9.76632348e-14   8.57537681e-1  
  207   747   7.13593445e8                                                                                                                                                                     
  207   746   7.17120476e8                                                                                                                                                                     
  208   747   7.14896049e8                                                                                                                                                                     
  208   746   7.15930636e8                                                                                                                                                                     
  209   747   7.18366841e8                                                                                                                                                                     
  209   746   7.19430129e8                                                                                                                                                                     
  210   747   7.16592755e8                                                                                                                                                                     
  210   746   7.18982423e8                                                                                                                                                                     

