1
1
1
0
(25 0
((80,0) (95,7) (0,0))
((56,32) (63,47) (0,0))
((96,32) (111,47) (0,0))
((80,32) (95,47) (0,0))
((64,32) (79,47) (0,0))
((56,112) (63,127) (0,0))
((56,96) (63,111) (0,0))
((56,80) (63,95) (0,0))
((56,64) (63,79) (0,0))
((56,48) (63,63) (0,0))
((96,112) (111,127) (0,0))
((96,96) (111,111) (0,0))
((96,80) (111,95) (0,0))
((96,64) (111,79) (0,0))
((96,48) (111,63) (0,0))
((80,112) (95,127) (0,0))
((80,96) (95,111) (0,0))
((80,80) (95,95) (0,0))
((80,64) (95,79) (0,0))
((80,48) (95,63) (0,0))
((64,112) (79,127) (0,0))
((64,96) (79,111) (0,0))
((64,80) (79,95) (0,0))
((64,64) (79,79) (0,0))
((64,48) (79,63) (0,0))
)
25
FabOnDisk: phi_D_00011 0
FabOnDisk: phi_D_00018 0
FabOnDisk: phi_D_00019 0
FabOnDisk: phi_D_00003 0
FabOnDisk: phi_D_00000 0
FabOnDisk: phi_D_00014 0
FabOnDisk: phi_D_00014 1110
FabOnDisk: phi_D_00013 0
FabOnDisk: phi_D_00013 1108
FabOnDisk: phi_D_00018 1108
FabOnDisk: phi_D_00007 0
FabOnDisk: phi_D_00007 2135
FabOnDisk: phi_D_00005 0
FabOnDisk: phi_D_00002 0
FabOnDisk: phi_D_00019 2133
FabOnDisk: phi_D_00010 0
FabOnDisk: phi_D_00009 0
FabOnDisk: phi_D_00001 0
FabOnDisk: phi_D_00016 0
FabOnDisk: phi_D_00012 0
FabOnDisk: phi_D_00004 0
FabOnDisk: phi_D_00008 0
FabOnDisk: phi_D_00017 0
FabOnDisk: phi_D_00015 0
FabOnDisk: phi_D_00006 0

25,1
9.9975088429475090e-01,
9.9989443596664096e-01,
1.0000040531486074e+00,
1.0009618513423091e+00,
1.0023629108255097e+00,
9.9813670052035131e-01,
9.9814868334639573e-01,
9.9779038408828535e-01,
9.9785808199113202e-01,
1.0006002815841664e+00,
1.0000000050272972e+00,
1.0001447309438580e+00,
1.0008741157178171e+00,
1.0002655901078972e+00,
9.9994918184719073e-01,
1.0000152603605379e+00,
9.9983124835660631e-01,
9.9871050507355408e-01,
1.0002686820493079e+00,
1.0311313801158839e+00,
9.9792096362136040e-01,
9.9540003518315912e-01,
9.9541703766133083e-01,
9.9653320544829505e-01,
1.0024885919666267e+00,

25,1
1.0102607689833250e+00,
1.0425063920788746e+00,
1.0673565613605756e+00,
1.5565495739269652e+00,
1.4507158960206294e+00,
1.0041799038845154e+00,
9.9902096573550925e-01,
9.9893601691894596e-01,
1.0015594308886211e+00,
1.0447007773831023e+00,
1.0415365984804636e+00,
1.3602770084384295e+00,
1.7149789353329612e+00,
1.9784425246758035e+00,
1.9885729914744190e+00,
1.0880853888338873e+00,
1.2681000963535338e+00,
1.3327900077267492e+00,
1.9136038120394028e+00,
1.9893360494618673e+00,
1.0300767715911745e+00,
1.0188983829825489e+00,
1.0000964468693256e+00,
1.0178768176992126e+00,
1.4633728036687392e+00,

