512
1.34223383022463 1.91362372100311 3.66640685502216 -0.0771844113183578 0.0275749147335409 0.277760457001477 0 0 0 7 0 
2.65659105598579 3.89499829542255 2.50398444345209 0.410439403732386 0.0929998863615029 0.200265629563472 0 0 0 12 0 
2.1853669280391 0.201655554812993 0.318704833109437 0.0456911285359398 0.246777036987533 0.254580322207296 0 0 0 62 0 
1.94211873142562 1.16385313299623 0.791996106400739 0.162807915428374 -0.222409791133585 -0.113866926239951 0 0 0 161 0 
2.02112725688909 2.40724661480631 2.66911644075304 0.301408483792606 0.460483107653754 0.54460776271687 0 0 0 147 1 
1.93627112536601 1.54881939494421 2.03985407013229 0.695751408357734 -0.130078707003719 0.369323604675486 0 0 0 128 0 
2.97339010968852 2.56179251917643 3.68164897246636 0.564892673979235 0.804119501278428 0.0787765981644244 0 0 0 234 0 
2.05531814377933 0.508990476646717 0.641574103538511 0.703687876251955 -0.399400634890219 0.476104940235901 0 0 0 236 1 
1.15096493940547 2.24187415825919 3.10447270047648 0.910064329293698 0.0494582772172791 0.0402981800317657 0 0 0 40 0 
0.593062058746292 3.08832584030489 3.88924976540719 -0.593795862750247 0.972555056020326 0.292616651027146 0 0 0 195 0 
1.25301544650597 1.51110704029722 0.5481167257127 -0.0164656368996022 0.667407136019815 -0.663458884952487 0 0 0 158 1 
0.336793426715683 1.13620878026508 2.49039263373438 0.455786228447712 0.575747252017672 -0.267307157751042 0 0 0 239 1 
3.64489931692679 0.273987170411732 0.870429576809642 -0.0570067122048807 0.251599144694115 0.824695305120643 0 0 0 77 1 
0.311629493315037 0.24618662119146 0.137636914463944 -0.279224700445664 0.716412441412764 -0.690824205702404 0 0 0 213 1 
0.21427331252026 0.422149600459805 0.820843905094018 0.980951554168017 0.32814330669732 0.154722927006268 0 0 0 146 0 
0.475771692476362 3.77828313786225 2.94112792216867 -0.868281887168243 0.618552209190817 0.0960751948112444 0 0 0 151 0 
0.383090873797424 1.00639602520681 0.153599369194648 -0.741127275080172 -0.43290693165288 -0.0230933753870235 0 0 0 205 0 
0.360750605830779 3.50361678337786 0.546482185075642 -0.875949959611281 -0.0664255477748089 0.869765479005043 0 0 0 179 0 
2.81167525032442 0.315915599661215 3.04078046893227 0.287445016688295 -0.878938960022586 0.636052031262151 0 0 0 42 1 
1.52055135449414 1.49841161982704 0.212105827808999 -0.265296576367058 -0.600105892011531 -0.752526278146067 0 0 0 198 1 
0.363988399772665 0.795082177120851 0.166117675457234 -0.809067440015156 -0.646994521525277 -0.0222588216361844 0 0 0 136 0 
0.36723655266974 1.04773108328611 2.34659984821166 -0.742184229822017 -0.696817927780926 0.789773323214111 0 0 0 225 1 
3.09582005220218 0.160936701838515 3.34862316651881 0.573054670146812 -0.755937553210766 -0.143425122232079 0 0 0 210 1 
0.559676428489384 3.09957596262587 0.959188606975515 -0.862688238100708 0.306638397508391 0.363945907131701 0 0 0 7 1 
1.46134796566026 3.52278827159291 0.891579045140476 -0.73591013562265 -0.0651474485604725 0.626105269676032 0 0 0 180 1 
1.11465956047109 2.3475219054115 0.371535402430163 -0.759022695968594 0.5898347936941 -0.541897639837989 0 0 0 188 1 
1.7504755698774 1.76303944354608 2.00310140676178 -0.0499682953415065 -0.582464037096928 -0.233126572882548 0 0 0 151 1 
3.02527370591996 2.51637028822856 0.741995412824731 0.768351580394664 0.80109135254857 -0.983866972478351 0 0 0 204 0 
2.16644951957992 0.426008842583186 1.33938058337033 -0.888903365361338 0.261733922838879 0.522625372224689 0 0 0 45 1 
1.37680486045039 1.30843977191976 1.71433638976572 -0.874879675969974 0.920562651461317 -0.0523775740156186 0 0 0 46 0 
3.16703667695688 1.51827094832277 1.91274308467982 0.244469111797126 -0.932115270111815 0.360849538978654 0 0 0 49 0 
3.87559358289651 1.64692191188923 3.78385681229404 0.291706238859767 -0.990205205874051 0.085590454152936 0 0 0 33 0 
0.758604375836914 1.9129819603824 2.66898326490504 0.417240291722461 -0.77246786930784 0.611265550993669 0 0 0 106 1 
2.78825082173584 1.91626330865358 2.01400539142323 0.885883388115722 -0.972249112756428 -0.165732973905118 0 0 0 66 1 
3.14966871078892 2.17772933456776 1.27855807131942 0.443311247385928 -0.821484711028816 0.851903871421295 0 0 0 8 1 
0.407323112756666 0.823354118987233 1.92303862611921 0.393821540850444 0.688223607932482 -0.705130758258719 0 0 0 250 0 
1.16084976135314 2.73245639568192 1.838225588728 -0.42261001590979 -0.051169573621205 -0.777451627418134 0 0 0 112 0 
2.66451888920175 0.599869741586812 2.2060367267953 -0.52236540738655 0.273324649439121 -0.886264218213647 0 0 0 78 0 
2.25537201922747 3.10263210209314 1.82983014352111 -0.949641865384835 0.706842140139543 0.288655342901407 0 0 0 173 0 
2.75561048142925 2.95499035314389 2.32473804346462 0.81704069876195 -0.636333976457074 0.654982536230975 0 0 0 127 1 
0.0882930868870657 3.79978794808417 1.70910098632591 0.839219539125804 -0.113347470127722 0.880606732421727 0 0 0 136 1 
2.28876278844592 2.4902143392169 1.87680809552381 0.385917519229728 -0.933985710718873 -0.44154612696508 0 0 0 52 1 
2.38852845811578 3.11170382335351 0.562571743155166 0.592568563874385 -0.825886411776433 -0.862495217122989 0 0 0 99 0 
1.91561595113386 2.8980471621955 0.406418760468541 -0.705625603257743 -0.840130189186966 -0.806238749302097 0 0 0 52 0 
2.79147030070549 3.31428185865975 1.4585476834332 -0.847235313286301 -0.412381209422684 0.463903178895547 0 0 0 153 1 
3.97043348027117 1.27480667421754 2.67331888530373 0.0313622320180778 -0.148346221718831 -0.788445407646418 0 0 0 32 0 
3.40771181068028 1.25479682492709 0.326268102651168 -0.806152545954648 0.31698645499514 -0.0782487931565888 0 0 0 29 0 
3.73305236764913 3.2635869496558 1.05589057858179 -0.517796508823392 0.184239129977053 -0.362940628094547 0 0 0 97 1 
3.87000541316312 1.14524648087734 0.616083283697018 -0.508666305789126 -0.156983567941511 -0.525594447753532 0 0 0 125 1 
3.83161223245555 0.956603147396227 0.316975637932362 -0.644559184502963 0.897106876493082 -0.612201624137843 0 0 0 47 1 
3.22470182236555 1.31461228955366 2.54429169857043 -0.818353211842297 -0.879025847363089 -0.663713886761971 0 0 0 53 0 
3.96641933413547 0.935008550778368 2.47133712101234 -0.768905377724302 -0.170999429948109 -0.935244191932511 0 0 0 13 0 
1.9604115694859 3.96039907192257 0.475159574542546 0.430694104632393 -0.369306728538495 0.265010638302836 0 0 0 249 0 
1.72021497204111 1.8753233236386 3.46710303265914 0.214680998136074 0.158354888242573 -0.668859797822724 0 0 0 34 0 
1.94630927691162 0.123881207624838 3.52489592872115 0.763087285127441 0.241592080508323 -0.931673604751923 0 0 0 95 0 
2.77779346812708 2.15813683475039 3.83131579352274 -0.114813768791528 0.777209122316692 -0.911245613765151 0 0 0 217 0 
2.50806463901882 2.33090139287815 3.97996906885259 0.467204309267922 -0.544606573808124 -0.368002062076493 0 0 0 229 1 
0.151516503821866 2.37141513601266 3.99797571648014 0.443434433588124 -0.608572324265823 -0.100134952234657 0 0 0 211 1 
5.7800705443366 0.021256154873702 1.36331269041577 -0.247995297044227 -0.0985829230084199 0.257554179361051 0 0 0 103 0 
4.41286986373451 0.380687977379124 0.584868906298562 -0.0724753424176992 -0.0746208015080584 0.272324593753237 0 0 0 118 0 
5.4638650454211 0.15984247235316 1.81618230384864 -0.33574233030526 0.110656164823544 0.421078820256576 0 0 0 70 1 
6.96372526910904 1.55682502058704 0.76536335865792 -0.0357516487260645 -0.129544998627531 0.417690890577195 0 0 0 96 1 
7.69457560193481 1.98783054121828 2.8088941269426 -0.187028293204346 0.565855369414552 -0.11274039153716 0 0 0 202 1 
5.42188700129419 0.846737618014817 0.199498081976849 -0.671874199913721 -0.110217492132346 0.246633205465123 0 0 0 57 0 
7.48043451923868 0.0107416189205637 1.27464356150666 -0.467971032050754 0.167382774594704 -0.215023762566223 0 0 0 10 1 
4.64627448121603 0.920603670819022 2.22767552442812 -0.323581701252265 0.494706911387935 0.648511701628541 0 0 0 251 1 
6.86361852056516 2.87052645618844 1.56255803498052 -0.575758765295656 0.0913684304125628 0.404170535665368 0 0 0 5 1 
5.7889540599102 3.63457973701735 2.76736110960882 0.152596937327346 0.87563864913449 0.0844907406405877 0 0 0 156 0 
5.78980396395906 2.417221162508 2.54374222061918 0.219320264263938 0.3278147441672 0.802916148041278 0 0 0 43 1 
7.32557157303336 3.32725686662842 3.59322512750147 -0.0782952284644429 0.321817124441894 0.939548341833431 0 0 0 88 1 
4.07607678577891 2.63560323625862 3.36506950630766 -0.42826154761474 0.275706882417241 0.857671300420511 0 0 0 102 1 
5.52715014161615 1.22165672647479 0.284950015566585 -0.86485665722559 -0.351889551568347 0.452330001037772 0 0 0 171 1 
6.35788492162825 3.97413172274912 2.81796984519536 -0.0761410052247832 0.431608781516608 0.887864656346357 0 0 0 92 1 
5.56182315478304 2.14599928427711 0.146432975532035 -0.395878456347798 -0.156933381048193 -0.490237801631198 0 0 0 241 1 
4.42718331102092 2.14163554568926 2.24503773226124 -0.738187779265272 0.109442369712617 0.783002515484083 0 0 0 33 1 
6.05364336249243 1.31375196690872 1.2619345888321 -0.229757109167171 -0.0790832022060853 -0.415871027411194 0 0 0 123 1 
6.06396125393771 0.787190730768261 1.18268886561123 0.170930750262514 -0.0475206179487826 0.778845924374082 0 0 0 24 1 
6.55874682071718 2.36003160445291 3.98875630657831 -0.929416878618855 0.724002106963527 0.56591708710522 0 0 0 205 1 
5.91783453129621 3.56348053179305 1.27160015446803 0.161188968753081 0.670898702119537 0.984773343631202 0 0 0 172 0 
6.41208478169743 0.82778844782319 0.391760438618486 0.327472318779829 0.955185896521546 -0.673882637425435 0 0 0 26 1 
7.65936378617859 0.540844984791055 1.3773998819218 0.877290919078573 0.336056332319404 0.191826658794787 0 0 0 210 0 
6.80579141544191 1.68202667473469 0.61518797868414 0.620386094362794 0.412135111648979 0.541012531912276 0 0 0 179 1 
5.36254045396479 0.208098467681097 3.35487453973998 -0.0758306364023476 0.91387323117874 -0.00967503068400177 0 0 0 123 0 
6.92070368003253 0.0535733343189839 1.56379573958564 -0.305286421331164 0.970238222287932 0.470919715972376 0 0 0 85 1 
4.84745573216148 3.40954757236495 2.90301122169779 0.156497048810765 -0.13936349517567 0.360200748113186 0 0 0 167 0 
6.1425120463196 0.655032256734465 1.8071932735832 -0.22383253024536 0.0770021504489643 -0.446187115094453 0 0 0 115 1 
7.46130486325144 2.8684244405916 1.86611699226388 -0.269246342449904 0.557894962706107 -0.442258867182408 0 0 0 245 1 
6.69293984833241 2.3069732238694 1.48951143748456 0.0128626565554935 0.653798214924627 -0.600699237501029 0 0 0 223 1 
4.97365623527648 3.13424882617467 2.54193525915586 -0.0350895843149014 0.975616588411645 -0.33053764938961 0 0 0 242 1 
4.71944105801932 2.28582181505219 3.73515012839477 0.214629403867955 0.185721454336813 0.682343341892985 0 0 0 34 1 
7.00766708269081 3.10422456787778 1.25233120531889 0.900511138846054 -0.159718362141481 0.983488747021259 0 0 0 231 0 
7.05466555433253 0.383548257230202 2.41016947162542 0.836977703622169 0.525569883815347 -0.405988701891638 0 0 0 254 1 
6.93537001026861 2.48761979727047 1.05084245608841 0.0956913340179071 0.0658413198180312 -0.829943836260773 0 0 0 102 0 
5.86407899915865 1.2674713237204 0.609357842963165 0.29093859994391 -0.68216857841864 -0.992709477135789 0 0 0 130 0 
5.5665073308131 2.13315202998245 0.223743435696264 0.671100488720873 -0.357789864667836 -0.685083770953582 0 0 0 221 1 
5.91393877584789 2.54261945907843 2.81315775868075 -0.705737414943474 -0.530492036061438 0.62087718391205 0 0 0 165 1 
6.70317870118939 2.05576998566392 2.92087122997898 0.61354524674596 -0.696282000955739 0.294724748665265 0 0 0 31 0 
6.65007508460619 3.64835759959568 0.400403696016779 0.543338338973746 -0.123442826693621 0.393360246401119 0 0 0 150 1 
5.96891808211137 3.03482024921465 1.59267600533452 0.831261205474091 0.635654683280977 -0.860488266311032 0 0 0 219 0 
4.91006899875871 1.16898491708512 2.66253184425069 -0.105995400082753 -0.355401005527659 -0.455831210383288 0 0 0 235 1 
6.93809331895625 3.26814467942146 1.51874422363801 -0.77079377873625 0.851209645294764 -0.998750385090799 0 0 0 139 0 
7.5304564646779 1.42690828939204 2.65759939258783 0.668697097645193 0.595127219292803 -0.456160040494145 0 0 0 175 1 
4.95404860928218 2.0661450255448 0.950285898841279 0.830269907285479 -0.82892366496368 0.363352393256085 0 0 0 72 1 
5.70303730784715 2.85549665614076 2.03250558819014 -0.853130846143523 -0.842966889590616 0.035500372546009 0 0 0 19 0 
6.17180889808515 3.12166771373369 1.00463626376579 -0.421879406794323 -0.691888819084421 -0.499690915748947 0 0 0 60 1 
6.50499310266049 3.49672167943426 0.330942551104729 0.333666206844032 -0.400218554704383 0.988729503406982 0 0 0 154 0 
5.98175000431831 0.322069017312391 2.21524035488744 0.0321166669545541 -0.145195398845841 -0.95231730967417 0 0 0 74 0 
4.23463850077711 3.17725279329603 2.88686778244785 -0.81769076661486 0.645150186219735 -0.574208814503476 0 0 0 137 1 
6.76465967864046 1.20981539835062 2.99197967952546 0.284310645242697 0.980654359890041 -0.700534688031636 0 0 0 43 0 
5.38552359526965 1.82159440301743 3.18421232637008 0.525701573017977 0.688106293534495 -0.687719178241995 0 0 0 175 0 
4.74076244692566 0.449905481290118 1.27864290310756 0.749384163128378 0.596660365419341 0.985242860207171 0 0 0 239 0 
4.04955069078608 3.61890849545199 0.292798192166417 0.769970046052405 -0.525406100303201 -0.880480120522239 0 0 0 228 0 
4.03624053311033 3.15928790623885 0.968877529759242 -0.497583964459311 -0.889380806250743 0.364591835317283 0 0 0 65 1 
5.95632057379842 3.05700972805039 2.9928905665675 -0.369578628413438 -0.962866018129974 0.499526037771167 0 0 0 69 1 
4.78342567746406 3.90989975083554 2.54015853663143 0.0855617118309377 -0.70600668327763 0.802677235775428 0 0 0 40 1 
5.93591242078562 3.58143203241819 3.81654443351406 0.429060828052375 -0.527904531172121 0.821102962234271 0 0 0 177 1 
4.10156086109695 1.15860111206433 3.93922958482015 0.173437390739797 -0.489426592529045 -0.570718027678657 0 0 0 190 0 
7.8594521535236 0.0190734642477529 3.72334504605981 -0.10936985643176 0.0346048976165169 -0.718443663596013 0 0 0 83 0 
5.77969357088956 1.32232874098715 3.77028643339255 -0.181353761940696 0.0548219160658101 -0.71531423777383 0 0 0 84 0 
6.62543036171259 3.07058670007653 3.64727670998088 -0.191637975885827 0.438039113338435 -0.790181552667941 0 0 0 79 0 
6.71414132269609 3.65219946579453 3.90801307246593 -0.452390578486927 0.943479964386302 -0.172799128502271 0 0 0 167 1 
6.99851476675604 1.93650440989662 3.90672478667979 0.966567651117069 0.895766960659775 -0.706218347554681 0 0 0 212 0 
2.54284465625368 4.8214115475135 2.3569501924803 0.202856310416912 -0.311905896832434 -0.00953665383464652 0 0 0 169 0 
3.07255444572897 7.34527015778896 3.43712742382381 0.438170296381932 -0.41031532281407 0.595808494921587 0 0 0 28 1 
1.93534103484149 5.18745945148796 3.28176201754396 -0.104310597677234 -0.22083603656747 0.785450801169597 0 0 0 192 1 
3.0024309518755 4.99888885350856 3.11116716779852 0.166828730125033 -0.700074076432763 0.774077811186568 0 0 0 49 1 
0.883991668233436 4.9695725552591 0.954524570288031 -0.374400555451104 -0.10202849631606 -0.103031695314131 0 0 0 235 0 
1.81586370054963 7.08077949145906 1.02091072128586 0.287724246703309 -0.694614700569396 0.234727381419058 0 0 0 39 0 
0.711075536235048 6.10179286441542 2.59855145683374 0.61407170241567 0.106786190961028 0.539903430455583 0 0 0 212 1 
0.453234138350425 6.86506980624767 2.27774556385243 0.596882275890029 -0.242328679583489 0.585183037590162 0 0 0 232 1 
2.43710013038459 6.04413785949166 1.3895778542914 0.0624733420256394 -0.0303908093672229 -0.340694809713907 0 0 0 170 1 
0.773799373718496 7.53481163221798 2.12136393948673 0.151586624914566 -0.664345891185468 -0.0919090707008845 0 0 0 54 0 
2.61857433248923 5.09841550399507 1.30627701626963 -0.192095044500718 0.173227700266338 0.587085134417976 0 0 0 122 1 
1.12432858490131 5.42884184896155 1.53409018598428 -0.158378094339912 -0.00474387673589671 0.802272679065619 0 0 0 152 1 
1.16521217300085 6.34749262348866 1.97046057461271 0.644347478200056 -0.476833825100756 -0.301969295025819 0 0 0 108 1 
3.48114379778535 7.45979045611432 1.02042471052781 0.265409586519023 0.663986030407621 -0.0319716859648126 0 0 0 25 0 
0.682726481919755 4.95091864402883 3.74347037708909 0.34551509879465 0.163394576268589 0.216231358472606 0 0 0 73 0 
2.76593399438157 5.81637394183433 0.757902410993523 -0.182271067041229 0.354424929455622 0.483860160732901 0 0 0 98 1 
1.35118542752509 7.16282231620368 0.647590670392009 0.990079028501673 0.0441881544135785 0.143172711359467 0 0 0 155 0 
3.71944515419244 6.13158779379518 0.320058548068699 -0.0520369897205044 -0.624560813746988 0.18800390320458 0 0 0 97 0 
3.20454107316225 7.54390016743032 0.0604337926126395 0.180302738210817 0.669593344495355 0.704028919507509 0 0 0 25 1 
2.54681603028677 6.57134800184166 1.91829188229829 0.136454402019118 0.271423200122777 -0.372113874513447 0 0 0 57 1 
2.71656413349476 6.89013698091441 0.282751234457862 -0.18556239110035 -0.440657534605706 0.785516748963857 0 0 0 74 1 
2.42164136015775 7.3799284469832 0.808446642720472 0.928109424010517 0.39199522979888 -0.579436890485302 0 0 0 101 1 
2.03297399976435 5.6961002156268 2.33252946966958 -0.431135066682377 0.213073347708453 0.655501964644639 0 0 0 124 1 
0.390166044762498 6.65870932125091 0.563496844136939 0.9926777363175 -0.589419378583272 0.737566456275796 0 0 0 18 1 
0.661780060427377 5.86789729754565 2.60440899420278 -0.789214662638175 0.357859819836376 0.473627266280185 0 0 0 4 1 
0.127984540613411 7.9718116979412 0.183665188300553 0.575198969374227 -0.96854588680392 0.912244345886703 0 0 0 236 0 
2.03692504323642 7.01717902600134 2.83676771396269 0.502461669549095 -0.165521398266577 -0.244215485735821 0 0 0 234 1 
0.0298756795975322 6.9059190503488 0.0641233612684258 0.235325045306502 0.360394603356587 0.970941557417895 0 0 0 24 0 
1.03460612281427 7.59456691309814 1.60309401225052 -0.497692925145716 -0.527028872460124 -0.526460399183299 0 0 0 100 1 
1.57043771902803 5.95702041853381 1.19796147625039 -0.128637485398131 0.630468027902254 0.44653076508336 0 0 0 32 1 
1.92859608372686 6.33988545262896 0.677257885078455 -0.304760261084876 0.655992363508597 0.67848385900523 0 0 0 111 1 
1.84264103857951 5.91879093225776 3.09171197414887 -0.5771572640947 -0.438747271182816 0.0394474649432583 0 0 0 110 0 
1.20340457883173 4.78118250781066 1.23291737208815 -0.819773028077885 -0.581254499479289 0.182194491472544 0 0 0 27 0 
0.956250470780402 7.54774833110682 2.93769017739495 -0.769583301947973 0.469849888740455 -0.237487321507003 0 0 0 36 1 
1.32008314091201 6.39939892165385 3.34118228872074 0.588005542727468 0.726626594776923 -0.210587847418617 0 0 0 228 1 
2.76960349190579 5.27371158802437 1.44545380571588 -0.0486931005396138 -0.415085894131709 -0.670303079618942 0 0 0 132 1 
0.521637856886242 6.89869957666447 2.82302029532409 -0.26522414287425 -0.106753361555703 -0.37846531364506 0 0 0 253 1 
3.78961497855631 5.18294112670563 0.505173160507829 0.285974331903754 -0.354470591552958 -0.932988455966145 0 0 0 149 0 
3.82061178785933 7.79482646363846 1.0862318426592 0.354707452523955 -0.447011569090769 -0.82758454382272 0 0 0 38 0 
2.90829575910253 5.09797404610652 1.32742917292498 0.960553050606835 -0.0268017302595656 -0.744838055138335 0 0 0 245 0 
1.98665522397492 6.23807198450405 1.30466025275192 0.832443681598328 0.0492047989669362 -0.746355983149872 0 0 0 246 0 
3.20577770695483 4.16142401886824 1.60758178797015 -0.152948152869678 -0.555905065408784 -0.726161214135323 0 0 0 126 0 
0.121129435254923 7.22357465364008 1.28573748052698 0.708075295683661 0.514904976909339 -0.747617501298201 0 0 0 114 0 
3.40725318416542 4.32938222828402 0.0253808012590063 0.393816878944361 0.121958815218934 -0.0316412799160662 0 0 0 11 0 
1.48624143203726 4.97803957084899 2.35178830539822 0.265749428802484 0.365202638056599 -0.476547446306785 0 0 0 35 1 
3.22482285540057 6.38682339241461 0.444375044012332 -0.285011809639962 0.925788226160974 -0.337041663732511 0 0 0 224 1 
2.88155588256709 6.56870919739391 1.36131522336101 -0.507896274495528 -0.262086053507073 -0.875912318442599 0 0 0 214 0 
3.70827548803547 5.14144414452667 1.37291562460656 -0.119448300797635 0.176096276301778 -0.875138958359563 0 0 0 90 0 
1.18986267809543 7.1640546524925 1.91420174115977 0.245990845206362 -0.155729689833834 -0.705719883922682 0 0 0 187 0 
0.259724156514437 7.63485201678795 1.65735038061763 0.783981610434296 0.60899013445253 -0.789509974625491 0 0 0 101 0 
0.349444033965395 7.6207983769067 1.57937264333916 0.323296268931026 0.87471989179378 -0.861375157110723 0 0 0 213 0 
3.81446376361771 7.43048966152289 2.18415843065579 0.0209642509078471 0.862032644101526 -0.754389437956281 0 0 0 168 0 
1.31339488938177 5.06175406494807 0.191513111197324 0.454226325958785 0.570783604329872 -0.620565792586845 0 0 0 110 1 
3.69961783229639 5.19879683130235 2.83151392524459 -0.0533588111802408 0.97991978875349 0.955434261682972 0 0 0 201 1 
2.11148460837577 5.32634008527508 1.23049655418369 -0.492567692774949 0.721756005685005 0.782033103612246 0 0 0 215 1 
3.57154436819816 5.27468715384299 0.795144729402554 0.804769624546544 0.918312476922866 -0.91365701803983 0 0 0 224 0 
2.77677882935475 6.28356857582443 2.23524243191123 -0.981548078043017 -0.081095428278371 0.315682828794082 0 0 0 174 0 
3.69856562522003 5.97172133538474 1.33338190250036 -0.253428958318665 0.964781422358983 -0.344441206499976 0 0 0 240 1 
2.07998203323688 5.17514392106717 2.11165172875585 0.638665468882458 -0.421657071928856 -0.959223218082944 0 0 0 196 0 
2.83291971765178 6.91420614386821 2.57911641531384 -0.177805352156547 0.827613742924547 -0.728058905645744 0 0 0 230 0 
3.47851711038397 5.07365659783237 2.65558508976329 -0.134765525974402 -0.495089560144509 -0.989627660682447 0 0 0 94 0 
0.123591122070429 4.33555257812196 3.07858806919338 -0.625093925195304 0.65570350520813 0.105239204612892 0 0 0 215 0 
1.57364026998432 4.2827250052604 0.228069701961269 0.871576017998955 0.918848333684027 -0.0181286865359154 0 0 0 201 0 
2.03216255305359 4.06631375624027 0.675001224129579 0.702144170203572 0.371087583749352 -0.854999918391361 0 0 0 104 0 
2.37912356977365 4.07564357456535 3.10617286900072 -0.874725095348423 0.838376238304357 -0.0262551420666183 0 0 0 189 0 
3.43495613270422 7.65434420136855 0.00143924533057438 -0.871002924486385 -0.523043719908763 -0.366570716977962 0 0 0 17 1 
3.96799567022342 7.58691428047793 0.426840671280791 -0.902133621985105 0.205794285365195 -0.471543955247947 0 0 0 178 1 
3.90001814379474 6.5926698630622 3.10059051796271 -0.106665457080351 -0.860488675795854 -0.293293965469153 0 0 0 126 1 
3.18779511293829 6.41368183187025 1.19558599782176 -0.820813659137447 0.92757878879135 -0.0202942668118828 0 0 0 157 0 
0.0715559070301226 4.28700342039456 3.18661837365392 -0.0285629395313252 0.985800228026304 -0.887558775089738 0 0 0 133 0 
3.60889060811326 7.00682242773964 3.57386090556862 0.340592707207551 -0.232878504817357 -0.861742606295425 0 0 0 134 0 
2.33543993812803 4.54008094567478 3.59090720005227 0.789029329208535 -0.130661270288348 -0.793939519996515 0 0 0 203 0 
3.54308921477031 5.97057046861564 3.64132673769545 0.669539280984688 0.298038031241042 -0.457244884153636 0 0 0 87 1 
7.44128753650129 5.03474144602273 0.733785553647886 -0.0705808308999134 -0.431017236931818 0.282252370243192 0 0 0 244 0 
6.30669720642372 4.8549810726039 3.92726890979071 -0.146220186238419 0.0903320715069265 0.16181792731938 0 0 0 96 0 
6.47407298247389 5.39306726681001 1.37243556112641 0.264938198831593 -0.340462182212666 0.0581623707417604 0 0 0 135 0 
6.25187592118901 7.23272164030403 2.10094664475192 -0.483208271920732 0.0488481093536022 0.640063109650128 0 0 0 187 1 
4.2726566247714 4.27618566371627 2.97916846228024 -0.881822891681907 -0.548254289085582 0.0986112308186828 0 0 0 30 0 
5.39383654653231 5.49671087338692 1.04147109047716 0.0595891031021543 -0.266885941774206 0.56943140603181 0 0 0 249 1 
7.51646987212413 4.75680494333681 3.83540128232521 -0.532235341858391 -0.916213003777546 0.889026752155014 0 0 0 41 1 
7.73061053582225 6.17894929572237 3.53229676825671 -0.584625964278516 -0.0214033802851747 0.135486451217114 0 0 0 153 0 
7.94051031969438 7.42768420712861 1.96839188152891 0.562700687979625 -0.338154386191426 0.364559458768594 0 0 0 61 0 
6.90759089019822 6.06221077814384 2.15013407200541 -0.839493940653452 0.304147385209589 0.710008938133694 0 0 0 56 1 
7.58166137211159 7.27284055173846 3.99401040047223 -0.127889241859227 -0.681810629884102 0.0329340266981486 0 0 0 119 0 
7.49513423417965 4.66349112818366 0.706676327132705 -0.533657717721357 -0.322433924787755 -0.519554911524486 0 0 0 185 1 
7.93171254301263 5.33528812460722 2.2513367568688 0.695447502867509 0.0556858749738145 0.58342245045792 0 0 0 163 1 
7.55789868208742 6.92275784405014 0.783003481657203 -0.596140087860839 -0.905149477063324 0.818866898777147 0 0 0 129 1 
7.54698258737941 6.17825856714024 0.182199779925486 0.336465505825294 0.245217237809349 -0.687853348004968 0 0 0 27 1 
4.2607003820893 7.48523445432196 2.62726341465533 -0.749286641194047 0.732348963621464 0.741817560977022 0 0 0 61 1 
7.87418325780991 5.62302776255361 2.85280260760721 0.824945550520661 -0.725131482496426 0.156853507173814 0 0 0 65 0 
7.89765402733558 6.81399045016509 3.96625529022026 -0.906823064844295 -0.645733969988994 0.231083686014684 0 0 0 66 0 
6.4203458366729 5.42762263251432 0.576719339610231 -0.538643610888474 -0.738158491165712 -0.728218710692651 0 0 0 2 1 
5.52422029801843 7.47359806293298 1.06875365406229 -0.998385313465438 0.331573204195532 -0.628749756395848 0 0 0 89 1 
7.23941906405352 4.80796323151643 0.121062664216451 0.449294604270235 0.220530882101095 -0.95859582238557 0 0 0 21 0 
6.82839487706017 6.24287362628337 1.04671109260542 0.888559658470678 -0.483808424914442 -0.230219260492972 0 0 0 75 1 
4.52911851294415 7.31776049502189 0.794939927579576 -0.798058765803723 0.387850699668126 -0.980337338161362 0 0 0 5 0 
7.95030686043338 5.91101267555643 1.97364082434991 -0.369979542637774 0.360734178370429 -0.635090611710006 0 0 0 3 1 
6.61234919706734 5.38348237030861 3.6130950266262 0.274156613137822 0.592232158020574 0.274206335108414 0 0 0 15 0 
5.03820711142092 4.47631877865315 2.77103537464019 -0.364119525905272 0.19842125191021 -0.381930975023987 0 0 0 118 1 
4.26703826180571 7.91923958059054 0.622942588079716 0.117802550787048 -0.972050694627297 -0.258470494128019 0 0 0 139 1 
6.33747123268627 4.35008187988738 0.185980291057397 0.922498082179084 -0.743327874674175 -0.82093464726284 0 0 0 116 0 
6.06399812970546 6.56223768435801 1.56339975844704 0.104266541980363 0.0708158456238677 -0.929106682770198 0 0 0 197 0 
6.05239232229346 5.31535549006155 3.0871368678749 0.30349282148623 0.921023699337437 0.705809124524993 0 0 0 190 1 
6.73922339042854 5.07520053047396 0.165031337557303 -0.850718440638097 0.705013368698264 0.64433542250382 0 0 0 168 1 
4.28331930900799 5.18725839307739 2.68365372862052 0.118887953933866 0.912483892871826 0.878910248574702 0 0 0 159 1 
5.76453571327695 4.72372163897071 1.98336635226688 -0.182364285781536 0.681581442598047 -0.834442243182208 0 0 0 216 0 
5.18531966560881 6.84159029889504 2.50953928431291 0.712354644373921 -0.443893980073664 0.400635952287528 0 0 0 122 0 
5.18258767383882 6.57081613501648 0.0802197010354477 0.978839178255921 -0.0619455909989007 0.238681313402363 0 0 0 255 0 
4.82672398244533 7.29982485012111 3.98407586370015 0.755114932163022 0.386654990008074 0.76560505758001 0 0 0 119 1 
4.3454997321741 7.91744494035899 1.35571245655915 0.18969998214494 -0.305503670642734 -0.342952502896057 0 0 0 46 1 
4.93897413900229 7.85694647052848 0.243050825621514 0.829264942600152 0.423796431368565 0.649536721708101 0 0 0 104 1 
5.60640039600025 6.9905412600021 1.08694160373527 0.940426693066684 0.899369417333474 -0.494203893084315 0 0 0 252 1 
5.45662788303685 7.58415114116737 3.22549098065805 0.930441858869123 -0.261056590588842 -0.351633934622796 0 0 0 244 1 
5.03530425929826 5.14250893632724 3.19403762762306 -0.897646382713449 0.109500595755149 -0.487064158158462 0 0 0 31 1 
7.91995221534124 6.53211162453123 3.01522815785958 -0.372003185643917 0.402140774968749 -0.898984789476028 0 0 0 3 0 
6.94484143502545 6.77475574030969 3.27287345667203 -0.50367723766497 -0.981682950646021 -0.681808436221865 0 0 0 166 0 
5.85004893521104 7.11806272680654 3.2179002275523 -0.643330070985931 -0.825462484879564 -0.552139984829846 0 0 0 13 1 
7.39232000519056 6.3684760464024 2.61624147321249 -0.673845332987296 0.457898403093493 -0.792250568452501 0 0 0 18 0 
5.03904249736249 6.4214075333322 2.76156533882859 0.369269499824166 -0.67190616444452 -0.915895644078094 0 0 0 1 0 
7.38592637856292 4.21606566962727 1.26022741524303 0.459061758570861 0.714404377975151 0.0506818276828687 0 0 0 137 0 
5.90620626446349 4.14246225842457 1.00457225759137 0.360413750964233 0.776164150561638 0.833638150506091 0 0 0 141 1 
6.34390970382515 4.48282369790919 0.213808945992826 -0.0104060197449899 0.598854913193946 0.847587263066189 0 0 0 243 0 
4.52703813549466 6.9780531163972 3.38917834052021 0.935135875699644 -0.568129792240187 0.192611889368014 0 0 0 67 0 
4.26315933342676 7.7379483788087 2.15315729144189 0.517543955561784 0.615863225253914 0.376877152762793 0 0 0 56 0 
4.29178808470759 6.39602408055675 0.24218247961248 0.919452538980506 0.459734938703783 -0.617187834692501 0 0 0 99 1 
4.26087047278277 4.38328045272744 1.4161163357809 0.850724698185518 0.12555203018183 -0.0722589109479397 0 0 0 108 0 
4.14557229931323 6.48787101932365 3.7617666775111 0.976371486620882 0.66585806795491 -0.0492155548325938 0 0 0 78 1 
4.83072078694169 5.56131499376288 1.66672409108597 0.955381385796113 0.737420999584192 -0.388885060594268 0 0 0 247 1 
4.33840276512357 7.46492045662006 2.85426944239119 0.922560184341571 0.530994697108004 -0.643048703840587 0 0 0 115 0 
6.34477052448239 4.20339579700164 3.99909997017599 0.856318034965493 0.313559719800109 -0.4333933353216 0 0 0 83 1 
4.59255344876109 6.13522753228725 3.70586803321454 0.806170229917406 0.642348502152483 -0.852942131119031 0 0 0 80 0 
6.13008779681045 7.55007564000963 3.61332837163017 -0.557994146879303 -0.463328290666024 -0.925778108557988 0 0 0 22 0 
7.49662447485881 6.89210533902396 3.66531658678981 -0.86689170167608 0.892807022601597 -0.655645560880679 0 0 0 233 0 
6.86844276319482 4.20619323076757 3.55491393847938 0.891229517546321 -0.619587117948829 -0.796339070768041 0 0 0 75 0 
5.16539611274581 5.95329060084293 3.73956575047792 0.844359740849721 0.0302193733895288 -0.650695616634805 0 0 0 232 0 
4.37993507182702 6.12006424953086 3.21528281727444 0.258662338121801 0.708004283302057 -0.818981145515037 0 0 0 129 0 
0.941652412300931 1.29776115506125 5.46298942917705 0.229443494153395 0.0531840770040832 -0.00246737138819697 0 0 0 19 1 
1.43043678150176 1.0262959885566 4.04176570690191 0.195362452100117 -0.23158026742956 -0.430548952873206 0 0 0 146 1 
3.68950918805623 2.40870126536698 4.687684044679 0.145967279203749 0.727246751024465 -0.4541543970214 0 0 0 142 1 
1.01778388530479 2.74199880443206 4.71733107687031 0.101185592353653 0.816133253628804 -0.318844594875313 0 0 0 169 1 
1.86806504031305 3.19534698029294 6.90804242030579 -0.175462330645797 0.179689798686196 0.360536161353719 0 0 0 81 0 
0.0349144474342413 0.975969531303502 5.22213549390379 -0.49767237017105 0.498397968753567 -0.48519096707308 0 0 0 252 0 
1.77610229501075 2.51663472229659 6.55661655703041 0.951740153000717 0.00110898148643934 0.0037744371353603 0 0 0 44 1 
2.11179101501135 2.31059282372324 5.38870128703858 0.0407860676674237 -0.279293811751784 -0.207419914197428 0 0 0 186 1 
1.9181743745205 3.65644167460619 4.59120120952163 0.494544958301367 -0.0562372216929206 -0.327253252698558 0 0 0 226 1 
0.251048863874548 0.152230967398051 7.92432586400159 0.850069924258303 0.443482064493203 0.494955057600106 0 0 0 140 0 
3.69519307526248 1.84111723670948 6.4597330029921 0.479679538350832 -0.377258850886035 0.197315533532807 0 0 0 192 0 
1.54945715259569 1.3914895742502 4.78792051912393 -0.39670285649362 0.926099304950014 -0.314138632058404 0 0 0 112 1 
2.29163871274125 0.928309456523531 6.28099054625007 0.0527759141827502 0.161887297101569 0.452066036416671 0 0 0 6 0 
0.737382725318996 2.4694571827059 6.85597859625028 0.215825515021266 0.46463047884706 -0.909601426916648 0 0 0 131 1 
0.03710726555613 3.97915378404909 6.88996281248304 -0.964192848962925 0.431943585603273 -0.640669145834464 0 0 0 10 0 
3.88541614343732 2.27102384254181 6.45272220153949 0.225694409562488 -0.41526507716388 -0.2031518532307 0 0 0 173 1 
1.81697422860853 2.70654523449699 4.4969114415795 -0.0455350514260984 -0.319563651033534 -0.866872570561367 0 0 0 159 0 
3.19135036184781 0.0449500067783704 5.70558094654663 0.646090024123187 0.836330000451892 -0.919627936896891 0 0 0 127 0 
3.18153767506751 1.62762306598301 7.7118842421962 0.778769178337834 -0.591491795601133 -0.852541050520253 0 0 0 200 1 
0.64541723318259 3.01118881684054 7.79457304991508 -0.656972184454494 0.700745921122703 -0.847028463338994 0 0 0 206 1 
2.06466574106745 0.27715985759315 6.60500447934558 0.23764438273783 -0.681522676160456 0.540333631956372 0 0 0 150 0 
3.45571413682549 2.28359178090265 7.51969433851625 0.463714275788366 -0.347760547939823 0.86797962256775 0 0 0 160 1 
0.896257927314806 1.00764272439262 6.73347613727212 -0.906916138179013 -0.232823818373825 -0.184434924181858 0 0 0 162 1 
2.51155979284291 1.43646941464344 7.63552927255006 -0.465896013810472 0.995764627642896 -0.990964715163329 0 0 0 107 1 
0.822964640896137 1.68081555259707 4.82101979930641 -0.178469023940257 -0.721278963160195 0.0214013199537599 0 0 0 16 1 
3.30637286803382 3.81558058915719 6.78226045085269 0.720424857868921 0.687705372610479 0.818817363390179 0 0 0 220 1 
1.21318569667132 2.74788222139681 7.5334224769338 -0.885787620221911 0.0831921480931206 0.935561498462253 0 0 0 38 1 
2.35882053540649 2.92422115228923 5.9736572989509 -0.809411964306234 -0.0383852565140511 -0.168422846736607 0 0 0 62 1 
3.6799975666435 1.18262646686459 5.11464902420098 -0.1213334955571 -0.0211582355423606 -0.625690065053268 0 0 0 86 0 
2.19239023302692 2.73211151690158 5.33136328089445 -0.687173984464872 -0.251192565539895 0.0554242187262972 0 0 0 140 1 
2.13185724353082 3.65075529492234 6.87332365685629 0.575457149568722 -0.123282980338511 -0.175111756209581 0 0 0 231 1 
2.72453626698236 1.88341843936378 6.66314099458811 0.681635751132157 -0.774438770709081 0.344209399639207 0 0 0 92 0 
1.95116972925025 3.02480400851293 6.94950095979238 -0.63658868471665 -0.365013066099138 0.229966730652825 0 0 0 253 0 
2.54938968025739 1.50136859888759 7.96795134661726 -0.463374021316174 -0.866575426740828 0.964530089774484 0 0 0 103 1 
1.40461733643382 1.6474490393282 6.19928885731954 0.260307822428921 0.543163269288547 0.779952590487969 0 0 0 155 1 
3.69842027351338 3.25885874319277 5.33191203949965 -0.120105315099108 0.783923916212851 0.588794135966643 0 0 0 254 0 
3.23011734539189 1.16648293160154 5.40250218781514 -0.751325510307208 0.51109886210677 -0.539833187478991 0 0 0 170 0 
3.43145069735899 0.705653604246448 6.41926543515169 -0.337903286842734 0.413710240283097 -0.605382304323221 0 0 0 200 0 
2.62527431109118 0.538888520358985 6.58413239214125 -0.991648379260588 -0.397407431976068 0.20560882614275 0 0 0 186 0 
2.49729184306184 2.28807710564931 6.81520585020785 -0.933513877129211 -0.614128192956713 -0.97898627665281 0 0 0 145 1 
2.39929687236611 1.28250446553306 6.13205664838504 -0.940046875175593 0.185500297702204 0.775470443225669 0 0 0 21 1 
2.72891281975732 3.46519645287354 5.35601948937193 0.615260854650488 -0.335653569808431 -0.742932034041871 0 0 0 207 0 
1.77466374713657 2.51093430721848 4.92106136524515 -0.381689083524229 -0.865937712852102 0.361404091016343 0 0 0 68 0 
1.02765742264543 0.704671554864287 5.79003334553462 -0.231489505156971 -0.119688563009048 0.952668889702308 0 0 0 121 1 
3.89979069141426 1.67741898505289 4.94585570963842 0.22665271276095 0.811827932336859 0.896390380642561 0 0 0 181 1 
0.550959842725641 2.45439244172875 4.27215315350476 0.53673065618171 -0.736373837218083 0.251476876900317 0 0 0 76 0 
3.66665592327173 1.38817791097911 6.30422708444166 -0.522222938448551 -0.207454805934726 0.186948472296111 0 0 0 241 0 
3.62105832765949 2.98766778381272 7.59933567930864 -0.591929444822701 0.765844518920848 0.206622378620576 0 0 0 144 1 
3.64406703765381 0.141732592684502 4.58344715836537 -0.990395530823079 0.842782172845633 -0.261103522775641 0 0 0 63 1 
3.50001731536272 0.786585092146037 7.39306539939033 -0.599998845642485 -0.847560993856931 -0.740462306707311 0 0 0 44 0 
3.91181578648877 1.30664580789714 4.83797965736048 -0.772545614234082 -0.679556946140191 0.755865310490699 0 0 0 161 1 
3.28276981885393 3.88497000195668 7.68206129822905 0.918851321256929 -0.507668666536222 -0.521195913451397 0 0 0 194 0 
0.00501322474642851 3.30230597048855 5.56209162872997 0.633667548316428 -0.746512935300763 -0.595860558084669 0 0 0 87 0 
0.174771715651893 3.21524762569843 7.2052112145488 0.311651447710126 -0.885650158286772 0.713680747636587 0 0 0 113 0 
1.14792555323586 3.96126739294846 6.0796771399648 -0.823471629784276 -0.969248840470103 -0.428021524002347 0 0 0 59 0 
1.22839861746327 3.58340413331739 5.06876626528637 -0.484773425502449 -0.594439724445508 0.904584417685758 0 0 0 128 1 
1.53852608647023 3.88549815478898 4.55469471435487 0.202568405764682 0.159033210319265 0.803646314290325 0 0 0 54 1 
0.439038469705123 2.53056207363926 4.19090071065659 -0.137397435352992 0.668704138242617 0.246060047377106 0 0 0 143 0 
3.80265427277813 3.37449569741234 4.35571545919993 -0.646489715148125 0.391633046494156 0.857047697279995 0 0 0 59 1 
6.56223052887412 1.54368514287663 5.6704775420833 -0.529184631408392 0.269579009525109 0.144698502805553 0 0 0 58 0 
5.50728868821039 2.94510772671826 6.554276033016 -0.399514087452641 -0.103659484885449 -0.529714931132266 0 0 0 209 0 
4.0846558168608 1.50648032373165 5.44857363920224 -0.0276896122092806 0.60043202158211 -0.603428424053184 0 0 0 221 0 
6.83893239218856 3.29111993644113 7.56438802263245 0.22259549281257 0.852741329096075 -0.32904079849117 0 0 0 188 0 
7.707504734319 0.977031587403461 5.20115529926013 -0.5861663510454 -0.0348645608397693 -0.153256313382659 0 0 0 53 1 
4.81447331331955 3.21298981575951 5.25786575982066 -0.112368445778697 0.9808659877173 -0.616142282678623 0 0 0 211 0 
4.40070492775953 3.3977116467198 7.21968298738527 -0.806619671482698 0.92651410978132 0.314645532492351 0 0 0 165 0 
7.07221766026959 2.91318568769592 4.829369620078 0.438147844017973 0.360879045846395 -0.911375358661466 0 0 0 41 0 
5.40076187842161 3.19690185576586 6.80281394482353 0.193384125228107 0.513126790384391 0.353520929654902 0 0 0 147 0 
7.38844326346016 3.59363946323868 7.91820200205666 0.12589621756401 0.939575964215912 -0.572119866529556 0 0 0 198 0 
7.46419155448312 3.01921554142959 4.08908419084475 0.530946103632208 0.767947702761972 -0.0940610539436829 0 0 0 157 1 
7.74018913004518 2.5739912303497 6.4708112367452 0.616012608669678 0.80493274868998 -0.268612584216987 0 0 0 154 1 
5.91582937881114 0.676125804454306 5.9862818467096 -0.105611374745923 -0.521591613036379 -0.700914543552693 0 0 0 208 0 
6.47258176660227 2.89474936086903 6.42130359697145 -0.735161215559849 -0.173683375942065 -0.338579760201903 0 0 0 134 1 
5.39015114807244 0.633870622569316 7.25503312549987 -0.140656590128504 0.00892470817128777 -0.749664458300009 0 0 0 100 0 
7.55598463768187 1.08226654378283 6.76783756752152 0.470398975845458 0.505484436252189 -0.848810828831899 0 0 0 185 0 
4.22857481375566 0.0103219517099076 7.10926943665307 -0.684761679082956 0.300688130113994 -0.826048704223128 0 0 0 178 0 
6.32403445157439 0.255277695627428 7.43110947106935 -0.0783977032283739 -0.416314820291505 -0.871259368595377 0 0 0 204 1 
7.5302411699309 3.16939232227013 4.61010256548847 -0.93131725533794 0.311292821484675 -0.059326495634102 0 0 0 86 1 
7.65124218667339 0.245057766816568 7.75904376531935 -0.389917187555107 -0.816996148878895 -0.31606374897871 0 0 0 63 0 
5.50091105126376 3.07182731585587 5.20577203585162 -0.866605929915749 -0.228544845609609 0.180384802390108 0 0 0 171 0 
6.48483801528396 0.737573065787291 5.42660818077056 0.798989201018931 -0.117495128947514 0.19510721205137 0 0 0 106 0 
4.11968746017179 0.648730445261089 7.43710299078014 -0.62535416932188 -0.990084636982594 -0.337526467281325 0 0 0 51 0 
4.92810251086985 1.00959040250398 5.12619767111188 0.228540167391324 -0.966027306499735 -0.691586821925875 0 0 0 2 0 
6.56972613782649 1.11011347621802 5.81804761941258 0.204648409188433 0.574007565081202 0.487869841294172 0 0 0 160 0 
6.74277411162654 3.8523399457263 5.97404321213407 -0.850481725891564 0.623489329715086 0.631602880808938 0 0 0 184 0 
4.56455753653034 1.81807864785841 6.90850289294493 -0.729029497564644 -0.378794756809439 0.960566859529662 0 0 0 189 1 
5.85515131705573 0.66101436619088 6.19058407320992 -0.776323245529618 -0.722599042253941 0.579372271547328 0 0 0 162 0 
5.47435792406822 2.08018615415738 6.33516934006296 0.598290528271215 0.438679076943825 -0.277655377329136 0 0 0 148 1 
5.98700195434859 2.03959259146078 5.56994048433252 0.69913346362324 -0.0306938272359479 -0.462003967711166 0 0 0 121 0 
6.22279747654594 1.6169297915168 6.11231004653912 0.848186498436396 0.207795319434453 0.107487336435941 0 0 0 71 1 
5.92150062644801 2.4165436536856 5.43391020120919 -0.771899958236799 -0.538897089754294 -0.204405986586054 0 0 0 182 1 
7.76402521481508 2.14475738294474 5.621861626621 0.150935014321005 -0.823682841137018 0.341457441774733 0 0 0 70 0 
6.67045429803299 3.75899474850129 5.35266965687432 0.211363619868866 0.217266316566753 0.456844643791621 0 0 0 20 0 
5.29095174163703 0.873069297877773 5.5839082246945 -0.547269883890865 0.291537953191851 0.672260548312966 0 0 0 15 1 
5.31298431824793 0.502679986722667 6.29996779059602 -0.212467712116804 -0.333154667551822 0.986664519373068 0 0 0 248 1 
4.54987734438667 1.17994391458617 6.60510398740249 -0.863341510374222 0.578662927639078 0.873673599160166 0 0 0 174 1 
7.78858537938726 2.16790833944963 5.66446584288911 -0.647427641374182 0.511193889296642 0.810964389525941 0 0 0 166 1 
4.67788105704319 2.25341166827357 6.0046655541527 0.0785254038028789 0.983560777884905 0.833644370276847 0 0 0 48 1 
7.29468927160523 3.84300574201377 5.673893853145 0.786312618107015 0.489533716134251 0.744926256876334 0 0 0 93 1 
7.77089518328062 1.8508250455189 6.32600047746971 -0.848606987781292 0.890055003034593 0.788400031831314 0 0 0 209 1 
5.65785819590733 2.71401791046363 6.86546617287089 0.877190546393822 0.147601194030908 -0.108968921808608 0 0 0 116 1 
4.49714608434064 2.68936732351387 5.60422400267813 0.466476405622709 0.279291154900925 -0.793051733154791 0 0 0 23 0 
5.49799661991637 0.507685719312296 6.88669413528953 0.799866441327758 -0.66615428537918 -0.840887057647364 0 0 0 247 0 
5.14274624135115 2.45886605281378 7.40689766665819 0.709516416090077 -0.402742263145748 0.46045984444388 0 0 0 206 0 
4.88412014406806 3.28918113703303 6.60310204884297 0.825608009604538 0.185945409135535 0.806873469922865 0 0 0 84 1 
4.41932708932851 2.52607631561873 4.25489103658925 0.394621805955234 -0.531594912292084 -0.54967393089405 0 0 0 182 0 
5.84299282806925 3.42848781824228 6.96344523634141 0.356199521871283 -0.538100812117182 -0.369103650910572 0 0 0 177 0 
6.87727148698144 0.215498859423766 5.42285321592097 -0.908181900867904 -0.218966742705082 0.794856881061398 0 0 0 109 1 
4.44640171122007 2.95549758557019 6.63486290641762 0.596426780748005 0.230366505704679 -0.124342472905492 0 0 0 113 1 
5.38631124703472 3.7592779211606 7.9900983618363 0.259087416468981 -0.58271480525596 -0.56732677587758 0 0 0 14 0 
5.3223562206063 3.45081205263274 4.12188199924839 -0.611842918626247 0.463387470175516 0.574792133283226 0 0 0 14 1 
7.2810641728504 1.34335717916562 4.33372265561333 -0.814595721809974 0.322890478611041 0.788914843707555 0 0 0 64 1 
6.37795010523429 0.14197116696685 4.41336804166492 -0.208136659651047 -0.75720192220221 0.860891202777661 0 0 0 243 1 
5.4153972324947 2.37995847491784 4.18123334548994 0.72769314883298 -0.341336101672144 0.645415556365996 0 0 0 222 1 
6.16803729708545 3.80157671644565 4.47466596480719 -0.22213084686097 -0.246561552236957 0.798311064320479 0 0 0 255 1 
2.94969556095744 5.14497676197588 7.15060766633506 0.429979704063829 -0.290334882534941 -0.156626155577663 0 0 0 172 1 
0.306452775171927 6.39321367452554 6.20667218181731 0.187096851678129 -0.0737857550316313 -0.152888521212179 0 0 0 191 1 
3.48839845137665 7.1176955787942 7.62022503471836 0.265893230091777 -0.358820294747053 -0.191984997685443 0 0 0 29 1 
2.57888885740286 6.99712489688699 7.8235068627114 0.538592590493524 0.233141659792466 -0.17843287581924 0 0 0 94 1 
2.15511474814317 4.0355039899234 5.99601850411328 -0.0229923501237885 -0.564299734005107 -0.500265433059114 0 0 0 47 0 
1.25560330593562 6.73277769474159 7.69342606300585 0.317040220395708 -0.451148153683894 0.279561737533723 0 0 0 60 0 
2.45468649786454 4.21136518971705 4.55041430340922 0.263645766524303 -0.21924232068553 -0.663305713106052 0 0 0 158 0 
3.78585280665344 5.42941316403672 7.9337455789045 0.352390187110229 -0.604705789064218 0.228916371926966 0 0 0 6 1 
0.516387930049308 5.00370995699555 6.18826200421146 0.267759195336621 0.10024733046637 0.17921746694743 0 0 0 64 0 
1.97918811579912 5.60580039254773 5.69281236003029 0.565279207719941 -0.0596133071634842 0.0795208240020191 0 0 0 203 1 
3.52260125052097 4.13958383189868 4.02225613056827 0.201506750034732 -0.624027744540088 -0.765182924628781 0 0 0 9 0 
2.58247041181234 4.44241732355753 4.80035733358796 0.672164694120822 -0.670505511762832 -0.646642844427469 0 0 0 88 0 
0.150155956087275 7.49806944063543 7.80659665235539 0.176677063739152 -0.533462037290971 -0.379560223176308 0 0 0 35 0 
3.34607400056436 5.00093500346545 4.7566489548693 0.856404933370957 -0.499937666435636 -0.38289006967538 0 0 0 95 1 
3.54093856500277 4.43600272291629 5.68959200916849 0.869395904333518 -0.804266485138914 -0.387360532722101 0 0 0 67 1 
3.49661578745555 6.11731482992741 7.54636927837329 0.933107719163703 -0.625512344671506 0.00309128522488589 0 0 0 114 1 
2.65792612632421 6.05740858135693 5.86672352103945 0.943861741754948 0.103827238757129 0.0911149014026305 0 0 0 193 1 
0.953831002875949 5.91486179511788 7.46581310546648 0.696922066858396 -0.505675880325475 0.331054207031099 0 0 0 107 0 
3.02715183176023 4.98077607841377 4.46983224997944 0.968476788784015 -0.167948261439082 -0.935344516668037 0 0 0 237 0 
1.73284453157608 4.50519753568592 7.80257331016189 -0.0511436978949282 0.000346502379061642 -0.579828445989207 0 0 0 131 0 
2.60231305194965 4.10152793577172 5.49571277737618 -0.05984579653669 -0.226564804281885 0.199714185158412 0 0 0 176 0 
2.15776826219679 5.73662591969763 5.99114945452784 0.0438512174797863 0.282441727979842 0.0327432969685226 0 0 0 22 1 
0.26379524483617 7.58190563035614 6.31591461739172 -0.615746983677588 -0.327872957976258 0.121060974492782 0 0 0 79 1 
1.0480590188646 7.56108055435184 6.84673910246207 0.16987060125764 0.0707387036234557 0.423115940164138 0 0 0 138 0 
0.579298864309463 5.70874068626391 6.17603190580904 -0.128046742379369 -0.119417287582407 -0.888264539612731 0 0 0 191 0 
3.99132035467209 5.05413259580937 6.65237879159424 0.766088023644806 -0.829724493612709 -0.856508080560384 0 0 0 120 0 
3.02374881413235 7.00143675863486 6.35124290585748 0.968249920942156 -0.366570882757676 -0.876583806276168 0 0 0 125 0 
2.33055560271747 7.00144459777646 7.71110801292107 -0.0112962931521684 -0.966570360148236 -0.052592799138595 0 0 0 183 1 
1.86378785762309 7.29021196434453 7.39985859162708 0.82425252384154 -0.880652535710365 0.326657239441805 0 0 0 226 0 
2.40587535728831 7.64410270698026 6.85709310373802 0.927058357152554 -0.857059819534649 0.290472873582535 0 0 0 225 0 
1.74465961088075 7.756602759428 7.41471387050691 0.616310640725383 -0.9162264827048 0.127647591367128 0 0 0 216 1 
2.0184719380679 6.4650634548639 7.96299462911634 -0.432101870795473 -0.0689957696757402 0.297532975274422 0 0 0 256 0 
2.32936990985282 4.54200391195408 5.20754478469264 -0.344708672676478 -0.0638664058697281 -0.952830347687157 0 0 0 248 0 
0.420392190427533 7.6517010027988 4.01525129617323 0.994692812695169 0.676780066853254 -0.898983246921784 0 0 0 26 0 
2.47966083976356 4.37537035852683 6.67316580684795 0.531977389317571 -0.741641976098211 0.611544387123197 0 0 0 98 0 
1.88229494507312 4.89031299269815 7.58940274256532 0.292152996338208 -0.907312467153457 0.805960182837688 0 0 0 11 1 
2.67528806927471 6.36374994529555 5.2799700668647 0.278352537951647 0.65758332968637 -0.348001995542353 0 0 0 30 1 
1.93588436570077 5.23051644406804 7.07122450146057 0.0290589577133848 0.382034429604536 -0.0285850332359621 0 0 0 50 1 
1.09619319671346 4.88952512077704 7.54618185983798 0.373079546447564 0.225968341385136 0.00307879065586536 0 0 0 117 1 
3.54454552548605 7.18488992211962 7.61687033712895 0.936303035032403 0.845659328141308 -0.125541977524737 0 0 0 230 1 
1.92660502900282 7.16169729556816 6.27438975061759 0.161773668600188 0.97744648637121 -0.681707349958827 0 0 0 141 0 
1.34066939102933 6.10149394403501 6.74261549280334 -0.677288707264711 0.573432929602334 0.282841032853556 0 0 0 105 0 
2.29181268325467 6.68015758239573 5.09797157601401 -0.480545821116356 0.812010505493049 -0.760135228265733 0 0 0 199 0 
2.13139246842714 5.47887924878305 5.2122747885066 -0.557907168771524 -0.334741383414463 -0.15251501409956 0 0 0 246 1 
0.826646196823848 7.63659688433148 6.38334922038574 0.355109746454923 -0.190893541044568 0.725556614692382 0 0 0 197 1 
1.52566586705847 6.80311798204661 6.69701414135169 0.0683777244705643 0.0868745321364404 0.813134276090112 0 0 0 149 1 
2.17251720183582 7.61784750456032 4.86155015982926 -0.155165519877612 -0.725476833029312 0.224103343988618 0 0 0 89 0 
2.24167676327699 7.16097741283675 6.46013440856125 0.716111784218466 0.777398494189117 0.730675627237417 0 0 0 196 1 
0.178151357990167 5.96044847209209 6.52592950354996 -0.421456576133989 0.764029898139473 -0.331604699763336 0 0 0 199 1 
1.53937161087308 5.16905041059318 5.64453126405551 0.535958107391539 0.511270027372878 -0.790364582396299 0 0 0 91 0 
2.75106622998909 6.17385947811992 6.82738446630356 -0.516595584667394 -0.621742701458672 -0.244841035579762 0 0 0 82 1 
2.62080829679343 4.11093414431225 4.34102426791395 -0.525279446880438 -0.292604390379183 -0.877265048805737 0 0 0 222 0 
2.38627512510691 7.20452192183672 7.11183197008327 -0.740914991659539 0.580301461455781 -0.359211201994449 0 0 0 55 0 
2.90701028711681 5.17747958463898 6.18144739082413 -0.372865980858879 0.445165305642599 0.912096492721608 0 0 0 120 1 
1.78907254782078 6.80552927803508 5.67635811426132 -0.247395163478615 -0.312964714797661 0.678423874284088 0 0 0 194 1 
3.96158136521463 5.57620784605472 5.47454759469684 0.897438757680975 -0.528252810263018 0.731636506313123 0 0 0 91 1 
0.308717531525001 7.04356315863623 6.40428506270603 0.320581168768334 -0.763762456090918 0.860285670847069 0 0 0 105 1 
1.31728940528758 4.70702045463384 5.67493931925488 -0.545514039647494 0.0138013636422558 0.678329287950325 0 0 0 195 1 
3.91590719006521 7.76207655020746 4.8567292591254 -0.03893952066232 -0.782528229986169 0.42378195060836 0 0 0 93 0 
3.43388024319515 7.38160258490832 6.45804155274441 -0.471074650453656 -0.141226494339445 -0.0694638964837057 0 0 0 250 1 
2.39307674195161 6.84409869278759 5.14266250359665 -0.873794883869893 -0.710393420480827 -0.29048916642689 0 0 0 37 1 
2.77435096593059 6.53785947067369 5.59872751738812 -0.648376602271294 0.135857298044913 0.339915167825875 0 0 0 132 0 
2.78802906825176 6.01981541846381 6.7240804160192 -0.780798062116549 -0.498678972102413 0.61493869440128 0 0 0 42 0 
0.571722717979414 5.16302788721051 4.5875598788549 -0.128551818801372 0.644201859147367 0.47250399192366 0 0 0 163 0 
0.623354886432281 5.20868912051939 4.46178699166465 0.341556992428819 -0.619420725298707 0.264119132777643 0 0 0 69 0 
0.741810252149665 4.1250228556816 4.36114561105895 -0.183879316523356 -0.89166514295456 0.25740970740393 0 0 0 8 0 
2.33458601344158 5.94487829950718 4.77869254120573 0.788972400896105 -0.370341446699522 0.751912836080382 0 0 0 227 1 
1.73635060870745 4.99171450749068 4.80195660518152 0.949090040580497 0.166114300499379 0.620130440345435 0 0 0 12 1 
0.426234650002018 7.99502038479601 4.28304271776632 0.595082310000135 -0.9669986410136 0.185536181184421 0 0 0 220 0 
3.77620395603398 7.79401202221779 5.61405444736338 -0.114919736264401 0.0196008014811857 0.807603629824225 0 0 0 238 1 
3.11144284382431 4.16522213179099 6.04018835130333 0.507429522921621 0.311014808786066 0.769345890086888 0 0 0 81 1 
1.32295213549334 4.56466319051515 6.26344911250945 -0.145136524300444 0.870977546034343 0.85089660750063 0 0 0 176 1 
2.9453282460207 4.03794035533898 5.24204303318847 0.89635521640138 0.969196023689265 0.716136202212565 0 0 0 214 1 
3.79450036300931 6.15909961324108 5.40412617133724 -0.247033309132712 0.177273307549405 -0.406391588577518 0 0 0 80 1 
2.04309405580055 7.55454863523879 4.12036927396676 0.10287293705337 -0.529696757650747 0.174691284931117 0 0 0 17 0 
0.357420595357185 4.82458025147177 4.06604453707267 0.857161373023812 -0.445027983235216 0.904402969138178 0 0 0 164 1 
4.21217517137249 6.00839022159767 6.9966524908734 -0.152521655241834 -0.0994406518934892 -0.300223167275106 0 0 0 207 1 
7.183678372715 7.26548988872517 6.78947415639662 -0.287754775152333 -0.148967340751655 -0.180701722906892 0 0 0 233 1 
4.23164607283257 7.29206651693276 7.65754038754085 -0.617890261811162 -0.0138622322044832 -0.256163974163943 0 0 0 143 1 
7.46537452907317 7.28979763790405 6.24276650316729 -0.468975031395122 -0.0140134908063967 -0.617148899788847 0 0 0 142 0 
6.9379997086138 5.49371144991466 4.97663650883711 0.0291999805742527 -0.133752570005689 -0.834890899410859 0 0 0 223 0 
4.64918953404533 4.4918382017143 5.42752172480806 -0.523387364396978 -0.200544119885714 -0.73816521834613 0 0 0 144 0 
6.62619589863364 6.17143087311313 5.43713354377717 -0.59158694009109 -0.821904608459125 0.0624755695851447 0 0 0 9 1 
5.77368722420645 7.12251164669731 4.73492143589863 -0.0484208517195701 -0.358499223553513 -0.917671904273425 0 0 0 111 0 
4.64129718308145 7.61702744984906 6.40934114022936 0.00941981220543053 0.407801829989938 -0.739377257318043 0 0 0 85 0 
7.64715415034863 7.40677411410377 7.21627424645323 -0.123523056643425 -0.672881725726415 0.447751616430216 0 0 0 71 0 
7.55269441395892 4.48712735062419 7.00964279507166 -0.663153705736072 -0.600858176625054 -0.0993571469952228 0 0 0 58 1 
6.41550058777226 6.84601257786052 5.65271657576175 -0.872299960815183 0.289734171857368 -0.789818894949217 0 0 0 28 0 
4.34886769061716 7.07106617569457 6.06553580393779 0.0565911793744773 -0.628595588287029 0.237702386929186 0 0 0 36 0 
5.87187026886992 6.92396049328501 5.38775703533322 0.358124684591328 -0.971735967114333 -0.940816197644452 0 0 0 181 0 
4.79963327673124 7.28558312680239 6.77114924341497 0.0866422184487494 -0.880961124879841 -0.448590050439001 0 0 0 164 0 
6.78233041026226 7.95177386493548 7.97067086729319 -0.914511305982516 0.230118257662365 -0.501955275513787 0 0 0 193 0 
4.61709496587624 5.03256278311655 7.40969535158336 -0.325527002274917 -0.0978291477922298 -0.806020309894443 0 0 0 251 0 
5.45772890027166 7.42077353633441 6.755350083801 -0.66948473998189 -0.938615097577706 -0.316309994413266 0 0 0 133 1 
5.50254209379396 7.87060596673569 4.3432915572599 -0.933163860413736 -0.841959602217621 -0.677113896182673 0 0 0 148 0 
4.57987388539171 7.34893725862417 7.41937215513261 -0.328008407640553 0.789929150574944 -0.738708522991159 0 0 0 227 0 
7.69397106903906 5.45577315817192 4.30952787729014 0.812931404602604 -0.269615122788538 -0.41269814151399 0 0 0 217 1 
7.58704555577871 6.8251328962698 6.27553970986238 0.805803037051914 -0.378324473582013 0.251702647324159 0 0 0 109 0 
4.96258525728243 6.02145693812735 7.79513466700279 -0.902494316181171 0.501430462541823 0.886342311133519 0 0 0 23 1 
7.95157702003978 4.75448206140955 5.35562795542949 0.830105134669319 -0.983034529239363 0.323708530361966 0 0 0 77 0 
6.88222499634013 6.31564615636755 5.36700615136192 -0.841185000243991 0.387709743757837 0.324467076757462 0 0 0 4 0 
5.42280726252735 6.6554523069177 5.26418755507571 0.394853817501823 0.677030153794513 -0.882387496328286 0 0 0 45 0 
5.72817234373663 7.70009096898647 4.04313815676474 -0.318121843750891 0.946672731265765 -0.897124122882351 0 0 0 218 0 
5.74356887788854 6.82915145548158 7.68570248852816 -0.783762074807431 0.888610097032105 0.212380165901878 0 0 0 138 1 
6.76926035134025 7.21173014825307 7.83790675085632 -0.848715976577317 0.847448676550205 -0.444139549942912 0 0 0 152 0 
4.85445338974996 5.19804310218195 6.00138087514884 -0.976369774016669 -0.486797126521203 0.566758725009922 0 0 0 48 0 
5.12124452599217 7.74130821307974 5.30134499601393 -0.491917031600523 0.749420547538649 0.386756333067595 0 0 0 16 0 
7.63150650128995 4.98594111622008 6.30171141942128 0.275433766752664 0.365729407748005 0.0534474279614185 0 0 0 20 1 
5.64654970807952 5.59277348072994 5.23354407786291 0.143103313871968 0.739518232048662 -0.151097061475806 0 0 0 184 1 
4.8245444545005 6.65765647166584 5.54032151695227 -0.3783637030333 0.943843764777723 -0.530645232203182 0 0 0 238 0 
6.93401327646276 5.3152528889981 6.42093604509749 0.82893421843085 0.654350192599873 0.194729069673166 0 0 0 242 0 
7.83447012197797 6.37828807348821 7.13616249739981 -0.844368658534802 0.925219204899214 0.909077499826654 0 0 0 237 1 
5.86240747331558 6.26667487286648 4.78975170875645 0.690827164887705 0.0511116581910986 -0.580683219416236 0 0 0 229 0 
6.63625695243725 7.94267682493386 7.2568440335698 0.942417130162484 -0.370488211671076 -0.349543731095347 0 0 0 124 0 
6.15788691967371 7.18586340115624 6.52879842033133 0.977192461311581 0.379057560077083 -0.664746771977911 0 0 0 72 0 
4.86887344039295 5.80916583549845 6.70473117412462 0.357924896026197 0.0872777223665637 -0.719684588391692 0 0 0 145 0 
6.38710112984311 6.37780048548676 7.69922521012217 0.925806741989541 -0.674813300967549 -0.853384985991855 0 0 0 68 1 
4.63440335521304 5.02033352830106 6.44032899362584 0.275626890347536 0.301355568553404 -0.937311400424944 0 0 0 1 1 
5.58555765514816 5.79310961285831 7.09112129685729 0.739037177009877 0.552873974190554 -0.960591913542848 0 0 0 90 1 
5.766132486239 7.10309333310402 5.34632958581963 -0.382257834250733 -0.426460444459732 0.656421972387975 0 0 0 73 1 
4.39370033060048 6.24375366531595 5.17333031333187 -0.873753311293301 0.382916911021063 0.578222020888791 0 0 0 50 0 
4.78260291850804 5.20444902537908 5.84086566688399 0.152173527900536 0.246963268358606 0.822724377792266 0 0 0 39 1 
6.36840863458744 4.87385619949555 6.18331011417165 -0.0754394243608369 0.824923746633036 -0.48777932572189 0 0 0 240 0 
6.66548707419588 5.3304371917136 6.09435648872586 0.0776991382797252 0.988695812780906 -0.62704290075161 0 0 0 202 0 
7.21760152901319 5.34903385120686 4.99645791464487 -0.752159898065787 0.72326892341379 0.0330971943096579 0 0 0 135 1 
5.93177380207851 5.27416967030225 7.73426912472428 -0.2378817465281 0.984944644686816 0.882284608314952 0 0 0 219 1 
5.58563783303814 5.43322986496982 6.32914207027784 0.872375855535876 -0.204451342335345 0.12194280468519 0 0 0 208 1 
5.41095062509353 7.16622638982533 4.75456404851701 0.927396708339569 0.644415092655022 -0.449695730098866 0 0 0 76 1 
4.6849958308865 7.38331527493181 4.48399341043764 0.6789997220591 -0.607778981671213 0.198932894029176 0 0 0 82 0 
7.99510405407489 4.21467066724101 4.92708073332482 0.699673603604993 -0.419021955517266 0.561805382221655 0 0 0 183 0 
6.3239517966995 4.88191829935862 5.74362400912687 -0.878403213553367 0.958794553290575 -0.317091732724875 0 0 0 156 1 
7.95735654079546 4.14642710996972 7.854920851727 0.830490436053031 0.376428473997981 -0.3096719432182 0 0 0 117 0 
6.1541893272405 4.33934503386031 7.63122220925525 0.443612621816033 0.38928966892402 0.67541481395035 0 0 0 37 0 
5.98256342776368 4.89421727394936 6.16057458267879 0.0321708951842454 0.959614484929957 0.777371638845253 0 0 0 218 1 
4.65245346046435 4.01625313034098 7.3014476847141 0.54349689736429 0.567750208689399 0.720096512314274 0 0 0 180 0 
4.65160997783299 5.71330167740079 7.90634280296327 0.810107331855533 -0.18577988817328 -0.0395771464691159 0 0 0 256 1 
4.04692915947572 6.13836294675928 4.15101724193629 0.436461943965048 0.509224196450619 -0.223265517204247 0 0 0 55 1 
6.63578691763211 4.28354132722792 4.19325270965917 0.275719127842141 0.318902755148528 0.846216847310612 0 0 0 51 1 
5.7423955328558 7.23401108554424 4.42873205113354 -0.583840297809613 -0.884399260963717 0.595248803408903 0 0 0 130 1 
