512
1.5737870641797 1.83089897680249 2.83312548401773 -0.0771844113183578 0.0275749147335409 0.277760457001477 0 0 0 7 0 
2.22580254733233 3.96350578262721 0.120304641007205 0.393816878944361 0.121958815218934 -0.0316412799160662 0 0 0 11 0 
1.42527284478863 3.61599863633804 1.90318755476167 0.410439403732386 0.0929998863615029 0.200265629563472 0 0 0 12 0 
2.04829354243128 0.538675556149606 0.445036133512451 0.0456911285359398 -0.246777036987533 -0.254580322207296 0 0 0 62 0 
0.957378174383532 3.23042230976841 3.17004790308392 -0.128551818801372 0.644201859147367 0.47250399192366 0 0 0 163 0 
1.58915427505945 3.23217770543279 3.73215068104266 0.507429522921621 0.311014808786066 0.769345890086888 0 0 0 81 1 
1.45369498514049 1.83108250639698 1.13359688512059 0.162807915428374 -0.222409791133585 -0.113866926239951 0 0 0 161 0 
1.11690180551127 1.02579729184505 1.03529315260244 0.301408483792606 0.460483107653754 0.54460776271687 0 0 0 147 1 
0.623693869147055 0.0179592314625614 3.85943108585563 0.260307822428921 0.543163269288547 0.779952590487969 0 0 0 155 1 
0.930820869176183 3.40839852383118 2.1437557714839 0.202568405764682 0.159033210319265 0.803646314290325 0 0 0 54 1 
1.72212593811635 1.06373724389143 2.93202667642769 -0.231489505156971 -0.119688563009048 0.952668889702308 0 0 0 121 1 
0.851230775764098 0.524449658911407 3.45272056852527 -0.137397435352992 0.668704138242617 0.246060047377106 0 0 0 143 0 
1.75836170839467 1.95173055241212 3.71075929000756 -0.145136524300444 0.870977546034343 0.85089660750063 0 0 0 176 1 
0.150983099707195 1.93905551595536 0.931883256105829 -0.695751408357734 -0.130078707003719 0.369323604675486 0 0 0 128 0 
1.27871208775082 0.149434015341142 3.44531917797309 0.564892673979235 0.804119501278428 0.0787765981644244 0 0 0 234 0 
0.055745484976538 1.70719238131737 0.786740717169191 -0.703687876251955 -0.399400634890219 -0.476104940235901 0 0 0 236 1 
0.256262596816563 1.13035228427118 3.09363442655077 0.89635521640138 0.969196023689265 0.716136202212565 0 0 0 214 1 
3.92665544720639 2.44980671446191 0.0469229828964195 0.118887953933866 0.912483892871826 0.878910248574702 0 0 0 159 1 
1.99887289765634 2.36844206249756 2.76287045535471 -0.625093925195304 0.65570350520813 0.105239204612892 0 0 0 215 0 
1.04108778401255 1.52618000420832 0.282455761569016 -0.871576017998955 0.918848333684027 -0.0181286865359154 0 0 0 201 0 
3.2198325531314 0.758064811957688 2.25668456771073 0.22665271276095 -0.811827932336859 0.896390380642561 0 0 0 181 1 
0.0492840884945845 3.34940325195846 2.05321048895786 -0.454226325958785 0.570783604329872 -0.620565792586845 0 0 0 110 1 
1.57922804847562 2.09349932660735 2.98357816038119 -0.910064329293698 0.0494582772172791 0.0402981800317657 0 0 0 40 0 
2.37444964699703 0.170660672243911 3.01139981232575 -0.593795862750247 0.972555056020326 0.292616651027146 0 0 0 195 0 
3.85969426583711 2.25903746504188 0.0347888598043304 -0.0533588111802408 0.97991978875349 -0.955434261682972 0 0 0 201 1 
1.96457662955335 3.3490519950103 2.83337927286878 0.955381385796113 0.737420999584192 -0.388885060594268 0 0 0 247 1 
1.30241235720477 0.491114367762222 2.53849338057016 -0.0164656368996022 -0.667407136019815 -0.663458884952487 0 0 0 158 1 
1.03056525862745 0.591032975787932 3.2923141069875 -0.455786228447712 -0.575747252017672 -0.267307157751042 0 0 0 239 1 
2.49260995754053 1.34007561496791 1.67708567751395 0.749384163128378 -0.596660365419341 -0.985242860207171 0 0 0 239 0 
3.81591945354143 0.480810263670614 1.60365633855229 -0.0570067122048807 -0.251599144694115 -0.824695305120643 0 0 0 77 1 
3.55320586465048 3.20652162398596 2.27899474855701 0.671100488720873 -0.357789864667836 -0.685083770953582 0 0 0 221 1 
1.14930359465203 1.90305070304683 2.21010953157116 -0.279224700445664 -0.716412441412764 -0.690824205702404 0 0 0 213 1 
2.72858134998379 0.562280319632156 0.356675124075214 -0.980951554168017 -0.32814330669732 0.154722927006268 0 0 0 146 0 
3.08061735398109 1.9226265102898 2.65290233773493 -0.868281887168243 0.618552209190817 0.0960751948112444 0 0 0 151 0 
2.60647269903794 2.30511682016545 0.222879495355718 -0.741127275080172 -0.43290693165288 -0.0230933753870235 0 0 0 205 0 
2.98860048466462 3.70289342670229 2.06281425193949 -0.875949959611281 -0.0664255477748089 -0.869765479005043 0 0 0 179 0 
3.23231778599576 3.40396677993428 2.24498667639195 0.72769314883298 -0.341336101672144 0.645415556365996 0 0 0 222 1 
1.94934020025954 2.95273247972897 1.13262437514581 0.287445016688295 -0.878938960022586 0.636052031262151 0 0 0 42 1 
2.31644108359531 3.29872929586163 2.4696846622472 -0.265296576367058 -0.600105892011531 -0.752526278146067 0 0 0 198 1 
2.79119071981813 2.73606574169668 0.232894140365787 -0.809067440015156 -0.646994521525277 -0.0222588216361844 0 0 0 136 0 
2.59378924213579 3.13818486662889 0.0227201214306696 -0.742184229822017 -0.696817927780926 -0.789773323214111 0 0 0 225 1 
1.37665604176174 2.42874936147081 3.77889853321505 0.573054670146812 -0.755937553210766 -0.143425122232079 0 0 0 210 1 
3.14774114279151 2.17966077010069 0.132649114419588 -0.862688238100708 0.306638397508391 -0.363945907131701 0 0 0 7 1 
3.6690783725282 3.71823061727433 0.98673676388762 -0.73591013562265 -0.0651474485604725 -0.626105269676032 0 0 0 180 1 
3.58918768670062 3.16107206822006 1.11560275665305 -0.492567692774949 0.721756005685005 -0.782033103612246 0 0 0 215 1 
3.39172764837688 0.578017524329201 1.99722832194413 -0.759022695968594 0.5898347936941 -0.541897639837989 0 0 0 188 1 
1.90038045590192 3.51043155483686 2.70248112540942 -0.0499682953415065 -0.582464037096928 -0.233126572882548 0 0 0 151 1 
0.68899314562981 3.88243165667919 3.78143064431858 0.265749428802484 0.365202638056599 -0.476547446306785 0 0 0 35 1 
1.15723549455852 2.51974972307439 3.53611578352204 0.804769624546544 0.918312476922866 -0.91365701803983 0 0 0 224 0 
0.0742699575571286 2.95305100499222 3.24000097930366 -0.702144170203572 0.371087583749352 -0.854999918391361 0 0 0 104 0 
0.720218964735968 0.113096230582844 3.69359633025979 0.768351580394664 0.80109135254857 -0.983866972478351 0 0 0 204 0 
6.52405643546928 0.317004923898962 0.590650152332614 -0.247995297044227 -0.0985829230084199 0.257554179361051 0 0 0 103 0 
4.63029589098761 0.604550381903299 0.23210487496115 -0.0724753424176992 -0.0746208015080584 -0.272324593753237 0 0 0 118 0 
6.47109203633688 0.172126022117472 0.552945843078913 -0.33574233030526 -0.110656164823544 0.421078820256576 0 0 0 70 1 
6.03636343842639 3.10719579880103 3.98213572549946 0.211363619868866 0.217266316566753 0.456844643791621 0 0 0 20 0 
6.93276139330963 0.00154456169778117 3.5671265797556 -0.547269883890865 -0.291537953191851 0.672260548312966 0 0 0 15 1 
7.07098021528723 1.94546001646963 0.487709313073664 -0.0357516487260645 -0.129544998627531 -0.417690890577195 0 0 0 96 1 
4.02560822969345 3.84198366771118 3.4451579126593 -0.372865980858879 0.445165305642599 0.912096492721608 0 0 0 120 1 
5.82616944854423 0.303837459941674 0.561014482120935 -0.806152545954648 0.31698645499514 -0.0782487931565888 0 0 0 29 0 
7.15788497648504 2.06064964210619 2.39750559939871 -0.611842918626247 0.463387470175516 0.574792133283226 0 0 0 14 1 
5.21943749789289 0.726003572426451 3.80564531870803 -0.940046875175593 0.185500297702204 0.775470443225669 0 0 0 21 1 
5.65023609035064 3.6309454654962 1.25646879825741 -0.820813659137447 0.92757878879135 -0.0202942668118828 0 0 0 157 0 
5.10429761538198 0.982105681674515 0.963864114816886 -0.949641865384835 0.706842140139543 0.288655342901407 0 0 0 173 0 
4.83315961566394 0.359192925933451 0.22849553330374 -0.888903365361338 -0.261733922838879 -0.522625372224689 0 0 0 45 1 
4.07985828432045 3.60945871393169 1.45550003520987 -0.285011809639962 0.925788226160974 -0.337041663732511 0 0 0 224 1 
7.74433951845215 0.290264432974627 3.14711530155408 0.187028293204346 0.565855369414552 -0.11274039153716 0 0 0 202 1 
5.95038745459834 1.50214398937813 3.33997423247682 -0.212467712116804 -0.333154667551822 0.986664519373068 0 0 0 248 1 
5.78987935765387 3.60678589624689 2.79047602130096 0.274156613137822 0.592232158020574 0.274206335108414 0 0 0 15 0 
7.43750960103535 1.17739009441185 0.540401534418521 -0.671874199913721 -0.110217492132346 -0.246633205465123 0 0 0 57 0 
7.11565238460905 0.491406704863549 1.91971484920533 0.467971032050754 -0.167382774594704 -0.215023762566223 0 0 0 10 1 
4.0587362188107 0.907086994554214 3.56552963159972 -0.120105315099108 0.783923916212851 0.588794135966643 0 0 0 254 0 
5.88605074221095 2.01537381915949 3.82845966614303 0.0321708951842454 0.959614484929957 0.777371638845253 0 0 0 218 1 
5.00329885581892 1.56051485965228 3.18493829520058 -0.874725095348423 0.838376238304357 -0.0262551420666183 0 0 0 189 0 
5.80862953410569 3.32683306178234 1.65460216772734 0.275719127842141 0.318902755148528 0.846216847310612 0 0 0 51 1 
5.7421234182225 2.19959655792988 1.78457236735994 -0.646489715148125 0.391633046494156 0.857047697279995 0 0 0 59 1 
5.61701958497282 0.563517063344783 0.282140419542494 -0.323581701252265 -0.494706911387935 0.648511701628541 0 0 0 251 1 
7.40910518354787 2.59642116495075 0.350046427984418 0.575758765295656 0.0913684304125628 0.404170535665368 0 0 0 5 1 
7.13990187550933 0.556044868331061 3.98408318992199 -0.863341510374222 -0.578662927639078 0.873673599160166 0 0 0 174 1 
5.33116324792816 1.00766378961388 2.51388888768705 0.152596937327346 0.87563864913449 0.0844907406405877 0 0 0 156 0 
5.13184317116725 1.4337769300064 0.134993776495342 0.219320264263938 0.3278147441672 0.802916148041278 0 0 0 43 1 
7.56045725842669 2.36180549330273 0.774580102001174 -0.0782952284644429 0.321817124441894 0.939548341833431 0 0 0 88 1 
5.28644189411931 2.71086955972464 2.14471246286544 -0.517796508823392 0.184239129977053 -0.362940628094547 0 0 0 97 1 
5.36086142862313 1.80848258900689 0.792055605046126 -0.42826154761474 0.275706882417241 0.857671300420511 0 0 0 102 1 
6.00874110285033 2.07285253570182 1.10818193219442 0.459061758570861 0.714404377975151 0.0506818276828687 0 0 0 137 0 
7.87827988670708 2.27732538117983 1.07203998754673 0.86485665722559 -0.351889551568347 -0.452330001037772 0 0 0 171 1 
6.5863079373026 2.6793053781993 0.154375876156285 -0.0761410052247832 0.431608781516608 0.887864656346357 0 0 0 92 1 
6.74945852382643 2.61679942742169 1.61714638042563 -0.395878456347798 -0.156933381048193 -0.490237801631198 0 0 0 241 1 
6.64174664881674 1.81330843655141 0.103969814191007 -0.738187779265272 0.109442369712617 -0.783002515484083 0 0 0 33 1 
4.45885250017602 3.07737706830779 2.36670552200029 -0.253428958318665 0.964781422358983 -0.344441206499976 0 0 0 240 1 
6.26913169649019 0.634326671559707 3.23157267431129 0.647427641374182 0.511193889296642 0.810964389525941 0 0 0 166 1 
5.14191385783477 2.55228439204924 0.96970949429992 0.30349282148623 0.921023699337437 0.705809124524993 0 0 0 190 1 
4.44230484563455 0.697270665381144 3.50373244332216 0.0785254038028789 -0.983560777884905 0.833644370276847 0 0 0 48 1 
6.70862128765716 2.96016042437916 1.76797492995416 0.850718440638097 0.705013368698264 -0.64433542250382 0 0 0 168 1 
6.74291468999394 1.55100157352697 2.50954767106568 -0.229757109167171 -0.0790832022060853 -0.415871027411194 0 0 0 123 1 
5.39600433053049 1.61619718470187 2.19286662695762 -0.508666305789126 -0.156983567941511 -0.525594447753532 0 0 0 125 1 
5.55116900315017 0.929752584614609 1.15384890751102 0.170930750262514 -0.0475206179487826 -0.778845924374082 0 0 0 24 1 
6.39818281041485 0.872399087539012 3.03828257273677 0.908181900867904 -0.218966742705082 0.794856881061398 0 0 0 109 1 
6.27514866171968 0.374685743332494 1.96697812449066 0.814595721809974 0.322890478611041 0.788914843707555 0 0 0 64 1 
6.65300254342626 0.18802528356233 2.29100504526265 0.929416878618855 0.724002106963527 0.56591708710522 0 0 0 205 1 
4.82496501157079 1.81396980673965 1.4963421939269 0.360413750964233 0.776164150561638 -0.833638150506091 0 0 0 141 1 
4.00144388836031 1.45324818246419 1.87146911181258 -0.874879675969974 -0.920562651461317 -0.0523775740156186 0 0 0 46 0 
7.00236008418743 2.41357693357348 1.83069443333193 -0.208136659651047 -0.75720192220221 0.860891202777661 0 0 0 243 1 
5.76528978596444 1.73471748208302 2.15358051034589 -0.644559184502963 -0.897106876493082 -0.612201624137843 0 0 0 47 1 
5.43426762503697 1.55078442543444 1.68271987642557 0.161188968753081 0.670898702119537 -0.984773343631202 0 0 0 172 0 
5.42966782535794 2.03776924174145 2.41340835089479 0.327472318779829 -0.955185896521546 -0.673882637425435 0 0 0 26 1 
5.02749102894287 0.467324012167156 0.80191990553744 0.877290919078573 -0.336056332319404 0.191826658794787 0 0 0 210 0 
4.93575141728418 2.37440459361101 3.439115082516 0.786312618107015 0.489533716134251 0.744926256876334 0 0 0 93 1 
4.94463313235353 0.44562133978775 1.00784961705269 0.620386094362794 0.412135111648979 -0.541012531912276 0 0 0 179 1 
5.68328385337551 0.819339963584882 3.96080038197577 0.848606987781292 -0.890055003034593 0.788400031831314 0 0 0 209 1 
5.59003236317183 2.53352122585512 3.38389963179198 -0.0758306364023476 -0.91387323117874 -0.00967503068400177 0 0 0 123 0 
7.83656294402603 2.85714133254481 0.15103659166851 -0.305286421331164 -0.970238222287932 0.470919715972376 0 0 0 85 1 
4.37796458572918 3.82763805789196 1.82240897735823 0.156497048810765 -0.13936349517567 0.360200748113186 0 0 0 167 0 
6.81400963705568 0.424025805387572 3.14575461886656 -0.22383253024536 0.0770021504489643 -0.446187115094453 0 0 0 115 1 
6.37512776306012 2.68625895832735 2.32895284320574 -0.0104060197449899 0.598854913193946 -0.847587263066189 0 0 0 243 0 
7.73095610939885 1.19473955247328 3.1928935938111 0.269246342449904 0.557894962706107 -0.442258867182408 0 0 0 245 1 
6.65435187866592 0.34557857909552 3.29160914998765 0.0128626565554935 0.653798214924627 -0.600699237501029 0 0 0 223 1 
5.07892498822118 0.207399060939733 3.53354820732469 -0.0350895843149014 0.975616588411645 -0.33053764938961 0 0 0 242 1 
4.07555284641546 1.72865745204175 1.68812010271582 0.214629403867955 0.185721454336813 0.682343341892985 0 0 0 34 1 
4.30613366615265 3.58337965430223 1.69813503574489 0.900511138846054 -0.159718362141481 -0.983488747021259 0 0 0 231 0 
6.22945262919101 3.34531664631771 2.57038372588839 -0.772545614234082 -0.679556946140191 0.755865310490699 0 0 0 161 1 
4.54373244346602 1.19316139421584 3.62813557730033 0.836977703622169 -0.525569883815347 -0.405988701891638 0 0 0 254 1 
6.13056568913674 3.88105502292252 3.91682829971215 -0.364119525905272 0.19842125191021 -0.381930975023987 0 0 0 118 1 
6.64829600821488 2.29009583781638 3.54067396487073 0.0956913340179071 0.0658413198180312 -0.829943836260773 0 0 0 102 0 
4.99126319932692 3.31397705897632 3.58748627437053 0.29093859994391 -0.68216857841864 -0.992709477135789 0 0 0 130 0 
1.93427572500295 5.7571292380108 2.38556015398424 0.202856310416912 -0.311905896832434 -0.00953665383464652 0 0 0 169 0 
0.668329255588718 5.06831925753806 0.319872340365963 0.430694104632393 -0.369306728538495 -0.265010638302836 0 0 0 249 0 
2.43362934156551 4.31461675865822 0.830194467743854 0.244469111797126 -0.932115270111815 0.360849538978654 0 0 0 49 0 
3.04825573248705 7.82672776088397 1.30763142745033 0.712354644373921 0.443893980073664 0.400635952287528 0 0 0 122 0 
1.75804355658318 7.42378387376884 1.64970193905905 0.438170296381932 0.41031532281407 0.595808494921587 0 0 0 28 1 
3.0004748663172 4.61753752951138 3.52708544983523 0.291706238859767 -0.990205205874051 0.085590454152936 0 0 0 33 0 
0.401316090854175 7.06695129641551 3.66942959333172 -0.341556992428819 -0.619420725298707 0.264119132777643 0 0 0 69 0 
2.46323888742574 4.55291602043584 0.139771280926977 0.830269907285479 -0.82892366496368 -0.363352393256085 0 0 0 72 1 
0.493116499330469 4.23038556830592 0.835186611924029 -0.417240291722461 -0.77246786930784 0.611265550993669 0 0 0 106 1 
2.24607013907105 6.75665290801319 0.635824239171642 0.978839178255921 -0.0619455909989007 -0.238681313402363 0 0 0 255 0 
2.24827282787319 5.84996756119037 0.925409614035168 -0.104310597677234 -0.22083603656747 0.785450801169597 0 0 0 192 1 
2.5019447615004 7.09911108280684 0.788933734238815 0.166828730125033 -0.700074076432763 0.774077811186568 0 0 0 49 1 
1.29344820171973 6.80001828454528 3.58891648884716 -0.183879316523356 -0.89166514295456 0.25740970740393 0 0 0 8 0 
1.73447524464044 6.85636109180896 3.5962954191734 0.10287293705337 0.529696757650747 0.174691284931117 0 0 0 17 0 
2.56137918595627 6.13985988009689 1.68726069096012 0.755114932163022 0.386654990008074 0.76560505758001 0 0 0 119 1 
1.72163050839573 7.31755750688224 2.81134267241617 0.935135875699644 0.568129792240187 0.192611889368014 0 0 0 67 0 
2.00719333458675 5.27565804420728 1.26361965623042 -0.374400555451104 -0.10202849631606 -0.103031695314131 0 0 0 235 0 
2.53125803825662 7.74442342242807 3.64108649140906 -0.247395163478615 -0.312964714797661 0.678423874284088 0 0 0 194 1 
1.05923212581949 4.663513953383 3.51772252280381 -0.53673065618171 -0.736373837218083 0.251476876900317 0 0 0 76 0 
1.2692650921717 7.16096627684378 3.27963807575747 0.897438757680975 -0.528252810263018 0.731636506313123 0 0 0 91 1 
0.0323311892467375 7.05590263960574 2.52295403296458 -0.788972400896105 -0.370341446699522 0.751912836080382 0 0 0 227 1 
0.3044883851434 4.86399228251511 0.359790434771696 0.81704069876195 -0.636333976457074 0.654982536230975 0 0 0 127 1 
0.952690960439706 6.83537640683275 0.316728577028692 0.287724246703309 0.694614700569396 0.234727381419058 0 0 0 39 0 
2.6479966647092 6.79334778005455 3.88719472835011 0.6789997220591 0.607778981671213 0.198932894029176 0 0 0 82 0 
1.13113957101196 5.78143429153234 0.978841165466996 -0.61407170241567 0.106786190961028 0.539903430455583 0 0 0 212 1 
0.130600657388668 4.83301064692287 2.51120431313858 0.885883388115722 -0.972249112756428 -0.165732973905118 0 0 0 66 1 
1.33741268931966 7.59205584499814 0.522196451081941 -0.596882275890029 -0.242328679583489 0.585183037590162 0 0 0 232 1 
2.24968010430767 6.13531028759333 2.41166228343312 0.0624733420256394 -0.0303908093672229 -0.340694809713907 0 0 0 170 1 
3.77639978573928 7.16604404771281 2.38456996524732 0.18969998214494 0.305503670642734 -0.342952502896057 0 0 0 46 1 
0.319039498974797 6.47215069422562 2.39709115158939 0.151586624914566 0.664345891185468 -0.0919090707008845 0 0 0 54 0 
2.71052746674141 5.89035870304696 1.02252583315352 0.517543955561784 0.615863225253914 0.376877152762793 0 0 0 56 0 
0.653025974779999 6.66514947309102 3.82342805016483 -0.320581168768334 0.763762456090918 0.860285670847069 0 0 0 105 1 
3.19485946599139 4.57873240319606 0.454978386984293 -0.192095044500718 0.173227700266338 -0.587085134417976 0 0 0 122 1 
1.59946286792105 5.44307347916924 0.872727851212579 -0.158378094339912 -0.00474387673589671 -0.802272679065619 0 0 0 152 1 
1.81973496863113 4.64218346765421 1.27715354294447 0.443311247385928 -0.821484711028816 -0.851903871421295 0 0 0 8 1 
2.45117931120183 6.58555717642278 1.70555933950279 0.829264942600152 0.423796431368565 -0.649536721708101 0 0 0 104 1 
0.767830261599324 7.77799409879093 2.87636845969017 -0.644347478200056 -0.476833825100756 -0.301969295025819 0 0 0 108 1 
2.68491503822828 5.46783236489146 1.11633976842225 0.265409586519023 0.663986030407621 -0.0319716859648126 0 0 0 25 0 
0.353818814464195 4.46073491522306 3.09477630167128 -0.34551509879465 0.163394576268589 0.216231358472606 0 0 0 73 0 
1.11091951303404 4.49337160599255 2.94156528414521 -0.949090040580497 0.166114300499379 0.620130440345435 0 0 0 12 1 
3.31274719550526 4.75309915346746 0.693678071205181 -0.182271067041229 0.354424929455622 -0.483860160732901 0 0 0 98 1 
1.53343046776607 5.0168192644454 2.09374598368998 0.919452538980506 0.459734938703783 -0.617187834692501 0 0 0 99 1 
1.61905165797993 7.03025785296295 0.218072536313607 -0.990079028501673 0.0441881544135785 0.143172711359467 0 0 0 155 0 
2.91973099770925 5.10874744577478 3.83684909219612 -0.381689083524229 -0.865937712852102 0.361404091016343 0 0 0 68 0 
2.68271889397061 5.36672330665391 2.35501301222909 -0.484773425502449 -0.594439724445508 0.904584417685758 0 0 0 128 1 
3.87555612335395 7.99472976496385 0.243953161545041 -0.0520369897205044 0.624560813746988 -0.18800390320458 0 0 0 97 0 
2.21406352371425 6.15966420117741 1.35283562965814 -0.857161373023812 -0.445027983235216 0.904402969138178 0 0 0 164 1 
2.6636328585298 5.53512013394426 2.05165296590989 0.180302738210817 0.669593344495355 -0.704028919507509 0 0 0 25 1 
2.13745282422942 5.75707840147333 3.03463350583863 0.136454402019118 0.271423200122777 -0.372113874513447 0 0 0 57 1 
3.2732513067958 7.78789041526847 2.07379901243371 -0.18556239110035 0.440657534605706 -0.785516748963857 0 0 0 74 1 
0.3626869118738 6.20394275758656 2.54675731417638 -0.928109424010517 0.39199522979888 -0.579436890485302 0 0 0 101 1 
3.91363060944457 5.16460833552756 1.39835407046377 0.117802550787048 0.972050694627297 -0.258470494128019 0 0 0 139 1 
1.35901227999839 5.1039836921632 3.72643417421305 -0.595082310000135 0.9669986410136 0.185536181184421 0 0 0 220 0 
2.95383152423006 4.66561636370707 3.6399514554039 -0.545514039647494 0.0138013636422558 0.678329287950325 0 0 0 195 1 
3.32637919981148 5.05688017250144 0.366023575735667 -0.431135066682377 0.213073347708453 0.655501964644639 0 0 0 124 1 
2.42936553049035 4.13983035846734 0.932719210939275 -0.839219539125804 -0.113347470127722 -0.880606732421727 0 0 0 136 1 
2.58786716419 7.57303254299927 1.64920252469045 -0.9926777363175 0.589419378583272 -0.737566456275796 0 0 0 18 1 
3.0294240483419 4.79431783803652 1.18352719536222 -0.789214662638175 0.357859819836376 0.473627266280185 0 0 0 4 1 
1.59761236750927 5.12255064164704 2.55306784935956 -0.575198969374227 0.96854588680392 -0.912244345886703 0 0 0 236 0 
0.529540034589136 7.51374322080108 3.56941417117015 0.502461669549095 -0.165521398266577 -0.244215485735821 0 0 0 234 1 
1.13101023075674 5.29217147137352 3.20144647641905 0.385917519229728 -0.933985710718873 -0.44154612696508 0 0 0 52 1 
3.56997698614901 6.5800655039099 2.64878423284592 0.922498082179084 -0.743327874674175 -0.82093464726284 0 0 0 116 0 
1.73964055262886 5.19512679636159 2.93423855373313 0.769970046052405 -0.525406100303201 -0.880480120522239 0 0 0 228 0 
0.676099456321974 5.82473524027904 2.84870131098526 -0.235325045306502 0.360394603356587 -0.970941557417895 0 0 0 24 0 
2.52768489825142 6.82434646952149 3.18247520980041 -0.497692925145716 0.527028872460124 -0.526460399183299 0 0 0 100 1 
1.95635017522242 4.06561633482705 0.141630818999687 -0.128637485398131 0.630468027902254 -0.44653076508336 0 0 0 32 1 
1.70869637822622 4.00662436218195 1.63289306862472 0.850724698185518 0.12555203018183 -0.0722589109479397 0 0 0 108 0 
2.84287686698148 4.37190836210316 1.35819369193724 -0.304760261084876 0.655992363508597 -0.67848385900523 0 0 0 111 1 
2.7851203168002 4.29243300800168 2.56955328298821 0.940426693066684 0.899369417333474 -0.494203893084315 0 0 0 252 1 
1.21645783945058 4.49029681545892 3.90941334200888 0.976371486620882 0.66585806795491 -0.0492155548325938 0 0 0 78 1 
3.5741128308636 7.23503274580621 2.9733695793191 -0.5771572640947 -0.438747271182816 0.0394474649432583 0 0 0 110 0 
3.66272366306538 6.52494600624853 0.686333897670522 -0.819773028077885 -0.581254499479289 0.182194491472544 0 0 0 27 0 
3.26500037662432 6.13819866488546 3.65015214191596 -0.769583301947973 0.469849888740455 -0.237487321507003 0 0 0 36 1 
0.443933487270389 4.21951913732308 3.97294583097659 -0.588005542727468 0.726626594776923 -0.210587847418617 0 0 0 228 1 
2.91568279352463 6.5189692704195 3.4563630445727 -0.0486931005396138 -0.415085894131709 -0.670303079618942 0 0 0 132 1 
1.31731028550899 7.21895966133157 3.95841623625927 -0.26522414287425 -0.106753361555703 -0.37846531364506 0 0 0 253 1 
2.93169198284505 6.24635290136451 3.30413852840626 0.285974331903754 -0.354470591552958 -0.932988455966145 0 0 0 149 0 
0.610822766492621 5.58936305868281 3.15005739452413 0.592568563874385 -0.825886411776433 -0.862495217122989 0 0 0 99 0 
2.75648943028746 6.86413882908923 3.56898547412736 0.354707452523955 0.447011569090769 -0.82758454382272 0 0 0 38 0 
0.0266366072820226 5.17837923688521 3.56194333833999 0.960553050606835 -0.0268017302595656 -0.744838055138335 0 0 0 245 0 
0.510675820820068 6.09045758760324 3.54372820220154 -0.832443681598328 0.0492047989669362 -0.746355983149872 0 0 0 246 0 
3.66462216556386 5.82913921509459 3.78606543037612 -0.152948152869678 -0.555905065408784 -0.726161214135323 0 0 0 126 0 
2.00309645179606 5.67885972291206 3.52858998442159 -0.708075295683661 0.514904976909339 -0.747617501298201 0 0 0 114 0 
7.65303002920103 6.32779315681819 0.112971557081691 -0.0705808308999134 -0.431017236931818 -0.282252370243192 0 0 0 244 0 
6.9129059889912 7.61752533351678 3.3770636686557 -0.382257834250733 0.426460444459732 0.656421972387975 0 0 0 73 1 
4.12096316482719 7.73520961777423 3.1912435578907 -0.114919736264401 0.0196008014811857 0.807603629824225 0 0 0 238 1 
5.33317624056439 4.5514254869278 0.0668381467465623 -0.847235313286301 -0.412381209422684 0.463903178895547 0 0 0 153 1 
6.83442983766836 4.54126137315652 2.07973277184575 -0.22213084686097 -0.246561552236957 0.798311064320479 0 0 0 255 1 
6.74535776513897 4.58398485808312 3.44181512783257 -0.146220186238419 0.0903320715069265 0.16181792731938 0 0 0 96 0 
5.52899242648827 5.82743032499108 0.124897976192607 -0.497583964459311 -0.889380806250743 -0.364591835317283 0 0 0 65 1 
7.06505645903874 5.94560778244031 1.494312453254 -0.369578628413438 -0.962866018129974 0.499526037771167 0 0 0 69 1 
5.67925838597911 6.41445381344801 1.19794844890113 0.264938198831593 -0.340462182212666 0.0581623707417604 0 0 0 135 0 
5.7214230634838 6.52685486065954 1.28819394552899 -0.981548078043017 -0.081095428278371 0.315682828794082 0 0 0 174 0 
7.70150073695121 7.08617731224323 0.180757315801533 -0.483208271920732 0.0488481093536022 0.640063109650128 0 0 0 187 1 
6.04796490616338 6.77652463890516 1.10115139626446 -0.871002924486385 0.523043719908763 -0.366570716977962 0 0 0 17 1 
6.91812529981712 5.92094853097301 2.68333476982419 -0.881822891681907 -0.548254289085582 0.0986112308186828 0 0 0 30 0 
7.96884897932169 4.13409556726274 0.950526206944602 0.705737414943474 -0.530492036061438 0.62087718391205 0 0 0 165 1 
5.21506923722585 6.29736869870953 0.666823127618275 0.0595891031021543 -0.266885941774206 -0.56943140603181 0 0 0 249 1 
4.52674054197125 6.02791980066844 0.132126829305143 0.0855617118309377 -0.70600668327763 0.802677235775428 0 0 0 40 1 
6.8868241023007 7.50544395466945 1.16832102586017 0.532235341858391 -0.916213003777546 0.889026752155014 0 0 0 41 1 
6.5155115713422 6.2431594365779 3.12583741460536 0.584625964278516 -0.0214033802851747 0.135486451217114 0 0 0 153 0 
6.2524082557555 7.55785263429711 0.874713505223125 0.562700687979625 0.338154386191426 0.364559458768594 0 0 0 61 0 
7.73757015372228 5.38439732491261 1.92600447055211 0.853130846143523 -0.842966889590616 0.035500372546009 0 0 0 19 0 
6.67439653617874 6.96953142438235 1.84147253702463 -0.902133621985105 0.205794285365195 -0.471543955247947 0 0 0 178 1 
6.57392728784142 5.14976862251507 0.0201072576043257 0.839493940653452 0.304147385209589 0.710008938133694 0 0 0 56 1 
7.96532909768927 6.68172755860923 3.89520832037778 -0.127889241859227 0.681810629884102 0.0329340266981486 0 0 0 119 0 
6.90389261265628 5.63079290254693 2.26534106170616 0.533657717721357 -0.322433924787755 -0.519554911524486 0 0 0 185 1 
4.03272575205217 5.89033875983403 3.58538340730032 -0.03893952066232 0.782528229986169 0.42378195060836 0 0 0 93 0 
7.49391642628464 6.11279113156461 2.64298564090683 -0.583840297809613 0.884399260963717 0.595248803408903 0 0 0 130 1 
7.01496026448039 5.09500293225276 3.43866425066549 -0.873753311293301 0.382916911021063 0.578222020888791 0 0 0 50 0 
5.89608324325991 5.47173653379281 3.24166458665986 0.699673603604993 -0.419021955517266 0.561805382221655 0 0 0 183 0 
5.84537003441011 5.16823049968578 0.501069405495044 0.695447502867509 0.0556858749738145 0.58342245045792 0 0 0 163 1 
6.65368105433006 6.36179372475989 1.67359721467424 0.596140087860839 0.905149477063324 -0.818866898777147 0 0 0 129 1 
7.43744711846812 5.19733417098695 2.50370901101263 -0.421879406794323 -0.691888819084421 -0.499690915748947 0 0 0 60 1 
6.53758606990353 5.44260685371219 2.24575982394039 0.336465505825294 0.245217237809349 -0.687853348004968 0 0 0 27 1 
6.50856030567144 5.28818756345757 0.401810731724265 -0.749286641194047 0.732348963621464 0.741817560977022 0 0 0 61 1 
4.32608233480643 4.46355922030327 3.3726925335072 0.152173527900536 0.246963268358606 0.822724377792266 0 0 0 39 1 
4.86254296095151 4.14461598853114 2.03669698398318 0.61354524674596 -0.696282000955739 0.294724748665265 0 0 0 31 0 
5.02006006768495 4.01868607967655 0.779677043186577 0.543338338973746 -0.123442826693621 -0.393360246401119 0 0 0 150 1 
4.6487299366285 5.16514562593455 1.35323554681125 0.429060828052375 -0.527904531172121 0.821102962234271 0 0 0 177 1 
5.39934660624793 7.79842221004289 2.38224208608577 0.824945550520661 -0.725131482496426 0.156853507173814 0 0 0 65 0 
5.38187677813154 7.24880763986793 3.27300423217621 0.906823064844295 0.645733969988994 0.231083686014684 0 0 0 66 0 
4.03249276090709 5.4184377297564 2.82513500837483 -0.705625603257743 -0.840130189186966 -0.806238749302097 0 0 0 52 0 
7.96372333066168 7.64209810601145 2.76137547168818 0.538643610888474 -0.738158491165712 -0.728218710692651 0 0 0 2 1 
5.50399448212839 4.69737734354741 2.63524595911622 0.333666206844032 -0.400218554704383 -0.988729503406982 0 0 0 154 0 
7.48062376158526 6.47887845034639 2.95500292324983 0.998385313465438 0.331573204195532 -0.628749756395848 0 0 0 89 1 
5.89153525124282 4.14637058521314 2.99685013137316 0.449294604270235 0.220530882101095 -0.95859582238557 0 0 0 21 0 
4.16271590164813 7.69429890102669 1.73736887408434 0.888559658470678 -0.483808424914442 -0.230219260492972 0 0 0 75 1 
4.40524470605367 7.35496735791513 3.9890521786888 -0.507896274495528 -0.262086053507073 -0.875912318442599 0 0 0 214 0 
6.92329481035532 6.15420839601751 3.73595194206366 -0.798058765803723 0.387850699668126 -0.980337338161362 0 0 0 5 0 
4.22001451503579 6.82586410955024 3.98047241437017 -0.106665457080351 0.860488675795854 -0.293293965469153 0 0 0 126 1 
4.06662039042838 4.61315531562134 3.99833249968525 -0.119448300797635 0.176096276301778 -0.875138958359563 0 0 0 90 0 
6.93975451165329 4.82881014044514 3.87891265947993 0.369979542637774 0.360734178370429 -0.635090611710006 0 0 0 3 1 
0.253321929840745 1.138208924049 5.47039154334164 0.229443494153395 0.0531840770040832 -0.00246737138819697 0 0 0 19 1 
2.65712136897606 2.26439806845615 7.00789032513409 0.596426780748005 0.230366505704679 -0.124342472905492 0 0 0 113 1 
3.67948633925458 0.764148923325902 7.16813547205037 0.598290528271215 0.438679076943825 -0.277655377329136 0 0 0 148 1 
3.88960156347887 2.13167407316862 6.95595238746601 0.69913346362324 -0.0306938272359479 -0.462003967711166 0 0 0 121 0 
3.67823798123675 0.993543833213438 5.78984803723129 0.848186498436396 0.207795319434453 0.107487336435941 0 0 0 71 1 
3.77581641958592 3.26271663760131 5.2992799761408 0.856318034965493 0.313559719800109 -0.4333933353216 0 0 0 83 1 
0.844349425201409 1.72103679084528 5.33341256552153 0.195362452100117 -0.23158026742956 -0.430548952873206 0 0 0 146 1 
1.07617197763289 1.40025865891088 5.47368242612731 0.214680998136074 0.158354888242573 -0.668859797822724 0 0 0 34 0 
3.02628655672586 2.2712143283709 7.19237293829671 0.877190546393822 0.147601194030908 -0.108968921808608 0 0 0 116 1 
3.4751344656891 1.12785619937172 4.17414080426762 0.831261205474091 0.635654683280977 -0.860488266311032 0 0 0 219 0 
3.87634678421693 1.71984533937403 5.03865510824298 0.0313622320180778 -0.148346221718831 -0.788445407646418 0 0 0 32 0 
3.60394805746162 3.99605139962469 5.67222625381955 0.258662338121801 0.708004283302057 -0.818981145515037 0 0 0 129 0 
1.44252108639213 3.66835877767367 7.52074360283997 -0.421456576133989 0.764029898139473 -0.331604699763336 0 0 0 199 1 
3.25160735044499 0.22696101229358 6.0501472357432 0.145967279203749 0.727246751024465 -0.4541543970214 0 0 0 142 1 
0.714227108243831 0.293599043545647 5.67386486149625 0.101185592353653 0.816133253628804 -0.318844594875313 0 0 0 169 1 
3.80841887621572 0.242724477586052 5.24736986109606 0.525701573017977 -0.688106293534495 -0.687719178241995 0 0 0 175 0 
0.157244725624098 1.32960273631564 5.84929469892314 -0.0285629395313252 0.985800228026304 -0.887558775089738 0 0 0 133 0 
3.09771686747251 1.8514938588111 7.9833792021425 0.466476405622709 0.279291154900925 -0.793051733154791 0 0 0 23 0 
2.39445203225044 2.65627758423435 5.82643393624463 -0.175462330645797 0.179689798686196 0.360536161353719 0 0 0 81 0 
0.0685027113015373 3.63524032847454 7.98437498875559 -0.535958107391539 0.511270027372878 0.790364582396299 0 0 0 91 0 
1.52793155794739 0.519224374957198 6.67770839512303 -0.49767237017105 -0.498397968753567 -0.48519096707308 0 0 0 252 0 
0.342952578470705 0.60089503390013 6.31991674297692 -0.763087285127441 -0.241592080508323 -0.931673604751923 0 0 0 95 0 
0.774141509794667 1.24131670481021 4.03843090089537 -0.393821540850444 -0.688223607932482 -0.705130758258719 0 0 0 250 0 
3.12223477450167 0.173490532199688 6.56505263481819 -0.114813768791528 -0.777209122316692 -0.911245613765151 0 0 0 217 0 
1.0791181639914 2.51330777783727 6.54529324562433 -0.951740153000717 0.00110898148643934 0.0037744371353603 0 0 0 44 1 
2.42867980908251 2.88596511654554 4.1705804709824 -0.42261001590979 -0.051169573621205 -0.777451627418134 0 0 0 112 0 
1.98943281200908 3.14847425897859 6.01096102963087 0.0407860676674237 -0.279293811751784 -0.207419914197428 0 0 0 186 1 
0.434539499616399 3.82515333968496 5.57296096761731 0.494544958301367 -0.0562372216929206 -0.327253252698558 0 0 0 226 1 
2.29916090890036 1.17821522608156 6.43946069120127 -0.850069924258303 -0.443482064493203 0.494955057600106 0 0 0 140 0 
3.58124868887756 2.62688088965147 5.65138366785612 0.173437390739797 -0.489426592529045 -0.570718027678657 0 0 0 190 0 
2.25615446020998 2.97289378936758 5.86778640239368 0.479679538350832 -0.377258850886035 0.197315533532807 0 0 0 192 0 
2.73956572207656 1.38680834059984 5.73033641529915 -0.39670285649362 -0.926099304950014 -0.314138632058404 0 0 0 112 1 
3.0983972959331 2.50614857544984 6.59064469176837 0.799866441327758 -0.66615428537918 0.840887057647364 0 0 0 247 0 
2.133310970193 0.442647565218825 4.92479243700005 0.0527759141827502 0.161887297101569 0.452066036416671 0 0 0 6 0 
0.089906180255197 1.07556574616472 6.41521712299978 0.215825515021266 0.46463047884706 0.909601426916648 0 0 0 131 1 
2.9296858124449 2.68332302723927 7.18802975001357 -0.964192848962925 0.431943585603273 0.640669145834464 0 0 0 10 0 
3.20833291474985 3.51681907403345 7.0621777612316 0.225694409562488 -0.41526507716388 -0.2031518532307 0 0 0 173 1 
1.95357938288682 3.66523618759759 7.0975291532636 -0.0455350514260984 -0.319563651033534 -0.866872570561367 0 0 0 159 0 
1.25308028947825 2.4640399945773 7.53553524276269 0.646090024123187 -0.836330000451892 0.919627936896891 0 0 0 127 0 
0.845230140054007 3.4020984527864 5.73049260624304 0.778769178337834 -0.591491795601133 0.852541050520253 0 0 0 200 1 
3.02196276837148 2.31300250427278 5.14115814777128 0.54349689736429 0.567750208689399 0.720096512314274 0 0 0 180 0 
2.61633378654607 0.908951053472432 5.66434156006793 -0.656972184454494 0.700745921122703 0.847028463338994 0 0 0 206 1 
1.35173259285396 2.32172788607452 4.98400358347646 0.23764438273783 -0.681522676160456 0.540333631956372 0 0 0 150 0 
2.0645713094604 3.32687342472212 4.915755470813 0.463714275788366 -0.347760547939823 0.86797962256775 0 0 0 160 1 
3.61700634185184 1.7061141795141 7.2867809098177 -0.906916138179013 -0.232823818373825 -0.184434924181858 0 0 0 162 1 
3.90924783427433 1.55082446828525 5.39157658195995 -0.465896013810472 -0.995764627642896 0.990964715163329 0 0 0 107 1 
1.35837171271691 3.84465244207766 4.75681583944512 -0.178469023940257 -0.721278963160195 0.0214013199537599 0 0 0 16 1 
1.10645171121506 3.96472111430252 5.08397525508207 0.467204309267922 -0.544606573808124 -0.368002062076493 0 0 0 229 1 
3.01419699308092 3.66709284225103 6.02551813332655 0.709516416090077 -0.402742263145748 0.46045984444388 0 0 0 206 0 
2.40729611525445 2.73134490962642 4.18248163907437 0.825608009604538 0.185945409135535 0.806873469922865 0 0 0 84 1 
1.14509829442705 1.75246447132575 4.32580836068215 0.720424857868921 0.687705372610479 0.818817363390179 0 0 0 220 1 
3.87054855733706 2.49830577711745 4.72673798154704 -0.885787620221911 0.0831921480931206 0.935561498462253 0 0 0 38 1 
6.80520520103196 3.88875289297607 6.14136913553702 0.275433766752664 0.365729407748005 0.0534474279614185 0 0 0 20 1 
6.31162857062156 2.67897731117656 4.48669308181351 -0.182364285781536 0.681581442598047 -0.834442243182208 0 0 0 216 0 
5.23332473861739 2.01054232878328 5.74338166755333 -0.522222938448551 -0.207454805934726 0.186948472296111 0 0 0 241 0 
4.78705642832519 3.03937692183139 6.47892583916072 -0.809411964306234 -0.0383852565140511 -0.168422846736607 0 0 0 62 1 
5.21723976646362 3.37421878458395 5.68683526229033 0.143103313871968 0.739518232048662 -0.151097061475806 0 0 0 184 1 
5.9596355636004 3.82612517733267 7.13225721356182 -0.3783637030333 0.943843764777723 -0.530645232203182 0 0 0 238 0 
4.2316151113614 0.22010420673055 4.86482938143624 -0.52236540738655 -0.273324649439121 -0.886264218213647 0 0 0 78 0 
7.81243827718112 0.0847412286017977 5.87867603684785 0.10936985643176 -0.0346048976165169 -0.718443663596013 0 0 0 83 0 
6.32375485671165 1.15786299278972 5.91622914671404 -0.181353761940696 0.0548219160658101 -0.71531423777383 0 0 0 84 0 
4.0439980533148 1.24610117349167 6.99171921936078 -0.1213334955571 -0.0211582355423606 -0.625690065053268 0 0 0 86 0 
7.85021557690071 0.734948114301307 5.23638203366664 0.529184631408392 0.269579009525109 0.144698502805553 0 0 0 58 0 
5.48409387631351 0.366813654718765 7.02200175025212 -0.751325510307208 -0.51109886210677 -0.539833187478991 0 0 0 170 0 
6.59472690766995 2.39908495959644 7.64664809133732 -0.0754394243608369 0.824923746633036 -0.48777932572189 0 0 0 240 0 
6.27313546730838 1.44800684062269 5.27706969680987 -0.768905377724302 -0.170999429948109 -0.935244191932511 0 0 0 13 0 
5.88540000345465 0.757655213849913 5.07219228390995 0.0321166669545541 -0.145195398845841 -0.95231730967417 0 0 0 74 0 
7.20034428937007 1.75646936006122 6.0178213679847 -0.191637975885827 0.438039113338435 -0.790181552667941 0 0 0 79 0 
6.70583095056831 3.25608618137461 7.8565791735872 -0.399514087452641 -0.103659484885449 0.529714931132266 0 0 0 209 0 
6.68771080062169 1.24180223463682 4.60949422595828 -0.81769076661486 0.645150186219735 -0.574208814503476 0 0 0 137 1 
5.39684666212759 0.690134227050176 6.97946854344691 -0.591929444822701 0.765844518920848 0.206622378620576 0 0 0 144 1 
4.16772465348864 0.294815741014681 7.25885891136179 -0.0276896122092806 -0.60043202158211 -0.603428424053184 0 0 0 221 0 
4.44516055788719 0.535477116602841 7.76458765187865 -0.337903286842734 -0.413710240283097 0.605382304323221 0 0 0 200 0 
6.4323896593567 2.36434975337088 7.97548519098068 0.0776991382797252 0.988695812780906 -0.62704290075161 0 0 0 202 0 
6.17114591375084 0.732895949152907 7.44848958189404 0.22259549281257 0.852741329096075 0.32904079849117 0 0 0 188 0 
7.92868694184313 0.821759572635628 4.42641045797274 0.452390578486927 0.943479964386302 -0.172799128502271 0 0 0 167 1 
5.60021944887295 1.73111081628719 5.967305913713 -0.991648379260588 -0.397407431976068 0.20560882614275 0 0 0 186 0 
6.5339962125448 1.08162526992277 5.6609242394081 0.5861663510454 -0.0348645608397693 -0.153256313382659 0 0 0 53 1 
5.22805519900697 2.23518793366809 4.03002547540055 -0.105995400082753 -0.355401005527659 -0.455831210383288 0 0 0 235 1 
5.15157865065564 0.270391852607605 7.10629260785653 -0.112368445778697 0.9808659877173 -0.616142282678623 0 0 0 211 0 
6.82056394220762 0.618169317375843 6.27574638990821 -0.806619671482698 0.92651410978132 0.314645532492351 0 0 0 165 0 
5.75777412821568 1.83054855015674 7.5634956960624 0.438147844017973 0.360879045846395 -0.911375358661466 0 0 0 41 0 
4.82060950273729 1.65752148461269 5.74225115585882 0.193384125228107 0.513126790384391 0.353520929654902 0 0 0 147 0 
7.01075461076812 0.774911570590945 6.36543839835468 0.12589621756401 0.939575964215912 0.572119866529556 0 0 0 198 0 
6.52591877678945 3.17922708096549 4.89716633171589 0.752159898065787 0.72326892341379 0.0330971943096579 0 0 0 135 1 
7.0408385626404 2.0055346394869 6.6948992073015 0.878403213553367 0.958794553290575 -0.317091732724875 0 0 0 156 1 
5.87135324358649 0.71537243314367 4.3712673526758 0.530946103632208 0.767947702761972 -0.0940610539436829 0 0 0 157 1 
5.89215130403614 0.159192984279763 7.27664898939616 0.616012608669678 0.80493274868998 -0.268612584216987 0 0 0 154 1 
6.749525344835 0.714515743537169 4.51499537891041 0.77079377873625 0.851209645294764 -0.998750385090799 0 0 0 139 0 
6.23266350304892 2.24090064356344 7.91097452263232 -0.105611374745923 -0.521591613036379 0.700914543552693 0 0 0 208 0 
7.32193458671819 3.41579948869522 7.43704287757716 0.735161215559849 -0.173683375942065 -0.338579760201903 0 0 0 134 1 
5.81212091845795 0.607096498055453 6.49597349960011 -0.140656590128504 0.00892470817128777 0.749664458300009 0 0 0 100 0 
6.1447877101455 0.434186764973732 6.68572994598278 0.470398975845458 -0.505484436252189 0.848810828831899 0 0 0 185 0 
5.52436517174232 0.358473368486369 4.02607951407026 0.668697097645193 -0.595127219292803 -0.456160040494145 0 0 0 175 1 
4.25391218642154 3.48568921352126 5.16509062471556 -0.687173984464872 -0.251192565539895 0.0554242187262972 0 0 0 140 1 
5.91172774291237 1.7321476813195 5.09358374362036 0.284310645242697 -0.980654359890041 -0.700534688031636 0 0 0 43 0 
6.28285985100453 0.891742438632074 6.41258445067754 -0.684761679082956 -0.300688130113994 0.826048704223128 0 0 0 178 0 
6.55922756125951 1.50422215650194 5.95511242314452 -0.0783977032283739 -0.416314820291505 0.871259368595377 0 0 0 204 1 
5.67580706405528 2.2355138578161 4.78808205239077 0.93131725533794 0.311292821484675 -0.059326495634102 0 0 0 86 1 
5.46588523263636 3.01714168797578 7.2160633186184 0.830490436053031 0.376428473997981 0.3096719432182 0 0 0 117 0 
4.8233514617924 3.17147602708824 5.6049777674042 0.443612621816033 0.38928966892402 0.67541481395035 0 0 0 37 0 
7.17900625066128 2.69604621345325 7.29276498774452 0.389917187555107 -0.816996148878895 0.31606374897871 0 0 0 63 0 
6.61525363012305 2.3866139258524 5.3667577266923 -0.990395530823079 -0.842782172845633 -0.261103522775641 0 0 0 63 1 
7.89927115898899 3.7574618526847 4.6646176286813 0.866605929915749 -0.228544845609609 0.180384802390108 0 0 0 171 0 
6.64541904166281 2.3193357362418 5.08741529977942 -0.2378817465281 0.984944644686816 0.882284608314952 0 0 0 219 1 
4.44721062117021 3.35220231119848 5.83674883607799 0.82893421843085 0.654350192599873 0.194729069673166 0 0 0 242 0 
4.08787041222717 1.09005845262983 4.84128654461644 0.798989201018931 -0.117495128947514 0.19510721205137 0 0 0 106 0 
4.09881181340483 0.750796472082701 6.02537982934383 0.966567651117069 -0.895766960659775 -0.706218347554681 0 0 0 212 0 
5.99574996813743 3.61898435620887 7.55031760737589 -0.62535416932188 -0.990084636982594 0.337526467281325 0 0 0 51 0 
5.67976145789244 3.95168983164293 4.53543335885635 -0.818353211842297 -0.879025847363089 -0.663713886761971 0 0 0 53 0 
5.30001385229018 3.32926807371683 6.38554768048773 -0.599998845642485 -0.847560993856931 0.740462306707311 0 0 0 44 0 
4.24248200869588 3.90767232200318 7.2009581368895 0.228540167391324 -0.966027306499735 -0.691586821925875 0 0 0 2 0 
5.9557809102612 0.611909219025581 4.35443809553006 0.204648409188433 -0.574007565081202 0.487869841294172 0 0 0 160 0 
6.70578071069876 1.98187195658104 4.07923456970726 0.850481725891564 0.623489329715086 0.631602880808938 0 0 0 184 0 
6.75164602922427 2.95446291828673 4.02680231435594 -0.729029497564644 -0.378794756809439 0.960566859529662 0 0 0 189 1 
5.63242390241762 3.60263045879057 4.40892999791985 0.844368658534802 0.925219204899214 0.909077499826654 0 0 0 237 1 
7.81587894635541 2.8288114929527 4.45246725856794 0.776323245529618 -0.722599042253941 0.579372271547328 0 0 0 162 0 
1.65975644876595 6.0159814095807 7.62048613306805 0.429979704063829 -0.290334882534941 -0.156626155577663 0 0 0 172 1 
0.254837779862459 6.61457093962043 6.66533774545385 -0.187096851678129 -0.0737857550316313 -0.152888521212179 0 0 0 191 1 
3.23546167146281 4.12086105249498 5.9039128292714 0.394621805955234 -0.531594912292084 -0.54967393089405 0 0 0 182 0 
0.451890142476343 7.631243721994 4.03136139292782 0.245990845206362 -0.155729689833834 -0.705719883922682 0 0 0 187 0 
2.69071876110132 7.80584353696464 7.80381997222531 0.265893230091777 0.358820294747053 0.191984997685443 0 0 0 29 1 
0.96311108592229 6.29769991750959 7.64119450983088 0.538592590493524 0.233141659792466 0.17843287581924 0 0 0 94 1 
2.22409179851454 5.72840319193872 7.49681480329063 -0.0229923501237885 -0.564299734005107 -0.500265433059114 0 0 0 47 0 
3.78992597865246 6.11333989829318 6.53180136700516 0.690827164887705 0.0511116581910986 -0.580683219416236 0 0 0 229 0 
0.3044826447485 7.91377784420673 6.85474085040468 0.317040220395708 0.451148153683894 0.279561737533723 0 0 0 60 0 
1.66374919829163 4.86909215177364 6.54033144272738 0.263645766524303 -0.21924232068553 -0.663305713106052 0 0 0 158 0 
2.72868224532275 7.24353053122938 7.2469964631236 0.352390187110229 -0.604705789064218 0.228916371926966 0 0 0 6 1 
0.286889655960554 4.70296796559644 5.65060960336917 -0.267759195336621 0.10024733046637 0.17921746694743 0 0 0 64 0 
3.8090055619498 6.94585854005291 7.69452477314416 0.942417130162484 0.370488211671076 0.349543731095347 0 0 0 124 0 
0.283350492639293 5.78464031403819 5.45424988802423 0.565279207719941 -0.0596133071634842 0.0795208240020191 0 0 0 203 1 
2.96851026643051 6.04658389197585 5.96331365622227 0.872375855535876 -0.204451342335345 0.12194280468519 0 0 0 208 1 
0.40548579482466 4.02060423593787 7.39865892548503 0.575457149568722 -0.123282980338511 -0.175111756209581 0 0 0 231 1 
2.66530230642948 7.6326790870661 4.28039278452644 0.930441858869123 0.261056590588842 -0.351633934622796 0 0 0 244 1 
2.22128798226639 6.27064134192063 7.97492575762939 0.810107331855533 -0.18577988817328 0.0395771464691159 0 0 0 256 1 
2.63231689019665 5.86263248067435 5.69165260038234 0.844359740849721 0.0302193733895288 -0.650695616634805 0 0 0 232 0 
2.91808100041678 6.01166706551894 6.31780490445462 0.201506750034732 -0.624027744540088 -0.765182924628781 0 0 0 9 0 
1.17878679694251 4.19713210881013 4.29838057318412 -0.443434433588124 -0.608572324265823 -0.100134952234657 0 0 0 211 1 
0.565976329449871 6.45393385884602 6.74028586687037 0.672164694120822 -0.670505511762832 -0.646642844427469 0 0 0 88 0 
0.163985626589501 6.44011513685373 4.98932138300468 0.638665468882458 -0.421657071928856 -0.959223218082944 0 0 0 196 0 
2.58711248649061 7.70545794219171 6.1590887244549 0.340592707207551 -0.232878504817357 -0.861742606295425 0 0 0 134 0 
0.37987523513018 6.90154444749166 7.05472267811569 -0.176677063739152 0.533462037290971 0.379560223176308 0 0 0 35 0 
3.93123399788999 7.56287397333424 5.50925227106287 0.369269499824166 0.67190616444452 -0.915895644078094 0 0 0 1 0 
0.776859200451484 6.50074800277236 5.90531916389544 0.856404933370957 -0.499937666435636 -0.38289006967538 0 0 0 95 1 
0.031648049497577 4.93206475653982 5.97272576004182 -0.789029329208535 -0.130661270288348 -0.793939519996515 0 0 0 203 0 
0.932750852002219 6.84880217833303 6.8516736073348 0.869395904333518 -0.804266485138914 -0.387360532722101 0 0 0 67 1 
0.69729262996444 7.99385186394193 7.53709542269863 0.933107719163703 -0.625512344671506 0.00309128522488589 0 0 0 114 1 
3.22630953573897 6.04869072092499 7.47696126373494 0.977192461311581 0.379057560077083 0.664746771977911 0 0 0 72 0 
0.883130255805852 4.47215716229883 7.58481559149755 0.615260854650488 -0.335653569808431 -0.742932034041871 0 0 0 207 0 
0.173659098940632 5.74592686508554 5.59337881683156 -0.943861741754948 0.103827238757129 0.0911149014026305 0 0 0 193 1 
1.13693519769924 7.4318894360943 6.47265048437319 -0.696922066858396 -0.505675880325475 0.331054207031099 0 0 0 107 0 
0.526215855083145 5.40797600156534 6.75435096141676 0.918851321256929 -0.507668666536222 0.521195913451397 0 0 0 194 0 
0.121721465408181 5.48462086273102 7.27586579998355 0.968476788784015 -0.167948261439082 -0.935344516668037 0 0 0 237 0 
1.88627562526086 4.50415802854874 6.45794135187049 -0.0511436978949282 0.000346502379061642 0.579828445989207 0 0 0 131 0 
3.79509875231436 5.54733266839876 7.1362150607003 0.357924896026197 0.0872777223665637 0.719684588391692 0 0 0 145 0 
2.78185044155972 4.78122234861738 4.89657022190094 -0.05984579653669 -0.226564804281885 0.199714185158412 0 0 0 176 0 
0.679629013585888 4.20673475149102 5.63051279567049 0.681635751132157 -0.774438770709081 0.344209399639207 0 0 0 92 0 
2.02621460975744 4.8893007357581 5.89291956362227 0.0438512174797863 0.282441727979842 0.0327432969685226 0 0 0 22 1 
1.53447137181625 5.07645637489251 5.01306139015636 0.669539280984688 0.298038031241042 -0.457244884153636 0 0 0 87 1 
1.57072221209885 5.87193636529605 4.78341555391296 0.922560184341571 0.530994697108004 -0.643048703840587 0 0 0 115 0 
2.11103619586894 7.43447549571509 5.95273169391338 -0.615746983677588 0.327872957976258 0.121060974492782 0 0 0 79 1 
1.89598942020286 5.54184477639084 7.34967330298398 -0.633667548316428 -0.746512935300763 -0.595860558084669 0 0 0 87 0 
0.53844721509168 7.34886444348147 5.57739128196965 0.16987060125764 0.0707387036234557 0.423115940164138 0 0 0 138 0 
0.96343909144757 6.06699254901113 7.15917447535277 -0.128046742379369 -0.119417287582407 0.888264539612731 0 0 0 191 0 
1.69305628373767 7.54330607664749 6.77809696672461 0.766088023644806 -0.829724493612709 0.856508080560384 0 0 0 120 0 
0.118999051305877 7.89885059309211 7.01900567531402 0.968249920942156 0.366570882757676 0.876583806276168 0 0 0 125 0 
2.36444448217398 6.09884432177883 7.86888641033686 -0.0112962931521684 0.966570360148236 -0.052592799138595 0 0 0 183 1 
0.608969713901526 6.06783042852438 6.41988687330166 -0.82425252384154 0.880652535710365 0.326657239441805 0 0 0 226 0 
0.375299714169348 5.78471783441579 5.98567448299042 -0.927058357152554 0.857059819534649 0.290472873582535 0 0 0 225 0 
2.09222067478845 5.80788161343036 4.02588030449411 -0.783981610434296 0.60899013445253 -0.789509974625491 0 0 0 101 0 
3.60968090387449 7.59775961161059 5.74061983190226 0.925806741989541 0.674813300967549 0.853384985991855 0 0 0 68 1 
2.73754332758057 4.61069035740743 4.82081379354904 0.436461943965048 0.509224196450619 -0.223265517204247 0 0 0 55 1 
0.620444772827684 4.99663870152536 4.16349811467133 -0.323296268931026 0.87471989179378 -0.861375157110723 0 0 0 213 0 
2.62876050007483 5.23298111186027 6.10365123881361 0.927396708339569 0.644415092655022 -0.449695730098866 0 0 0 76 1 
0.1042723112954 5.4947177924576 7.03177109640553 -0.616310640725383 0.9162264827048 0.127647591367128 0 0 0 216 1 
3.31477755045432 6.67205076389112 7.07039570329307 -0.432101870795473 -0.0689957696757402 0.297532975274422 0 0 0 256 0 
3.36349592788226 4.73360312956326 7.93396417224589 -0.344708672676478 -0.0638664058697281 0.952830347687157 0 0 0 248 0 
2.56368624765797 5.62136080223904 6.71220103693858 -0.994692812695169 0.676780066853254 -0.898983246921784 0 0 0 26 0 
0.883728671810847 6.60029628682146 4.83853264547836 0.531977389317571 -0.741641976098211 0.611544387123197 0 0 0 98 0 
0.760182627478486 5.87219810055874 5.06416897163904 -0.311651447710126 -0.885650158286772 0.713680747636587 0 0 0 113 0 
1.00583595605849 7.61225039415852 5.17152219405225 0.292152996338208 -0.907312467153457 0.805960182837688 0 0 0 11 1 
1.84023045541977 4.39099995623644 6.32397605349176 0.278352537951647 0.65758332968637 -0.348001995542353 0 0 0 30 1 
1.84870749256062 4.08441315525443 7.15697960116846 0.0290589577133848 0.382034429604536 -0.0285850332359621 0 0 0 50 1 
0.0230454426292304 4.21162009662163 7.53694548787039 -0.373079546447564 0.225968341385136 0.00307879065586536 0 0 0 117 1 
3.75157101089417 4.84439172921831 4.44732674452463 0.0209642509078471 0.862032644101526 -0.754389437956281 0 0 0 168 0 
2.17404275900887 4.2081820258298 6.26469442657163 0.806170229917406 0.642348502152483 -0.852942131119031 0 0 0 80 0 
0.735636420388838 4.6479119376957 7.99349626970316 0.936303035032403 0.845659328141308 -0.125541977524737 0 0 0 230 1 
1.44128402320226 4.22935783645452 7.68048819950593 0.161773668600188 0.97744648637121 0.681707349958827 0 0 0 141 0 
3.36633577412143 4.43136491509457 4.76329313225107 -0.177805352156547 0.827613742924547 -0.728058905645744 0 0 0 230 0 
3.80752268417043 4.11626682264085 6.74773680509933 0.275626890347536 0.301355568553404 0.937311400424944 0 0 0 1 1 
3.36844612411853 4.13448769028665 6.02710296251417 0.739037177009877 0.552873974190554 0.960591913542848 0 0 0 90 1 
3.37253551282346 4.38119515522801 5.89409239424267 -0.677288707264711 0.573432929602334 0.282841032853556 0 0 0 105 0 
3.73345014660373 4.24412606591658 7.37837726081121 -0.480545821116356 0.812010505493049 -0.760135228265733 0 0 0 199 0 
3.80511397474171 6.48310339902644 5.66981983080528 -0.557907168771524 -0.334741383414463 -0.15251501409956 0 0 0 246 1 
3.8609357834002 4.11984320681034 6.25960076783391 -0.63658868471665 -0.365013066099138 0.229966730652825 0 0 0 253 0 
3.88281368830718 6.5589252782659 5.62446807181063 -0.134765525974402 -0.495089560144509 -0.989627660682447 0 0 0 94 0 
3.61834044258869 6.86901391435877 7.36374171197184 -0.823471629784276 -0.969248840470103 -0.428021524002347 0 0 0 59 0 
3.93951174420592 4.10109487911007 5.0743610772938 -0.463374021316174 -0.866575426740828 0.964530089774484 0 0 0 103 1 
0.238683042540921 7.79072249253482 4.20667937630859 -0.355109746454923 0.190893541044568 0.725556614692382 0 0 0 197 1 
1.32053269364677 6.54249438563729 4.25761131308135 0.0683777244705643 0.0868745321364404 0.813134276090112 0 0 0 149 1 
2.63801376146865 6.20572199635174 4.18924012786341 -0.155165519877612 0.725476833029312 0.224103343988618 0 0 0 89 0 
0.0933414106215933 4.8287819302694 4.268107526849 0.716111784218466 0.777398494189117 0.730675627237417 0 0 0 196 1 
4.66974013709799 6.30671217727813 7.89732199269872 -0.152521655241834 -0.0994406518934892 -0.300223167275106 0 0 0 207 1 
7.953057301828 7.71239191098014 7.3315793251173 0.287754775152333 -0.148967340751655 -0.180701722906892 0 0 0 233 1 
4.84710419455612 7.80528206792665 6.66643324219553 -0.471074650453656 -0.141226494339445 -0.0694638964837057 0 0 0 250 1 
4.53560029040745 5.62727969059286 6.62330093706979 -0.247033309132712 0.177273307549405 -0.406391588577518 0 0 0 80 1 
6.08531685826605 7.33365321354621 7.57396768996732 -0.617890261811162 -0.0138622322044832 0.256163974163943 0 0 0 143 1 
5.75119850376436 6.34979014748641 4.35071980675763 0.104266541980363 0.0708158456238677 -0.929106682770198 0 0 0 197 0 
4.30085298399127 7.96091241750406 7.56190757304285 -0.516595584667394 0.621742701458672 -0.244841035579762 0 0 0 82 1 
7.80407023744836 7.05993948799229 6.39066269730414 -0.557994146879303 0.463328290666024 -0.925778108557988 0 0 0 22 0 
7.12770037674146 7.33183811032324 7.90578679746617 0.468975031395122 -0.0140134908063967 0.617148899788847 0 0 0 142 0 
4.19664663743475 4.9887473154498 6.97281941433116 -0.525279446880438 -0.292604390379183 -0.877265048805737 0 0 0 222 0 
6.85039976689104 5.89496915993173 7.48130920706969 0.0291999805742527 -0.133752570005689 -0.834890899410859 0 0 0 223 0 
6.21935162723626 5.09347056137144 7.64201737984645 -0.523387364396978 -0.200544119885714 -0.73816521834613 0 0 0 144 0 
5.01446139356129 7.02472104576993 6.01413000287732 -0.873794883869893 0.710393420480827 -0.29048916642689 0 0 0 37 1 
7.59904328109308 7.3628553015095 5.24970683502173 0.59158694009109 0.821904608459125 0.0624755695851447 0 0 0 9 1 
7.76279949884159 4.03323492294848 6.04712816096735 0.771899958236799 -0.538897089754294 -0.204405986586054 0 0 0 182 1 
7.72824340743861 4.81400714906179 4.65523010209845 -0.897646382713449 0.109500595755149 -0.487064158158462 0 0 0 31 1 
5.91894977936516 7.80199068264215 7.4879371487189 -0.0484208517195701 0.358499223553513 -0.917671904273425 0 0 0 111 0 
4.61303774646516 6.39362195987925 7.37252708781651 0.00941981220543053 0.407801829989938 0.739377257318043 0 0 0 85 0 
6.96403822772701 5.32568929962499 5.71218252628767 0.372003185643917 0.402140774968749 -0.898984789476028 0 0 0 3 0 
7.9822766797211 6.57458070871698 5.87301939716259 0.123523056643425 0.672881725726415 0.447751616430216 0 0 0 71 0 
6.45784446883286 6.28970188049935 7.30771423605733 0.663153705736072 -0.600858176625054 -0.0993571469952228 0 0 0 58 1 
6.96759952978219 5.97681006228842 7.9778267393906 0.872299960815183 0.289734171857368 0.789818894949217 0 0 0 28 0 
4.17909415249373 7.04314705944435 5.35242864315023 0.0565911793744773 0.628595588287029 0.237702386929186 0 0 0 36 0 
4.79749621509593 6.16083160537199 7.78979437173342 0.358124684591328 0.971735967114333 0.940816197644452 0 0 0 181 0 
4.60902010008553 5.46361753746937 7.81053442393339 -0.740914991659539 0.580301461455781 0.359211201994449 0 0 0 55 0 
7.54412685197964 6.28019540775225 5.31829876533762 0.50367723766497 0.981682950646021 -0.681808436221865 0 0 0 166 0 
7.78003914816883 6.40554981855477 4.87432018204184 -0.643330070985931 0.825462484879564 -0.552139984829846 0 0 0 13 1 
4.53970662138499 6.07153349855809 7.88308060526802 0.0866422184487494 0.880961124879841 0.448590050439001 0 0 0 164 0 
6.58614399584756 4.99478083712192 4.99299317856999 0.673845332987296 0.457898403093493 -0.792250568452501 0 0 0 18 0 
4.7743942624554 5.04279025459382 7.92924381092687 0.356199521871283 -0.538100812117182 0.369103650910572 0 0 0 177 0 
6.47413567179019 7.26141909194838 6.52346330616545 0.914511305982516 0.230118257662365 0.501955275513787 0 0 0 193 0 
4.60904899762777 5.50742233692848 6.30792131053096 0.259087416468981 -0.58271480525596 0.56732677587758 0 0 0 14 0 
5.59367597270099 5.32605022649324 6.17224371873331 -0.325527002274917 -0.0978291477922298 0.806020309894443 0 0 0 251 0 
5.29783347444947 4.13046168451945 6.24783531983372 -0.933513877129211 -0.614128192956713 0.97898627665281 0 0 0 145 1 
7.46618312021732 5.76338117093247 7.7042800670408 -0.66948473998189 0.938615097577706 -0.316309994413266 0 0 0 133 1 
7.69796632496483 5.60351522661145 6.37463324580792 0.933163860413736 0.841959602217621 -0.677113896182673 0 0 0 148 0 
5.56389910831336 4.97914980689933 6.36450227589391 -0.328008407640553 0.789929150574944 0.738708522991159 0 0 0 227 0 
5.25517685523125 6.26461852653754 5.54762230183211 0.812931404602604 -0.269615122788538 -0.41269814151399 0 0 0 217 1 
5.16963644462297 7.96010631701584 5.5204317678899 0.805803037051914 -0.378324473582013 0.251702647324159 0 0 0 109 0 
7.67006820582595 4.51716555050188 5.13610773360223 -0.902494316181171 0.501430462541823 0.886342311133519 0 0 0 23 1 
5.46126161603183 7.70358564912764 4.38450236434359 0.830105134669319 -0.983034529239363 0.323708530361966 0 0 0 77 0 
4.71948077274447 6.13028757653895 4.57898201391049 -0.648376602271294 0.135857298044913 0.339915167825875 0 0 0 132 0 
5.13042325460141 7.51585233477105 4.87926433281536 -0.780798062116549 -0.498678972102413 0.61493869440128 0 0 0 42 0 
7.31122017185206 4.61580590635579 4.5974893012968 0.150935014321005 -0.823682841137018 0.341457441774733 0 0 0 70 0 
6.59422000292789 5.15251692509404 4.39360492108954 0.841185000243991 0.387709743757837 0.324467076757462 0 0 0 4 0 
4.23824581002188 4.62436184553416 7.91135004406057 0.394853817501823 0.677030153794513 -0.882387496328286 0 0 0 45 0 
6.68253787498931 4.86007277518918 6.73451052541179 -0.318121843750891 0.946672731265765 -0.897124122882351 0 0 0 218 0 
7.90514489768917 4.16332116438526 7.04856199082253 0.783762074807431 0.888610097032105 0.212380165901878 0 0 0 138 1 
6.6845917189278 4.66938411860246 6.82967459931495 0.848715976577317 0.847448676550205 0.444139549942912 0 0 0 152 0 
5.90270042011296 4.21368427121917 5.63225326943185 0.86689170167608 0.892807022601597 -0.655645560880679 0 0 0 233 0 
4.19475421055586 6.06495458461406 5.9439311507835 0.891229517546321 -0.619587117948829 -0.796339070768041 0 0 0 75 0 
7.78356271179997 6.65843448174556 4.30110470011907 -0.976369774016669 -0.486797126521203 0.566758725009922 0 0 0 48 0 
6.59699562079373 5.49304657046379 4.14107599681115 -0.491917031600523 0.749420547538649 0.386756333067595 0 0 0 16 0 
