512
1.97498322764475 0.0430143260858815 3.56859432775004 0.0527759141827502 -0.161887297101569 0.452066036416671 0 0 0 6 0 
1.80534029813478 1.74817423260187 1.99984411301329 -0.0771844113183578 0.0275749147335409 0.277760457001477 0 0 0 7 0 
1.04435191049925 3.59762933697041 0.215228480755404 0.393816878944361 0.121958815218934 -0.0316412799160662 0 0 0 11 0 
0.193954633591474 3.33699897725353 1.30239066607125 0.410439403732386 0.0929998863615029 0.200265629563472 0 0 0 12 0 
1.88868627867121 3.47587427366859 1.21225482631669 0.265409586519023 0.663986030407621 -0.0319716859648126 0 0 0 25 0 
3.4925135963443 2.00360702031618 3.57873332555315 0.443612621816033 0.38928966892402 0.67541481395035 0 0 0 37 0 
1.91122015682346 1.2790066671122 1.20877710013434 0.0456911285359398 -0.246777036987533 -0.254580322207296 0 0 0 62 0 
1.34303363078765 1.29781673232631 1.75253592731294 -0.128551818801372 0.644201859147367 0.47250399192366 0 0 0 163 0 
1.39147207627861 0.609751878204587 2.98086861082846 0.54349689736429 0.567750208689399 0.720096512314274 0 0 0 180 0 
2.98064201312783 3.21220011698064 3.9358026038245 0.275626890347536 0.301355568553404 0.937311400424944 0 0 0 1 1 
1.39036411084815 3.9705511864173 2.44608222625346 -0.34551509879465 0.163394576268589 0.216231358472606 0 0 0 73 0 
0.557570364808602 0.318325690376457 3.68641284224984 -0.215825515021266 -0.46463047884706 0.909601426916648 0 0 0 131 1 
2.39561827170715 1.47549300912537 0.22643992915308 0.877290919078573 -0.336056332319404 0.191826658794787 0 0 0 210 0 
0.0668657062945861 2.29913327907459 1.424113010782 0.507429522921621 0.311014808786066 0.769345890086888 0 0 0 81 1 
1.1513345930889 2.47586576771499 3.14532722188563 0.739037177009877 0.552873974190554 0.960591913542848 0 0 0 90 1 
0.965271238855369 2.49831187979774 1.47519766384044 0.162807915428374 -0.222409791133585 -0.113866926239951 0 0 0 161 0 
3.56022295708343 2.24845625164567 2.17376555284783 0.117802550787048 0.972050694627297 -0.258470494128019 0 0 0 139 1 
2.57681356296314 0.905803445208261 1.204336311887 0.786312618107015 0.489533716134251 0.744926256876334 0 0 0 93 1 
0.212676354133455 0.355652031116215 0.598530135548173 0.301408483792606 -0.460483107653754 -0.54460776271687 0 0 0 147 1 
3.09931792681322 0.826972844092928 1.68169749843989 0.844368658534802 0.925219204899214 0.909077499826654 0 0 0 237 1 
2.34226263141682 2.17421225112028 1.48122311424977 -0.128637485398131 0.630468027902254 -0.44653076508336 0 0 0 32 1 
3.43166463481159 1.17149308903132 0.358909922963137 0.214629403867955 0.185721454336813 -0.682343341892985 0 0 0 34 1 
3.86956175110482 3.72266941522745 0.904519400130396 0.152173527900536 0.246963268358606 0.822724377792266 0 0 0 39 1 
3.67363710781113 1.52929931565426 0.653711929552579 0.908181900867904 -0.218966742705082 0.794856881061398 0 0 0 109 1 
0.0695279135591618 2.17350868221982 1.76186122930578 -0.825608009604538 0.185945409135535 0.806873469922865 0 0 0 84 1 
1.01617627917971 0.310651646505684 1.86935627051161 -0.720424857868921 -0.687705372610479 0.818817363390179 0 0 0 220 1 
0.157229598139708 1.61153057640308 1.51957331439172 -0.260307822428921 -0.543163269288547 0.779952590487969 0 0 0 155 1 
0.323115651882137 2.93129889287339 0.267183171387076 0.202568405764682 0.159033210319265 -0.803646314290325 0 0 0 54 1 
3.83136149628976 0.593985692500629 0.399766406632003 0.814595721809974 -0.322890478611041 -0.788914843707555 0 0 0 64 1 
2.41659445358726 1.42280293291857 0.0740200073207693 -0.231489505156971 -0.119688563009048 0.952668889702308 0 0 0 121 1 
0.843477716330339 3.62996827163646 1.84966980146854 -0.850724698185518 0.12555203018183 -0.0722589109479397 0 0 0 108 0 
1.26342308182307 1.48166275581644 2.71454042639395 -0.137397435352992 -0.668704138242617 0.246060047377106 0 0 0 143 0 
2.193771281296 0.661202085690913 1.15806946750567 -0.145136524300444 -0.870977546034343 0.85089660750063 0 0 0 176 1 
2.2382373247804 2.32929163696652 0.176087557920628 -0.695751408357734 -0.130078707003719 -0.369323604675486 0 0 0 128 0 
2.05499394203381 2.49658644770205 2.07608064513675 -0.716111784218466 0.777398494189117 0.730675627237417 0 0 0 196 1 
3.86475190756969 1.98398103732825 0.593253783946984 0.929416878618855 -0.724002106963527 0.56591708710522 0 0 0 205 1 
0.415965934186888 2.26292448849414 3.20898938347982 -0.564892673979235 -0.804119501278428 0.0787765981644244 0 0 0 234 0 
2.1668091137324 2.90539428598803 2.21505553787689 -0.703687876251955 -0.399400634890219 -0.476104940235901 0 0 0 236 1 
3.08347484926515 0.790783995159188 2.63088721278951 0.620386094362794 -0.412135111648979 -0.541012531912276 0 0 0 179 1 
3.14425920999879 2.2029877691224 3.16982563065979 -0.595082310000135 0.9669986410136 0.185536181184421 0 0 0 220 0 
2.43280305238758 1.77723578679661 0.945225819913081 -0.89635521640138 -0.969196023689265 0.716136202212565 0 0 0 214 1 
3.56999158540479 0.287644964153564 2.58980776282769 0.118887953933866 -0.912483892871826 -0.878910248574702 0 0 0 159 1 
3.95818963477553 3.99502870449441 1.08117396310891 -0.949090040580497 0.166114300499379 0.620130440345435 0 0 0 12 1 
3.87415467324226 0.401331546873173 2.44715284151603 -0.625093925195304 0.65570350520813 0.105239204612892 0 0 0 215 0 
3.65581583800941 1.23036499684376 0.336841821176762 -0.871576017998955 -0.918848333684027 -0.0181286865359154 0 0 0 201 0 
3.85956039662894 3.6898243651006 2.14525855340389 -0.182271067041229 0.354424929455622 -0.483860160732901 0 0 0 98 1 
3.13746289003163 3.48950497268866 1.59560028648183 0.848606987781292 -0.890055003034593 0.788400031831314 0 0 0 209 1 
2.53987441484855 3.19354860896827 0.432486574216949 0.22665271276095 -0.811827932336859 -0.896390380642561 0 0 0 181 1 
1.41196306637094 1.63705243896884 3.91490786671839 -0.454226325958785 0.570783604329872 -0.620565792586845 0 0 0 110 1 
3.74372375867809 0.514522644945261 3.99725664544518 0.360413750964233 -0.776164150561638 -0.833638150506091 0 0 0 141 1 
1.22492714917545 3.63761444833405 3.94530948776749 -0.919452538980506 0.459734938703783 -0.617187834692501 0 0 0 99 1 
3.75715765023611 2.40393127157737 3.39364526895293 -0.304760261084876 0.655992363508597 -0.67848385900523 0 0 0 111 1 
4.14954431403912 3.54275406987552 2.31403755547524 -0.03893952066232 0.782528229986169 0.42378195060836 0 0 0 93 0 
7.26804232660196 0.612753692924221 0.182012385750539 -0.247995297044227 -0.0985829230084199 -0.257554179361051 0 0 0 103 0 
4.84772191824071 0.828412786427474 1.04907865622086 -0.0724753424176992 -0.0746208015080584 -0.272324593753237 0 0 0 118 0 
4.30942103635672 1.94512449495551 2.86268362028589 -0.910064329293698 0.0494582772172791 0.0402981800317657 0 0 0 40 0 
7.9272532844047 3.24478492784784 2.98080699760836 0.491917031600523 0.749420547538649 0.386756333067595 0 0 0 16 0 
5.73580585709363 1.25974557757552 1.22448683581469 -0.862688238100708 0.306638397508391 -0.363945907131701 0 0 0 7 1 
7.47831902725266 0.504094516588104 0.710290617690815 -0.33574233030526 -0.110656164823544 -0.421078820256576 0 0 0 70 1 
5.39706803625643 3.72073837852739 0.237354603478335 -0.789214662638175 0.357859819836376 -0.473627266280185 0 0 0 4 1 
5.40227257881979 2.45539684910077 2.61160179412459 0.211363619868866 0.217266316566753 0.456844643791621 0 0 0 20 0 
7.42542895501778 0.876158421273336 1.5503449348167 0.547269883890865 -0.291537953191851 0.672260548312966 0 0 0 15 1 
5.67143601248784 1.54671023972412 0.107493656943589 -0.980951554168017 -0.32814330669732 -0.154722927006268 0 0 0 146 0 
5.68546301548582 0.0669698827173519 2.3646767533012 -0.868281887168243 0.618552209190817 0.0960751948112444 0 0 0 151 0 
6.52791141800279 2.24872933283809 1.92005348616028 -0.885787620221911 0.0831921480931206 0.935561498462253 0 0 0 38 1 
7.6628551117466 1.79380682897406 3.93443833800816 0.684761679082956 -0.300688130113994 0.826048704223128 0 0 0 178 0 
7.17823516146542 2.33409501235223 1.74078198480525 -0.0357516487260645 -0.129544998627531 -0.417690890577195 0 0 0 96 1 
5.14420617227008 2.50648775078339 0.708868434494476 -0.372865980858879 0.445165305642599 0.912096492721608 0 0 0 120 1 
7.75537291359183 0.647121905043745 0.795760861590701 0.806152545954648 -0.31698645499514 -0.0782487931565888 0 0 0 29 0 
7.00658626763622 0.670487231579642 0.673129199549033 0.611842918626247 0.463387470175516 0.574792133283226 0 0 0 14 1 
6.75456268028652 3.45959334867346 0.857239230680124 0.583840297809613 0.884399260963717 0.595248803408903 0 0 0 130 1 
7.96042187658034 0.169502679319838 1.47923398903102 0.940046875175593 0.185500297702204 0.775470443225669 0 0 0 21 1 
7.88732293223702 0.848209099122153 1.31735159869305 0.820813659137447 0.92757878879135 -0.0202942668118828 0 0 0 157 0 
7.95322321153648 1.13842073874411 0.0978980861126644 -0.949641865384835 -0.706842140139543 0.288655342901407 0 0 0 173 0 
4.58725033990955 1.19328670989568 3.12325617005095 -0.656972184454494 -0.700745921122703 0.847028463338994 0 0 0 206 1 
7.49986971174796 1.14439469445009 1.79637164997781 -0.888903365361338 -0.261733922838879 -0.522625372224689 0 0 0 45 1 
4.93489371324034 0.832094035448768 2.4666250264074 -0.285011809639962 0.925788226160974 -0.337041663732511 0 0 0 224 1 
7.18325463883911 1.40730167526903 3.48533647616556 0.187028293204346 -0.565855369414552 -0.11274039153716 0 0 0 202 1 
6.58779059094876 2.5016079920336 0.379980674357613 -0.212467712116804 -0.333154667551822 0.986664519373068 0 0 0 248 1 
4.9674095182404 1.83008942218517 1.96785701597572 0.274156613137822 0.592232158020574 0.274206335108414 0 0 0 15 0 
6.54686779922349 1.50804257080889 1.28030115081389 0.671874199913721 -0.110217492132346 -0.246633205465123 0 0 0 57 0 
5.71173928845679 0.993555028647661 2.564786136904 0.467971032050754 -0.167382774594704 -0.215023762566223 0 0 0 10 1 
4.41905216410803 1.44468475408434 1.79914722369979 -0.120105315099108 -0.783923916212851 0.588794135966643 0 0 0 254 0 
5.78953805665821 0.863469635630382 1.49634474960728 0.0321708951842454 -0.959614484929957 0.777371638845253 0 0 0 218 1 
7.3590642812471 0.635498197818652 2.44056147483457 -0.2378817465281 -0.984944644686816 0.882284608314952 0 0 0 219 1 
7.62747414186419 0.954613855260789 3.26370372140043 -0.874725095348423 -0.838376238304357 -0.0262551420666183 0 0 0 189 0 
4.98147215057927 2.37012479633675 0.884048374204498 0.275719127842141 0.318902755148528 -0.846216847310612 0 0 0 51 1 
7.68159256366688 1.02469741844741 0.786570724480043 -0.646489715148125 0.391633046494156 -0.857047697279995 0 0 0 59 1 
6.58776468872962 2.04763779750859 1.66339468534313 -0.323581701252265 -0.494706911387935 -0.648511701628541 0 0 0 251 1 
6.36377980163971 3.94625219918957 1.70399818799912 0.873753311293301 0.382916911021063 0.578222020888791 0 0 0 50 0 
5.6818288876609 2.32231587371307 0.862465179011687 0.575758765295656 0.0913684304125628 -0.404170535665368 0 0 0 5 1 
6.270073593368 2.2920336512483 1.3630623924415 0.863341510374222 -0.578662927639078 0.873673599160166 0 0 0 174 1 
6.79442067094463 2.75316661737646 3.34133431735839 -0.0783977032283739 -0.416314820291505 0.871259368595377 0 0 0 204 1 
5.3418356826959 2.33393191426919 2.89082857164755 0.204648409188433 -0.574007565081202 0.487869841294172 0 0 0 160 0 
4.87337243594612 1.61925215778959 2.26041666576529 0.152596937327346 -0.87563864913449 0.0844907406405877 0 0 0 156 0 
4.47388237837544 0.450332697504803 2.27375466762849 0.219320264263938 0.3278147441672 -0.802916148041278 0 0 0 43 1 
7.79534294382002 1.39635411997705 2.04406492349912 -0.0782952284644429 0.321817124441894 -0.939548341833431 0 0 0 88 1 
6.83983142058948 2.15815216979348 3.23353434714908 -0.517796508823392 0.184239129977053 -0.362940628094547 0 0 0 97 1 
6.64564607146735 0.98136194175517 1.78095829621541 -0.42826154761474 0.275706882417241 -0.857671300420511 0 0 0 102 1 
7.24357977074642 3.09114067259318 1.8236419512068 0.749286641194047 0.732348963621464 -0.741817560977022 0 0 0 61 1 
5.62244884563054 3.01287416287641 2.47708080020167 0.902494316181171 0.501430462541823 0.886342311133519 0 0 0 23 1 
4.63155582713775 0.0703605982236377 0.956136449145818 0.459061758570861 -0.714404377975151 0.0506818276828687 0 0 0 137 0 
5.28370991503031 3.33299403588487 2.42902999066005 0.86485665722559 -0.351889551568347 -0.452330001037772 0 0 0 171 1 
4.15583723524778 2.74700449581707 2.13354985924431 -0.593795862750247 -0.972555056020326 0.292616651027146 0 0 0 195 0 
6.81473095297695 1.38447903364947 2.50921809288279 -0.0761410052247832 0.431608781516608 -0.887864656346357 0 0 0 92 1 
7.93709389286982 3.08759957056627 3.08785978531922 -0.395878456347798 -0.156933381048193 -0.490237801631198 0 0 0 241 1 
7.14369001338745 1.48498132741356 2.45297736064326 0.738187779265272 0.109442369712617 -0.783002515484083 0 0 0 33 1 
5.21913937513202 0.183032801230844 3.40002914150022 -0.253428958318665 0.964781422358983 -0.344441206499976 0 0 0 240 1 
4.01977069937784 0.680721901218591 2.90109164485325 -0.0533588111802408 -0.97991978875349 -0.955434261682972 0 0 0 201 1 
5.87680877939615 3.91367296295575 2.86505257291572 -0.73591013562265 -0.0651474485604725 -0.626105269676032 0 0 0 180 1 
4.07066500219592 3.98938769382053 3.42020369081715 0.841185000243991 0.387709743757837 0.324467076757462 0 0 0 4 0 
4.15433553302407 0.111403967435778 2.18442592728044 0.850481725891564 0.623489329715086 0.631602880808938 0 0 0 184 0 
4.32684877236764 0.89925499633022 0.798679505733466 0.647427641374182 -0.511193889296642 0.810964389525941 0 0 0 166 1 
4.23143539337607 0.210786705963068 1.14771787927506 0.30349282148623 -0.921023699337437 -0.705809124524993 0 0 0 190 1 
4.82985452427845 3.60383761512409 0.292159621516789 -0.741127275080172 -0.43290693165288 -0.0230933753870235 0 0 0 205 0 
4.20672863422591 3.64795299903586 1.00279933249162 0.0785254038028789 -0.983560777884905 0.833644370276847 0 0 0 48 1 
4.15646596574287 0.845120318284373 3.70098119746562 0.850718440638097 0.705013368698264 -0.64433542250382 0 0 0 168 1 
7.43218601749546 1.78825118014523 3.75716075329926 -0.229757109167171 -0.0790832022060853 -0.415871027411194 0 0 0 123 1 
6.92200324789787 2.0871478885264 3.76964997021821 -0.508666305789126 -0.156983567941511 -0.525594447753532 0 0 0 125 1 
5.03837675236263 1.07231443846096 3.49038668063326 0.170930750262514 -0.0475206179487826 -0.778845924374082 0 0 0 24 1 
5.06689076502546 0.995804051165048 3.46170206748979 -0.492567692774949 0.721756005685005 -0.782033103612246 0 0 0 215 1 
5.66879573628266 1.1914868567531 3.6229212414581 -0.759022695968594 -0.5898347936941 -0.541897639837989 0 0 0 188 1 
0.638799444640468 4.36629591455589 3.36300268760735 0.23764438273783 -0.681522676160456 0.540333631956372 0 0 0 150 0 
3.90847343929689 4.24572854341897 0.741806733018673 0.156497048810765 -0.13936349517567 0.360200748113186 0 0 0 167 0 
1.32570679375221 6.6928469285081 2.41417011548818 0.202856310416912 -0.311905896832434 -0.00953665383464652 0 0 0 169 0 
3.79706243244493 6.72880240034461 1.5562484399949 0.699673603604993 -0.419021955517266 0.561805382221655 0 0 0 183 0 
3.02190722071364 6.23346199139835 1.15252273798739 0.61354524674596 -0.696282000955739 0.294724748665265 0 0 0 31 0 
0.623753058308461 6.17623944315354 1.11490425527447 -0.430694104632393 -0.369306728538495 -0.265010638302836 0 0 0 249 0 
1.30401228190569 7.21804186940111 2.03000953223144 -0.355109746454923 0.190893541044568 0.725556614692382 0 0 0 197 1 
1.11539952023508 6.28187078922797 1.81820848481101 0.0683777244705643 0.0868745321364404 0.813134276090112 0 0 0 149 1 
0.673428482095297 4.37015506854159 2.31181660310975 0.463714275788366 -0.347760547939823 0.86797962256775 0 0 0 160 1 
1.04923833949682 4.42797508495071 0.308740007293963 0.72769314883298 -0.341336101672144 0.645415556365996 0 0 0 222 1 
1.70022200617413 7.11096256899367 0.252354149192109 0.244469111797126 -0.932115270111815 -0.360849538978654 0 0 0 49 0 
0.911191799365288 6.49504582066298 0.105723570587748 0.712354644373921 0.443893980073664 0.400635952287528 0 0 0 122 0 
0.443532667437383 6.19283790532663 0.137723545705716 0.438170296381932 0.41031532281407 -0.595808494921587 0 0 0 28 1 
1.4970369262361 6.85427582422998 2.42802665556325 0.888559658470678 0.483808424914442 -0.230219260492972 0 0 0 75 1 
3.39004505076371 4.38901455975741 1.95975778238993 0.543338338973746 -0.123442826693621 -0.393360246401119 0 0 0 150 1 
1.08700515019465 5.58954935979673 0.77553171864064 0.287445016688295 -0.878938960022586 -0.636052031262151 0 0 0 42 1 
2.1253561497379 7.58815314713354 3.27031408737642 0.291706238859767 -0.990205205874051 0.085590454152936 0 0 0 33 0 
1.42598706814063 7.07478652768836 2.87707219499879 -0.341556992428819 0.619420725298707 0.264119132777643 0 0 0 69 0 
0.712203496141865 7.1747777848839 3.00389948410877 -0.531977389317571 0.741641976098211 0.611544387123197 0 0 0 98 0 
0.027570834430694 7.03968701532688 1.22982846069523 -0.830269907285479 -0.82892366496368 -0.363352393256085 0 0 0 72 1 
3.75902752580758 5.00117287476433 1.24919794587872 0.695447502867509 0.0556858749738145 -0.58342245045792 0 0 0 163 1 
1.74483737449785 6.54778917622944 0.998610041056978 -0.417240291722461 -0.77246786930784 -0.611265550993669 0 0 0 106 1 
1.69513697060886 7.47085142458094 2.92312672872928 -0.311651447710126 0.885650158286772 0.713680747636587 0 0 0 113 0 
0.69044739569671 6.94248968100989 1.35186817937873 -0.978839178255921 -0.0619455909989007 -0.238681313402363 0 0 0 255 0 
1.49107739495949 5.1765738395898 3.17286945468228 -0.778769178337834 -0.591491795601133 0.852541050520253 0 0 0 200 1 
3.36154745247137 6.74885921945091 1.11007333989156 0.429060828052375 -0.527904531172121 -0.821102962234271 0 0 0 177 1 
2.5612046209049 6.51247567089278 1.43094278947362 -0.104310597677234 -0.22083603656747 -0.785450801169597 0 0 0 192 1 
2.0014585711253 6.80066668789487 1.53329969932089 0.166828730125033 0.700074076432763 -0.774077811186568 0 0 0 49 1 
1.8450861512898 6.52498628659104 2.81668736663537 -0.183879316523356 0.89166514295456 0.25740970740393 0 0 0 8 0 
1.42585643348033 5.26727081885672 3.07222156438005 0.10287293705337 0.529696757650747 0.174691284931117 0 0 0 17 0 
2.92450995468595 6.02618334246784 1.91168156456433 0.824945550520661 0.725131482496426 0.156853507173814 0 0 0 65 0 
2.66140758359865 5.31160572990095 2.57975317413216 0.906823064844295 0.645733969988994 0.231083686014684 0 0 0 66 0 
0.832260677905868 5.57331970870794 3.1804648739267 0.925806741989541 0.674813300967549 0.853384985991855 0 0 0 68 1 
0.296034389467199 4.97989491007267 0.609554481779911 0.755114932163022 0.386654990008074 -0.76560505758001 0 0 0 119 1 
1.0837771187032 5.61316813016168 2.23350700431213 -0.935135875699644 0.568129792240187 0.192611889368014 0 0 0 67 0 
3.13039500094006 5.58174353315546 1.57271474217282 -0.374400555451104 -0.10202849631606 -0.103031695314131 0 0 0 235 0 
3.27344352869247 7.31668243317895 1.60581486855679 -0.247395163478615 0.312964714797661 0.678423874284088 0 0 0 194 1 
2.66942409436462 6.87263546503725 2.76329189210286 -0.53673065618171 -0.736373837218083 0.251476876900317 0 0 0 76 0 
1.42305118087122 7.25427529236717 1.08472855681811 -0.897438757680975 0.528252810263018 0.731636506313123 0 0 0 91 1 
2.39924839193505 7.83307302029569 0.267215524723435 -0.788972400896105 0.370341446699522 0.751912836080382 0 0 0 227 1 
2.14663371114245 6.77299421188633 1.60515717392123 -0.81704069876195 -0.636333976457074 -0.654982536230975 0 0 0 127 1 
2.05028534192644 5.25782366612765 3.40186084405707 -0.0499682953415065 -0.582464037096928 -0.233126572882548 0 0 0 151 1 
0.0895182203297793 4.75153230512457 0.387453567228481 0.287724246703309 0.694614700569396 -0.234727381419058 0 0 0 39 0 
2.97094621202387 5.34731076315427 3.41337677325769 0.830105134669319 0.983034529239363 0.323708530361966 0 0 0 77 0 
0.129376967043869 5.66581220438111 2.75364164553919 0.292152996338208 0.907312467153457 0.805960182837688 0 0 0 11 1 
0.610997498531901 4.97001083504091 3.29039604626259 0.6789997220591 0.607778981671213 0.198932894029176 0 0 0 82 0 
2.97335467825897 5.46107571864925 0.640869125899753 -0.61407170241567 0.106786190961028 -0.539903430455583 0 0 0 212 1 
2.5270495069585 7.74975798519215 3.00840323485394 -0.885883388115722 -0.972249112756428 -0.165732973905118 0 0 0 66 1 
3.12805951698975 7.6809581162514 1.23335266168854 -0.596882275890029 0.242328679583489 -0.585183037590162 0 0 0 232 1 
2.06226007823075 6.226482715695 3.43374671257484 0.0624733420256394 -0.0303908093672229 -0.340694809713907 0 0 0 170 1 
3.20729983930446 6.24953303578461 3.41342747393549 0.18969998214494 0.305503670642734 -0.342952502896057 0 0 0 46 1 
0.135720375768903 4.47911302066921 2.67281836369204 -0.151586624914566 0.664345891185468 -0.0919090707008845 0 0 0 54 0 
1.15789560005606 4.04276902728522 0.108105625134863 0.517543955561784 0.615863225253914 -0.376877152762793 0 0 0 56 0 
1.614769481085 4.37386210481826 1.24257103762362 -0.320581168768334 0.763762456090918 0.860285670847069 0 0 0 105 1 
3.10351032110149 4.02929149726381 3.51693009589756 -0.155165519877612 0.725476833029312 0.224103343988618 0 0 0 89 0 
3.77114459949354 4.05904930239704 2.21623379023822 -0.192095044500718 0.173227700266338 -0.587085134417976 0 0 0 122 1 
2.07459715094079 5.45730510937693 3.27954588840944 -0.158378094339912 -0.00474387673589671 -0.802272679065619 0 0 0 152 1 
0.48980122647335 7.10663760074065 3.83286515720835 0.443311247385928 -0.821484711028816 -0.851903871421295 0 0 0 8 1 
0.0366155165986268 5.31416788231709 3.65416950462709 -0.829264942600152 0.423796431368565 -0.649536721708101 0 0 0 104 1 
2.70087269619949 6.7915044259068 3.78227634476762 -0.644347478200056 0.476833825100756 -0.301969295025819 0 0 0 108 1 
7.86477252190078 7.62084486761364 0.959728667811269 -0.0705808308999134 -0.431017236931818 -0.282252370243192 0 0 0 244 0 
6.57025697952574 5.61953766986993 3.75418278904999 -0.325527002274917 -0.0978291477922298 0.806020309894443 0 0 0 251 0 
6.66461057955835 5.72271568240422 3.55923651043287 -0.648376602271294 0.135857298044913 0.339915167825875 0 0 0 132 0 
5.2183930398636 4.67704930627251 0.29967060527434 -0.809067440015156 -0.646994521525277 -0.0222588216361844 0 0 0 136 0 
4.59037364317255 4.6242122727803 1.60496359155293 -0.545514039647494 0.0138013636422558 0.678329287950325 0 0 0 195 1 
5.3055846231477 7.44872544064535 2.85502718448932 -0.5771572640947 0.438747271182816 0.0394474649432583 0 0 0 110 0 
5.81752427237887 5.27514091939134 3.41292472384399 -0.0758306364023476 -0.91387323117874 -0.00967503068400177 0 0 0 123 0 
4.58928874348495 6.89769338972221 0.211445597764795 -0.990079028501673 0.0441881544135785 -0.143172711359467 0 0 0 155 0 
6.12204274729904 7.7312904953136 0.139750423252892 -0.819773028077885 0.581254499479289 0.182194491472544 0 0 0 27 0 
6.62608291627023 4.21493613684815 2.02860183385943 -0.874879675969974 -0.920562651461317 -0.0523775740156186 0 0 0 46 0 
5.32963380815444 6.70082115933255 2.18077080797035 -0.463374021316174 -0.866575426740828 0.964530089774484 0 0 0 103 1 
5.30693587570575 4.53811835121393 2.41868243646996 -0.465896013810472 -0.995764627642896 0.990964715163329 0 0 0 107 1 
7.47281744095106 6.98811074892171 3.03444824961152 -0.780798062116549 0.498678972102413 0.61493869440128 0 0 0 42 0 
6.85841512888905 7.08685442976684 3.5731169759726 0.150935014321005 -0.823682841137018 0.341457441774733 0 0 0 70 0 
7.9403205082566 6.33814400013759 1.40779775149178 0.382257834250733 0.426460444459732 0.656421972387975 0 0 0 73 1 
4.46572237362039 7.67640721333067 0.768432668418028 -0.114919736264401 0.0196008014811857 0.807603629824225 0 0 0 238 1 
7.24757779198048 5.76785599940861 1.26172255624862 0.305286421331164 -0.970238222287932 -0.470919715972376 0 0 0 85 1 
4.06479824828194 7.70656058433108 2.75263681914709 -0.381689083524229 -0.865937712852102 0.361404091016343 0 0 0 68 0 
7.9016248941629 5.97284626338958 3.31087648987529 0.933513877129211 -0.614128192956713 0.97898627665281 0 0 0 145 1 
7.8748821804233 5.78856911519585 1.32487138994008 -0.847235313286301 -0.412381209422684 -0.463903178895547 0 0 0 153 1 
7.45291052810674 5.38398748473828 0.30278779441629 0.772545614234082 -0.679556946140191 0.755865310490699 0 0 0 161 1 
7.0612654780818 4.09084718871505 1.14510173576696 0.729029497564644 -0.378794756809439 0.960566859529662 0 0 0 189 1 
7.50082237825127 5.28094602986739 0.315200421115686 -0.22213084686097 -0.246561552236957 -0.798311064320479 0 0 0 255 1 
4.13703917047796 7.15004247999043 0.35874024082818 -0.484773425502449 -0.594439724445508 -0.904584417685758 0 0 0 128 1 
7.18401832385423 4.31298864356234 2.95636134587442 -0.146220186238419 0.0903320715069265 0.16181792731938 0 0 0 96 0 
4.03166709251546 6.12104732372289 0.807964871158781 -0.0520369897205044 0.624560813746988 -0.18800390320458 0 0 0 97 0 
7.0217443198662 7.50442725625669 1.21867348214445 -0.497583964459311 0.889380806250743 -0.364591835317283 0 0 0 65 1 
7.82620765572095 7.16579416316977 0.00426566005949702 0.369578628413438 0.962866018129974 -0.499526037771167 0 0 0 69 1 
4.88444378948434 7.43584036008601 1.02346133667584 0.264938198831593 -0.340462182212666 0.0581623707417604 0 0 0 135 0 
7.33393270238715 6.77014114549466 0.34114545914674 0.981548078043017 -0.081095428278371 0.315682828794082 0 0 0 174 0 
7.62677006314058 4.68518270018011 0.75197917500105 -0.208136659651047 -0.75720192220221 -0.860891202777661 0 0 0 243 1 
6.84887444728659 6.93963298418242 1.73943201314885 0.483208271920732 0.0488481093536022 -0.640063109650128 0 0 0 187 1 
7.33902632037747 5.20739347917887 2.20086354719834 0.871002924486385 0.523043719908763 -0.366570716977962 0 0 0 17 1 
6.43640602513716 7.56571139822976 2.38750107736815 0.881822891681907 -0.548254289085582 0.0986112308186828 0 0 0 30 0 
5.85163673449127 5.72557167544706 0.912105344791549 0.705737414943474 -0.530492036061438 -0.62087718391205 0 0 0 165 1 
4.82034193160184 5.22863864997167 2.392040091073 -0.742184229822017 -0.696817927780926 -0.789773323214111 0 0 0 225 1 
5.03630192791939 7.09802652403215 2.37511734571371 0.0595891031021543 -0.266885941774206 -0.56943140603181 0 0 0 249 1 
4.78554764278569 7.49474815088306 1.3603732777564 -0.857161373023812 -0.445027983235216 -0.904402969138178 0 0 0 164 1 
4.27005540647844 7.85406014949867 2.27590487802114 0.0855617118309377 0.70600668327763 -0.802677235775428 0 0 0 40 1 
4.61978439985861 4.41766012937608 1.60048231819825 -0.431135066682377 0.213073347708453 -0.655501964644639 0 0 0 124 1 
5.29011807672552 5.74591703399791 1.49875923060487 0.532235341858391 0.916213003777546 -0.889026752155014 0 0 0 41 1 
4.76163367850665 6.30736957743342 2.71937806095402 0.584625964278516 -0.0214033802851747 0.135486451217114 0 0 0 153 0 
5.48690920976656 4.99660861971453 2.71435044392596 0.776323245529618 -0.722599042253941 0.579372271547328 0 0 0 162 0 
5.28732796615002 7.88117413869083 2.6008285250893 0.976369774016669 0.486797126521203 0.566758725009922 0 0 0 48 0 
4.56430619181663 6.54338947572283 0.218964871082656 0.562700687979625 0.338154386191426 -0.364559458768594 0 0 0 61 0 
5.17817761529171 7.91329799368446 1.81950335291408 0.853130846143523 -0.842966889590616 0.035500372546009 0 0 0 19 0 
6.61920259786595 6.35214856828676 3.25610440276848 0.902133621985105 0.205794285365195 -0.471543955247947 0 0 0 178 1 
4.05544546588107 4.2373264668863 2.10991955679676 0.839493940653452 0.304147385209589 -0.710008938133694 0 0 0 56 1 
7.65100317673305 4.63629566895692 3.79640624028334 0.127889241859227 0.681810629884102 0.0329340266981486 0 0 0 119 0 
4.94702414786776 4.4798727688505 3.57453940820446 -0.839219539125804 -0.113347470127722 -0.880606732421727 0 0 0 136 1 
7.69896733947333 4.42603811156227 3.99018538275942 -0.644559184502963 -0.897106876493082 -0.612201624137843 0 0 0 47 1 
5.5659003731425 5.80477440724945 3.86190189351784 -0.9926777363175 0.589419378583272 -0.737566456275796 0 0 0 18 1 
5.30291945949221 6.5980946769102 3.82400579627962 0.533657717721357 -0.322433924787755 -0.519554911524486 0 0 0 185 1 
0.435008552619442 0.978656693036749 5.47779365750623 -0.229443494153395 0.0531840770040832 -0.00246737138819697 0 0 0 19 1 
2.12272464389735 3.52634010045819 4.16373972443242 0.180302738210817 0.669593344495355 -0.704028919507509 0 0 0 25 1 
1.00517284156482 2.41824996717733 7.36798204011882 0.278352537951647 0.65758332968637 -0.348001995542353 0 0 0 30 1 
0.108255140777643 2.78682374250939 5.21107298323893 -0.265749428802484 0.365202638056599 -0.476547446306785 0 0 0 35 1 
1.76153061942046 2.93830986644082 7.24273470087634 0.0290589577133848 0.382034429604536 -0.0285850332359621 0 0 0 50 1 
1.42815749568543 3.08301776805557 5.49061034516178 0.436461943965048 0.509224196450619 -0.223265517204247 0 0 0 55 1 
0.867841026732041 1.57329855134211 7.38091774385057 0.596426780748005 0.230366505704679 -0.124342472905492 0 0 0 113 1 
2.88185529804146 1.30163539336208 4.96606153929308 0.93131725533794 0.311292821484675 -0.059326495634102 0 0 0 86 1 
1.14228408197192 3.53371507246622 7.52770911590279 -0.373079546447564 0.225968341385136 0.00307879065586536 0 0 0 117 1 
1.88461475444093 0.551888307505574 7.99889839596223 0.598290528271215 -0.438679076943825 0.277655377329136 0 0 0 148 1 
2.39833336163048 3.19913324133412 7.97333519224736 -0.0112962931521684 0.966570360148236 0.052592799138595 0 0 0 183 1 
2.97441392447727 1.88785626598183 6.2870474889638 0.830490436053031 0.376428473997981 0.3096719432182 0 0 0 117 0 
1.79220117260916 2.22375555487647 7.65803570940049 0.69913346362324 -0.0306938272359479 0.462003967711166 0 0 0 121 0 
3.68867825817062 2.25829379691373 6.71049505839347 0.0209642509078471 0.862032644101526 -0.754389437956281 0 0 0 168 0 
1.13367848592756 0.370157874910078 5.46738602792347 0.848186498436396 0.207795319434453 0.107487336435941 0 0 0 71 1 
1.20686231468944 2.32203747820098 6.5994599821056 0.856318034965493 0.313559719800109 -0.4333933353216 0 0 0 83 1 
0.258262068901056 2.41577759313396 6.62505942414115 0.195362452100117 -0.23158026742956 -0.430548952873206 0 0 0 146 1 
0.432128983224664 0.925193994183161 7.48026181959549 0.214680998136074 0.158354888242573 -0.668859797822724 0 0 0 34 0 
1.96040796587765 1.38915173339886 5.25256162705849 0.82893421843085 0.654350192599873 0.194729069673166 0 0 0 242 0 
1.59033357962076 2.37247902614402 6.7476235860035 -0.323296268931026 0.87471989179378 -0.861375157110723 0 0 0 213 0 
3.30202531508472 1.53526320341438 7.59918995207389 0.86689170167608 0.892807022601597 -0.655645560880679 0 0 0 233 0 
0.394714917544395 1.82841074627817 7.51927970372254 0.877190546393822 0.147601194030908 -0.108968921808608 0 0 0 116 1 
0.981350849266823 0.779107850471207 6.75560560320071 0.831261205474091 -0.635654683280977 -0.860488266311032 0 0 0 219 0 
3.7822600881627 2.16488400453052 7.40399133118224 0.0313622320180778 -0.148346221718831 -0.788445407646418 0 0 0 32 0 
0.153429624943879 3.2997358338952 7.45273842911021 -0.927396708339569 0.644415092655022 -0.449695730098866 0 0 0 76 1 
0.0361597623998478 1.59432475600126 4.05216496224116 -0.940426693066684 0.899369417333474 -0.494203893084315 0 0 0 252 1 
2.82796104309621 1.87203854971852 7.87083030963533 0.258662338121801 0.708004283302057 0.818981145515037 0 0 0 129 0 
2.20795011545279 2.03963935299231 4.60470937323244 -0.588005542727468 0.726626594776923 -0.210587847418617 0 0 0 228 1 
2.7068908147941 1.37626908325525 7.48444229787002 -0.421456576133989 0.764029898139473 0.331604699763336 0 0 0 199 1 
1.95320423347155 2.7460383443432 6.64882832230415 -0.616310640725383 0.9162264827048 0.127647591367128 0 0 0 216 1 
0.901567527834988 1.13678899625773 4.00003445465158 -0.955381385796113 0.737420999584192 -0.388885060594268 0 0 0 247 1 
1.25707337908111 0.235187707694207 6.27708683764153 -0.804769624546544 -0.918312476922866 -0.91365701803983 0 0 0 224 0 
3.51827387880674 2.14385502636478 5.3945596355527 0.668697097645193 -0.595127219292803 -0.456160040494145 0 0 0 175 1 
0.244467930743348 2.28113651937235 7.17647918007128 -0.806170229917406 0.642348502152483 0.852942131119031 0 0 0 80 0 
1.71265662041206 2.49272261159419 4.05706000650666 -0.976371486620882 0.66585806795491 -0.0492155548325938 0 0 0 78 1 
2.07327268470837 2.11093395327177 7.62987779772263 -0.936303035032403 0.845659328141308 0.125541977524737 0 0 0 230 1 
2.18070246816785 1.83978825374416 5.80500073447775 -0.702144170203572 0.371087583749352 -0.854999918391361 0 0 0 104 0 
2.81370551283374 1.95477924077982 7.4126104268074 0.145967279203749 -0.727246751024465 -0.4541543970214 0 0 0 142 1 
1.35180926790358 2.49333577582167 4.52887003542762 -0.0164656368996022 -0.667407136019815 -0.663458884952487 0 0 0 158 1 
0.410670331182873 2.15480071734076 6.63039864612218 0.101185592353653 -0.816133253628804 -0.318844594875313 0 0 0 169 1 
2.03279933259952 2.76987104566188 4.84610168297525 0.836977703622169 -0.525569883815347 -0.405988701891638 0 0 0 254 1 
2.23131415716179 2.30704335818954 7.31052739582205 0.525701573017977 -0.688106293534495 -0.687719178241995 0 0 0 175 0 
2.39792394397059 2.31827473184095 4.09423558024063 -0.455786228447712 -0.575747252017672 -0.267307157751042 0 0 0 239 1 
1.58483577644802 2.29017782706287 6.64519724769484 -0.768351580394664 -0.80109135254857 -0.983866972478351 0 0 0 204 0 
0.242933544218074 1.62779794776327 7.48802897580765 -0.0285629395313252 -0.985800228026304 0.887558775089738 0 0 0 133 0 
1.69828765060438 1.01362039410832 5.63746559839312 0.466476405622709 0.279291154900925 0.793051733154791 0 0 0 23 0 
2.92083902418783 2.11720818817576 4.74482545218347 -0.175462330645797 0.179689798686196 0.360536161353719 0 0 0 81 0 
0.955963017401692 1.29701837734089 5.63536614962945 0.161773668600188 0.97744648637121 0.681707349958827 0 0 0 141 0 
1.67637703347615 2.1014302463559 5.61328124156669 -0.535958107391539 0.511270027372878 0.790364582396299 0 0 0 91 0 
3.32320927563195 2.21691298123528 5.28980088701967 -0.575198969374227 0.96854588680392 -0.912244345886703 0 0 0 236 0 
3.08172728542614 3.42587282139328 5.43991515497625 -0.82425252384154 0.880652535710365 0.326657239441805 0 0 0 226 0 
3.02094866846054 2.0144182812179 7.86671870365772 -0.49767237017105 -0.498397968753567 0.48519096707308 0 0 0 252 0 
2.63221443385303 1.3256712754251 6.88506244276731 -0.763087285127441 -0.241592080508323 0.931673604751923 0 0 0 95 0 
1.955606132346 3.30598752860766 6.15382317567152 -0.393821540850444 -0.688223607932482 -0.705130758258719 0 0 0 250 0 
0.244457468155398 3.13005671122593 4.63281425813546 0.749384163128378 -0.596660365419341 -0.985242860207171 0 0 0 239 0 
3.46667608087625 2.50511789914977 6.70121052388636 -0.114813768791528 -0.777209122316692 0.911245613765151 0 0 0 217 0 
3.05368435751641 2.59327138415062 5.44148746695457 0.394853817501823 0.677030153794513 0.882387496328286 0 0 0 45 0 
1.69090280917038 1.44254383947237 4.25596490846233 0.798989201018931 -0.117495128947514 0.19510721205137 0 0 0 106 0 
3.72312216132195 3.245623704029 4.96734577880007 0.358124684591328 0.971735967114333 0.940816197644452 0 0 0 181 0 
3.98693959015607 1.23560769775296 4.07774225391421 -0.0570067122048807 -0.251599144694115 -0.824695305120643 0 0 0 77 1 
3.93433862299355 2.50998083337795 6.53396993421825 -0.951740153000717 0.00110898148643934 0.0037744371353603 0 0 0 44 1 
3.69650985681189 3.03947383740915 6.5029353532368 -0.42261001590979 -0.051169573621205 -0.777451627418134 0 0 0 112 0 
3.89975183059107 1.94852368632093 6.9474698491883 -0.177805352156547 0.827613742924547 -0.728058905645744 0 0 0 230 0 
3.15647478562701 3.21353837581184 5.11425586224281 -0.927058357152554 0.857059819534649 0.290472873582535 0 0 0 225 0 
1.86707460900681 3.98635569423394 6.63322077222315 0.0407860676674237 -0.279293811751784 -0.207419914197428 0 0 0 186 1 
1.0490953752877 3.99386500476372 6.55472072571298 -0.494544958301367 -0.0562372216929206 -0.327253252698558 0 0 0 226 1 
1.19910886005362 3.43809735406203 7.85596512799213 0.966567651117069 -0.895766960659775 0.706218347554681 0 0 0 212 0 
7.48550722779176 0.193019354040679 4.48431596414992 -0.22383253024536 0.0770021504489643 -0.446187115094453 0 0 0 115 1 
7.22292426685255 3.28579126719189 5.06262122478411 -0.364119525905272 0.19842125191021 -0.381930975023987 0 0 0 118 1 
6.40634582229509 0.889694218745511 4.87171463240431 -0.0104060197449899 0.598854913193946 -0.847587263066189 0 0 0 243 0 
5.97890390077397 2.79156466973205 5.98102685165277 0.275433766752664 0.365729407748005 0.0534474279614185 0 0 0 20 1 
4.44416550609134 3.98091121007277 6.39441022837058 -0.783981610434296 0.60899013445253 -0.789509974625491 0 0 0 101 0 
6.36122200616116 2.09257187836228 6.03050547365305 0.0956913340179071 0.0658413198180312 -0.829943836260773 0 0 0 102 0 
6.83176507506414 3.72271315310203 6.73290081795004 -0.740914991659539 0.580301461455781 0.359211201994449 0 0 0 55 0 
6.33775475638888 2.40458563463557 7.84008568236327 -0.906916138179013 -0.232823818373825 -0.184434924181858 0 0 0 162 1 
6.92321708204913 0.478945335645038 4.51967019535832 0.269246342449904 -0.557894962706107 -0.442258867182408 0 0 0 245 1 
6.85872142796617 0.634232983382423 6.99001981136013 -0.182364285781536 0.681581442598047 -0.834442243182208 0 0 0 216 0 
6.79999355396304 2.63290674658746 5.182536250665 -0.522222938448551 -0.207454805934726 0.186948472296111 0 0 0 241 0 
7.2152923212439 3.15453269137354 6.98419437937054 -0.809411964306234 -0.0383852565140511 -0.168422846736607 0 0 0 62 1 
4.78792982484771 1.15566408843796 6.14012644671775 0.143103313871968 0.739518232048662 -0.151097061475806 0 0 0 184 1 
4.95070071877773 0.461911680924167 4.63703990731918 0.161188968753081 -0.670898702119537 -0.984773343631202 0 0 0 172 0 
7.0947266727003 0.994593882999503 7.27580708982864 -0.3783637030333 0.943843764777723 0.530645232203182 0 0 0 238 0 
5.79871133352105 1.04007815504791 7.52362203607718 -0.52236540738655 -0.273324649439121 -0.886264218213647 0 0 0 78 0 
7.48432870788584 0.188555921451348 7.96599297236411 0.10936985643176 -0.0346048976165169 0.718443663596013 0 0 0 83 0 
6.86781614253374 0.993397244592291 7.93782813996447 -0.181353761940696 0.0548219160658101 0.71531423777383 0 0 0 84 0 
4.4079985399861 1.30957588011876 7.13121058547941 -0.1213334955571 -0.0211582355423606 0.625690065053268 0 0 0 86 0 
5.82981588373997 3.74660760533386 5.78418449460994 0.369979542637774 0.360734178370429 -0.635090611710006 0 0 0 3 1 
6.03309513898473 3.33514655581419 7.36372407400322 0.50367723766497 0.981682950646021 -0.681808436221865 0 0 0 166 0 
6.26266168267553 0.0737889142740196 4.80228652524998 0.529184631408392 -0.269579009525109 0.144698502805553 0 0 0 58 0 
7.73807040723513 1.90011024103907 7.35849868731091 -0.751325510307208 -0.51109886210677 0.539833187478991 0 0 0 170 0 
6.82104518075246 0.0756862803026725 6.89001393149701 -0.0754394243608369 -0.824923746633036 0.48777932572189 0 0 0 240 0 
7.42014839951872 1.96100513046702 7.9171977273926 0.768905377724302 -0.170999429948109 0.935244191932511 0 0 0 13 0 
5.78905000259099 1.19324141038744 7.92914421293247 0.0321166669545541 -0.145195398845841 -0.95231730967417 0 0 0 74 0 
7.77525821702755 0.442352020045918 7.61163397401147 -0.191637975885827 0.438039113338435 0.790181552667941 0 0 0 79 0 
7.90437321292623 3.56706463603096 6.2674343801904 -0.399514087452641 -0.103659484885449 0.529714931132266 0 0 0 209 0 
6.28997063887338 3.92916236391608 6.53074013653138 0.643330070985931 0.825462484879564 -0.552139984829846 0 0 0 13 1 
6.52536265983701 2.94753587819935 7.3467899497194 0.66948473998189 0.938615097577706 0.316309994413266 0 0 0 133 1 
6.85921689953374 0.693648324022381 6.33212066946871 0.81769076661486 -0.645150186219735 -0.574208814503476 0 0 0 137 1 
4.27977996603874 3.42865012391857 6.53731045395102 0.0866422184487494 0.880961124879841 0.448590050439001 0 0 0 164 0 
6.61576390899944 1.61581606567836 5.09370686249074 0.0128626565554935 -0.653798214924627 -0.600699237501029 0 0 0 223 1 
7.17263499659569 1.60739932971237 6.35960140758518 -0.591929444822701 -0.765844518920848 0.206622378620576 0 0 0 144 1 
4.25079349011648 2.09611180576101 6.93085581647865 -0.0276896122092806 -0.60043202158211 0.603428424053184 0 0 0 221 0 
5.4044016346176 2.66089636642101 5.045569295682 -0.677288707264711 0.573432929602334 0.282841032853556 0 0 0 105 0 
5.1750876099528 1.80809454943744 6.34121705439159 -0.480545821116356 0.812010505493049 0.760135228265733 0 0 0 199 0 
5.45887041841539 1.77660783745213 5.94844073890899 -0.337903286842734 -0.413710240283097 0.605382304323221 0 0 0 200 0 
6.19929224451753 0.601737684971842 6.14338610676449 0.0776991382797252 -0.988695812780906 0.62704290075161 0 0 0 202 0 
5.50335943531313 1.82532803813532 6.46136718642053 0.22259549281257 -0.852741329096075 0.32904079849117 0 0 0 188 0 
6.57151520638234 2.00868032052328 4.94480784347956 0.452390578486927 -0.943479964386302 -0.172799128502271 0 0 0 167 1 
7.42483541334529 2.92333311221539 5.35047943528475 0.991648379260588 -0.397407431976068 0.20560882614275 0 0 0 186 0 
5.54776468574348 3.59102060167928 6.59084922229606 -0.994692812695169 0.676780066853254 0.898983246921784 0 0 0 26 0 
7.63690340624198 2.02005458139188 6.57411710594116 -0.318121843750891 0.946672731265765 0.897124122882351 0 0 0 218 0 
4.7754971594086 1.18621895244208 6.12069317955608 0.5861663510454 -0.0348645608397693 -0.153256313382659 0 0 0 53 1 
4.86526079074755 3.64634529356992 4.13019791100568 0.596140087860839 0.905149477063324 -0.818866898777147 0 0 0 129 1 
5.55385867326688 1.49749087328895 6.4114214931169 0.783762074807431 0.888610097032105 0.212380165901878 0 0 0 138 1 
4.54365143843211 3.48477793890986 5.87263759852987 0.449294604270235 0.220530882101095 -0.95859582238557 0 0 0 21 0 
5.54604139925523 3.30139095025107 5.39751910655041 -0.105995400082753 -0.355401005527659 -0.455831210383288 0 0 0 235 1 
5.18419374116589 2.7194507042952 4.52516115549352 -0.0350895843149014 -0.975616588411645 -0.33053764938961 0 0 0 242 1 
5.61645036349847 3.90217007002672 4.67211068895461 -0.875949959611281 -0.0664255477748089 -0.869765479005043 0 0 0 179 0 
5.48868398799173 2.6722061105443 7.0452805441076 -0.112368445778697 -0.9808659877173 0.616142282678623 0 0 0 211 0 
6.75957704334428 2.16137301196812 5.33180979243116 0.806619671482698 -0.92651410978132 0.314645532492351 0 0 0 165 0 
4.44333059616176 0.747911412617553 5.7023782279532 0.438147844017973 0.360879045846395 0.911375358661466 0 0 0 41 0 
4.24045712705297 0.118141113459515 4.68168836689412 0.193384125228107 0.513126790384391 0.353520929654902 0 0 0 147 0 
5.82226435933368 1.38749227042945 5.26602231251018 -0.964192848962925 0.431943585603273 0.640669145834464 0 0 0 10 0 
4.84937068167527 2.50866141956117 4.95459551840095 -0.850069924258303 -0.443482064493203 0.494955057600106 0 0 0 140 0 
6.63306595807609 2.04381632205679 4.64907879876601 0.12589621756401 -0.939575964215912 0.572119866529556 0 0 0 198 0 
4.26943908259209 1.00942031072411 4.79787474878692 0.752159898065787 0.72326892341379 0.0330971943096579 0 0 0 135 1 
4.56460799688567 3.62108562784144 7.3697448839275 0.673845332987296 0.457898403093493 -0.792250568452501 0 0 0 18 0 
4.89847474372362 3.07763641995859 7.59402506564406 0.933163860413736 0.841959602217621 0.677113896182673 0 0 0 148 0 
4.4056289219803 0.870849020384824 7.64617440547612 0.878403213553367 -0.958794553290575 -0.317091732724875 0 0 0 156 1 
4.27851493268987 1.58847067514225 4.65345051450685 0.530946103632208 -0.767947702761972 -0.0940610539436829 0 0 0 157 1 
4.13844378919585 2.12703808895184 5.49725594948621 0.848715976577317 0.847448676550205 0.444139549942912 0 0 0 152 0 
4.04411347802711 2.25560526179018 7.91751325795288 0.616012608669678 -0.80493274868998 0.268612584216987 0 0 0 154 1 
4.43714400862625 1.83911319234712 7.51124653418281 0.77079377873625 -0.851209645294764 -0.998750385090799 0 0 0 139 0 
6.54949762728669 3.80567548267258 5.80823089197424 -0.105611374745923 -0.521591613036379 0.700914543552693 0 0 0 208 0 
5.11645094003864 3.93684961652142 7.54721784181713 0.735161215559849 -0.173683375942065 0.338579760201903 0 0 0 134 1 
6.23409068884346 0.58032237354159 4.24698012470008 -0.140656590128504 0.00892470817128777 0.749664458300009 0 0 0 100 0 
6.54792433123502 2.6093623551745 4.14837670692043 -0.328008407640553 0.789929150574944 0.738708522991159 0 0 0 227 0 
4.73359078260912 1.9506400737303 4.13929745948709 0.470398975845458 -0.505484436252189 0.848810828831899 0 0 0 185 0 
3.06176209514347 7.76422695281462 5.46727228342953 -0.0486931005396138 -0.415085894131709 -0.670303079618942 0 0 0 132 1 
0.369817336574465 6.88698605718553 7.90963540019897 0.429979704063829 -0.290334882534941 0.156626155577663 0 0 0 172 1 
2.53124968606239 4.76261430552508 7.6716333209237 0.225694409562488 -0.41526507716388 -0.2031518532307 0 0 0 173 1 
0.816128334896844 6.83592820471532 7.12400330909039 -0.187096851678129 -0.0737857550316313 -0.152888521212179 0 0 0 191 1 
1.89377878453768 6.00848933155824 4.69261187958384 -0.178469023940257 -0.721278963160195 0.0214013199537599 0 0 0 16 1 
2.81638264142343 7.07346389490315 6.78571672637409 0.812931404602604 -0.269615122788538 -0.41269814151399 0 0 0 217 1 
1.53990439848786 4.27989121798947 4.33424606141776 0.671100488720873 -0.357789864667836 -0.685083770953582 0 0 0 221 1 
2.0515962535971 5.71564578937124 7.55293462195355 0.394621805955234 -0.531594912292084 -0.54967393089405 0 0 0 182 0 
0.286082393142743 7.9015672085045 6.14852104469586 -0.245990845206362 0.155729689833834 -0.705719883922682 0 0 0 187 0 
3.06093651665817 4.0951606672386 7.36353775089209 0.173437390739797 -0.489426592529045 -0.570718027678657 0 0 0 190 0 
1.89303907082599 6.72938265272348 7.22786497916898 0.265893230091777 0.358820294747053 0.191984997685443 0 0 0 29 1 
1.98697769598902 4.05228802728512 4.28258214867837 -0.279224700445664 -0.716412441412764 -0.690824205702404 0 0 0 213 1 
0.295161216588706 5.59854083572689 6.18798144131156 -0.467204309267922 -0.544606573808124 -0.368002062076493 0 0 0 229 1 
2.11298271413175 7.53921974599868 5.09381217719446 -0.26522414287425 -0.106753361555703 -0.37846531364506 0 0 0 253 1 
3.70579569684155 6.65709269094537 6.82193285819515 0.356199521871283 -0.538100812117182 0.369103650910572 0 0 0 177 0 
0.652666685558283 5.59827493813219 7.10589588237316 -0.538592590493524 0.233141659792466 0.17843287581924 0 0 0 94 1 
0.342507968678694 4.69656202110311 4.20917389991129 -0.573054670146812 -0.755937553210766 -0.143425122232079 0 0 0 210 1 
0.977844974058148 7.98969258439919 4.30206062837761 -0.502461669549095 0.165521398266577 -0.244215485735821 0 0 0 234 1 
1.60460024961449 4.06253474072667 4.64860127680867 0.900511138846054 -0.159718362141481 -0.983488747021259 0 0 0 231 0 
2.07376898713379 7.30976467602338 6.1031038963047 0.285974331903754 -0.354470591552958 -0.932988455966145 0 0 0 149 0 
0.817115845157486 4.10467034202569 5.27583980179526 0.479679538350832 -0.377258850886035 0.197315533532807 0 0 0 192 0 
2.2930688488859 7.42130239395404 7.00238889753203 -0.0229923501237885 -0.564299734005107 0.500265433059114 0 0 0 47 0 
1.71744448398935 5.96000492371989 7.72614897474613 0.690827164887705 0.0511116581910986 0.580683219416236 0 0 0 229 0 
0.646638016438625 6.56033338315505 6.01605563780351 -0.317040220395708 0.451148153683894 0.279561737533723 0 0 0 60 0 
0.872811898718723 5.52681911383023 7.46975141795447 0.263645766524303 -0.21924232068553 0.663305713106052 0 0 0 158 0 
1.67151168399206 6.94235210157797 6.5602473473427 0.352390187110229 0.604705789064218 0.228916371926966 0 0 0 6 1 
0.0267423269324462 7.90587139646986 4.52608485731429 -0.385917519229728 0.933985710718873 -0.44154612696508 0 0 0 52 1 
1.09016724197042 4.40222597419733 5.11295720252687 -0.267759195336621 0.10024733046637 0.17921746694743 0 0 0 64 0 
0.802482739611759 7.18995087206757 5.11158817463444 0.922498082179084 0.743327874674175 -0.82093464726284 0 0 0 116 0 
0.981754171462351 5.83439390503969 6.64589357985812 0.942417130162484 0.370488211671076 0.349543731095347 0 0 0 124 0 
1.16688292513053 7.93297770598789 5.7375430458931 -0.592568563874385 0.825886411776433 -0.862495217122989 0 0 0 99 0 
1.41248713052053 5.96348023552864 5.21568741601817 -0.565279207719941 -0.0596133071634842 0.0795208240020191 0 0 0 203 1 
0.351382699822882 6.65993791898189 5.5974852421667 0.872375855535876 -0.204451342335345 0.12194280468519 0 0 0 208 1 
1.3208856538815 4.39045317695341 7.92399419411377 -0.575457149568722 -0.123282980338511 -0.175111756209581 0 0 0 231 1 
0.12602327017789 6.84950931529958 5.33529458839483 -0.930441858869123 0.261056590588842 -0.351633934622796 0 0 0 244 1 
0.209034013300206 6.82798100644047 7.85619431822204 -0.810107331855533 -0.18577988817328 0.0395771464691159 0 0 0 256 1 
0.570269585528353 6.77134509727119 5.57567891529985 -0.769970046052405 -0.525406100303201 -0.880480120522239 0 0 0 228 0 
0.0992376676474882 5.77197436050576 7.64373945028675 0.844359740849721 0.0302193733895288 -0.650695616634805 0 0 0 232 0 
2.31356075031258 7.88375029913921 7.38664632165903 0.201506750034732 -0.624027744540088 0.765182924628781 0 0 0 9 0 
1.52106565791689 7.92371593846054 7.66705163691237 0.891229517546321 -0.619587117948829 0.796339070768041 0 0 0 75 0 
1.72808961817206 4.94280880110499 4.15097512937898 0.136454402019118 0.271423200122777 -0.372113874513447 0 0 0 57 1 
1.69236707271559 5.52310412181692 6.05173910559552 0.354707452523955 0.447011569090769 -0.82758454382272 0 0 0 38 0 
3.11233081269648 5.09904697189623 4.7272634966854 -0.265296576367058 -0.600105892011531 -0.752526278146067 0 0 0 198 1 
2.50909009770688 6.0228490816076 4.59878542988809 -0.443434433588124 -0.608572324265823 -0.100134952234657 0 0 0 211 1 
1.4505177529126 7.53454960586548 7.31978559984722 -0.672164694120822 0.670505511762832 0.646642844427469 0 0 0 88 0 
1.75201078005787 7.7050863526403 7.86699103725351 -0.638665468882458 -0.421657071928856 -0.959223218082944 0 0 0 196 0 
1.56533436486796 7.59590654335621 7.25568345665883 0.340592707207551 0.232878504817357 0.861742606295425 0 0 0 134 0 
2.75222733346723 6.90492026223812 4.76532382591743 0.805803037051914 0.378324473582013 0.251702647324159 0 0 0 109 0 
3.55686150652191 6.80575424150239 6.72428139733287 0.228540167391324 -0.966027306499735 0.691586821925875 0 0 0 2 0 
1.38207459224148 4.74355143020928 5.76152598323895 -0.235325045306502 0.360394603356587 -0.970941557417895 0 0 0 24 0 
0.909906426347635 5.30115833561874 5.91604200858677 -0.176677063739152 0.533462037290971 0.379560223176308 0 0 0 35 0 
2.82342549841749 5.54715548000068 7.74306079670285 0.369269499824166 0.67190616444452 0.915895644078094 0 0 0 1 0 
1.79235559966139 7.99943899792073 7.05398937292158 -0.856404933370957 0.499937666435636 -0.38289006967538 0 0 0 95 1 
2.39873603712318 5.32404856740487 7.64545567996864 -0.789029329208535 -0.130661270288348 0.793939519996515 0 0 0 203 0 
1.67543686099834 6.73839836625023 7.9862447944989 -0.869395904333518 0.804266485138914 0.387360532722101 0 0 0 67 1 
2.10203052752667 6.12961110204355 7.52782156702397 -0.933107719163703 0.625512344671506 0.00309128522488589 0 0 0 114 1 
0.294732151804226 4.91151804069375 5.4827209478012 0.977192461311581 0.379057560077083 0.664746771977911 0 0 0 72 0 
2.09018453716512 4.62392714069819 6.3018531350523 -0.0455350514260984 -0.319563651033534 0.866872570561367 0 0 0 159 0 
3.73060175384264 6.57106431896129 5.01759747962409 0.914511305982516 0.230118257662365 0.501955275513787 0 0 0 193 0 
0.962652308145611 5.47911787172413 6.18638830637684 -0.615260854650488 -0.335653569808431 0.742932034041871 0 0 0 207 0 
3.00524432420547 5.43444514881416 5.32003411262367 -0.943861741754948 0.103827238757129 0.0911149014026305 0 0 0 193 1 
2.85502254453848 5.25878442766391 5.79645750375499 -0.960553050606835 -0.0268017302595656 -0.744838055138335 0 0 0 245 0 
3.00800686561505 5.94284319070243 5.78279615165115 -0.832443681598328 0.0492047989669362 -0.746355983149872 0 0 0 246 0 
3.22770139827443 7.05108292292928 5.47948786327989 -0.696922066858396 0.505675880325475 0.331054207031099 0 0 0 107 0 
2.23033810868764 6.93098200117401 5.19076322106257 -0.918851321256929 -0.507668666536222 0.521195913451397 0 0 0 194 0 
2.78370890094387 5.98846564704826 5.91810065001234 -0.968476788784015 -0.167948261439082 0.935344516668037 0 0 0 237 0 
2.03970671894565 4.50311852141155 4.71845601390287 -0.0511436978949282 0.000346502379061642 0.579828445989207 0 0 0 131 0 
2.72132406423577 5.28549950129907 4.97716129552523 0.357924896026197 0.0872777223665637 0.719684588391692 0 0 0 145 0 
2.96138783116979 5.46091676146303 4.29742766642571 -0.05984579653669 -0.226564804281885 0.199714185158412 0 0 0 176 0 
3.83178674822083 7.25556675269636 4.60594098289822 0.259087416468981 -0.58271480525596 0.56732677587758 0 0 0 14 0 
0.885647744810691 4.87531963168827 4.64413859999492 0.709516416090077 -0.402742263145748 0.46045984444388 0 0 0 206 0 
1.36527823981058 6.53005106361827 4.59788459675287 -0.681635751132157 -0.774438770709081 0.344209399639207 0 0 0 92 0 
1.89466095731808 4.04197555181858 5.7946896727167 0.0438512174797863 0.282441727979842 0.0327432969685226 0 0 0 22 1 
0.474146471137813 4.18234228116938 6.38479604261727 -0.669539280984688 0.298038031241042 -0.457244884153636 0 0 0 87 1 
1.19695834092586 4.27895227397203 6.71256166543472 -0.922560184341571 0.530994697108004 -0.643048703840587 0 0 0 115 0 
3.92967429155742 4.16510625544988 6.67275231147436 -0.39670285649362 -0.926099304950014 -0.314138632058404 0 0 0 112 1 
3.9582771469017 6.45085662178632 5.58954877043503 -0.615746983677588 0.327872957976258 0.121060974492782 0 0 0 79 1 
3.82993848009685 6.46591781145136 4.43034925932528 -0.18556239110035 0.440657534605706 -0.785516748963857 0 0 0 74 1 
3.79699206515214 7.78138358229313 6.86274502276202 -0.633667548316428 -0.746512935300763 0.595860558084669 0 0 0 87 0 
3.14701518390535 5.02795706818992 4.28506798563228 -0.928109424010517 0.39199522979888 -0.579436890485302 0 0 0 101 1 
0.02883541131876 7.1366483326111 4.30804346147724 0.16987060125764 0.0707387036234557 0.423115940164138 0 0 0 138 0 
1.34757931858568 6.42524441175834 4.49438085651458 -0.128046742379369 -0.119417287582407 0.888264539612731 0 0 0 191 0 
0.698797971949824 4.50461143158738 4.06798351882628 0.799866441327758 -0.66615428537918 0.840887057647364 0 0 0 247 0 
0.685189782891316 4.97302999593298 4.77665143207202 -0.646090024123187 -0.836330000451892 0.919627936896891 0 0 0 127 0 
0.605207787196747 5.96752044251438 4.20857272504346 -0.766088023644806 0.829724493612709 0.856508080560384 0 0 0 120 0 
2.78575071152059 6.79913794481908 4.38925425648551 -0.968249920942156 0.366570882757676 0.876583806276168 0 0 0 125 0 
5.12730510282349 6.6050341329586 7.20200850547596 -0.152521655241834 -0.0994406518934892 0.300223167275106 0 0 0 207 1 
7.089792976371 7.8407060667649 7.87368449383797 0.287754775152333 0.148967340751655 -0.180701722906892 0 0 0 233 1 
5.47883548105628 7.48732754926983 6.12736487310396 -0.557907168771524 -0.334741383414463 -0.15251501409956 0 0 0 246 1 
6.26032814591709 7.77103844905501 6.87482493164665 -0.471074650453656 0.141226494339445 -0.0694638964837057 0 0 0 250 1 
6.31543413981615 4.23926691014095 4.99881796853667 -0.687173984464872 -0.251192565539895 0.0554242187262972 0 0 0 140 1 
4.1234666241729 7.49685441132094 5.96454907278209 -0.152948152869678 -0.555905065408784 -0.726161214135323 0 0 0 126 0 
4.61108316284074 6.87903807291834 6.1777967774698 -0.432101870795473 -0.0689957696757402 0.297532975274422 0 0 0 256 0 
5.27670021780559 5.09545976794465 7.84247570280234 -0.247033309132712 0.177273307549405 -0.406391588577518 0 0 0 80 1 
7.29691466114891 7.27300062824022 4.00278175825948 0.421879406794323 -0.691888819084421 -0.499690915748947 0 0 0 60 1 
7.93898764369954 7.37523991015965 6.80547576747549 -0.617890261811162 -0.0138622322044832 0.256163974163943 0 0 0 143 1 
5.92893352954025 7.85877448156365 6.6167891340166 -0.507896274495528 0.262086053507073 -0.875912318442599 0 0 0 214 0 
5.77070183755015 5.21488240510776 5.56970057587543 -0.63658868471665 -0.365013066099138 0.229966730652825 0 0 0 253 0 
7.87181247610308 6.58923826715665 6.53773820553192 -0.62535416932188 -0.990084636982594 0.337526467281325 0 0 0 51 0 
6.00925468799596 5.14703466008994 6.34457374080839 0.389917187555107 -0.816996148878895 0.31606374897871 0 0 0 63 0 
5.43839887782327 6.13734261061481 7.13803985506822 0.104266541980363 0.0708158456238677 -0.929106682770198 0 0 0 197 0 
6.14936957068032 7.9388282973173 5.24385125628112 -0.705625603257743 -0.840130189186966 -0.806238749302097 0 0 0 52 0 
7.86517890658067 6.5887673737322 6.52657501914226 0.818353211842297 -0.879025847363089 -0.663713886761971 0 0 0 53 0 
5.85063973799345 6.09568431312805 7.70356932021786 -0.516595584667394 0.621742701458672 0.244841035579762 0 0 0 82 1 
5.05879580718427 4.67411076098962 7.19518780771527 0.284310645242697 -0.980654359890041 -0.700534688031636 0 0 0 43 0 
6.52194732191373 5.66995461599422 6.8320029770219 0.557994146879303 0.463328290666024 0.925778108557988 0 0 0 22 0 
5.7207752825561 7.37387858274243 6.05434009809962 0.468975031395122 -0.0140134908063967 0.617148899788847 0 0 0 142 0 
4.28711026623039 7.95580604130058 7.40664894614203 -0.134765525974402 0.495089560144509 0.989627660682447 0 0 0 94 0 
4.02076367368856 5.24325985214112 4.76185640735031 -0.497692925145716 0.527028872460124 -0.526460399183299 0 0 0 100 1 
6.08875533194152 6.22323956423092 7.35219371602112 -0.823471629784276 0.969248840470103 0.428021524002347 0 0 0 59 0 
6.34779249799626 6.14342642049141 4.94603160376614 0.538643610888474 0.738158491165712 -0.728218710692651 0 0 0 2 1 
5.52818955242765 4.70695514028414 4.30931986795529 0.336465505825294 0.245217237809349 -0.687853348004968 0 0 0 27 1 
6.68252889223351 4.99065629701313 6.67696395654775 0.798058765803723 0.387850699668126 -0.980337338161362 0 0 0 5 0 
6.41355977740771 4.9149604443893 6.15006829501922 0.990395530823079 -0.842782172845633 -0.261103522775641 0 0 0 63 1 
5.77248497807606 5.86656048658735 6.39538543925163 -0.525279446880438 -0.292604390379183 0.877265048805737 0 0 0 222 0 
6.76279982516828 6.2962268699488 6.01401809469773 0.0291999805742527 -0.133752570005689 0.834890899410859 0 0 0 223 0 
7.7895137204272 5.69510292102858 6.14348696511517 -0.523387364396978 -0.200544119885714 0.73816521834613 0 0 0 144 0 
5.57375028246824 4.72864899866409 4.36261410643697 -0.769583301947973 0.469849888740455 -0.237487321507003 0 0 0 36 1 
7.63584604517096 4.89354078432745 6.88559750215799 -0.873794883869893 0.710393420480827 -0.29048916642689 0 0 0 37 1 
5.82428246081981 4.89714147613212 5.0622801262663 0.59158694009109 0.821904608459125 0.0624755695851447 0 0 0 9 1 
5.4470996241312 5.64992619221136 6.66034612072551 0.771899958236799 -0.538897089754294 -0.204405986586054 0 0 0 182 1 
4.44725086901846 4.90332693130609 4.43505626317109 0.327472318779829 -0.955185896521546 -0.673882637425435 0 0 0 26 1 
4.50299586159629 5.89803300766056 5.60143446933716 0.333666206844032 -0.400218554704383 -0.988729503406982 0 0 0 154 0 
5.57881744442104 4.48550536179634 6.11642257657384 0.897646382713449 0.109500595755149 -0.487064158158462 0 0 0 31 1 
4.39762194591169 4.92520234717245 5.07547312918442 -0.344708672676478 -0.0638664058697281 0.952830347687157 0 0 0 248 0 
6.06421233452387 6.72649301198161 5.75904713846082 -0.0484208517195701 0.358499223553513 0.917671904273425 0 0 0 111 0 
4.58477830984887 5.17021646990944 5.15439531586239 0.00941981220543053 0.407801829989938 0.739377257318043 0 0 0 85 0 
4.54001088627684 4.24439808216268 4.86035431077762 -0.106665457080351 0.860488675795854 -0.293293965469153 0 0 0 126 1 
4.12732233884705 4.13414479218405 5.77144248831619 -0.708075295683661 0.514904976909339 -0.747617501298201 0 0 0 114 0 
4.42496529282128 4.084866486716 6.62374937476394 -0.119448300797635 0.176096276301778 -0.875138958359563 0 0 0 90 0 
5.84802867079526 4.11926697471874 7.59086310528425 0.372003185643917 0.402140774968749 0.898984789476028 0 0 0 3 0 
7.61170750979082 4.55593553153774 4.52976454787194 0.123523056643425 0.672881725726415 0.447751616430216 0 0 0 71 0 
4.46838335162465 7.90772358962548 7.605785677043 0.663153705736072 0.600858176625054 -0.0993571469952228 0 0 0 58 1 
4.11844739949519 5.36048279423224 6.5656147057779 0.29093859994391 -0.68216857841864 -0.992709477135789 0 0 0 130 0 
4.48546782118894 5.48415883775979 4.84125219243737 0.998385313465438 0.331573204195532 -0.628749756395848 0 0 0 89 1 
4.35069964733664 5.10760754671631 5.60837005454295 0.872299960815183 0.289734171857368 0.789818894949217 0 0 0 28 0 
4.00932061437029 5.15736029458326 4.63932148236267 0.0565911793744773 0.628595588287029 0.237702386929186 0 0 0 36 0 
7.10001038921763 5.87195105528762 4.1641607603658 -0.599998845642485 -0.847560993856931 0.740462306707311 0 0 0 44 0 
5.29945336924174 4.44309638951352 4.12346322151097 0.866605929915749 -0.228544845609609 0.180384802390108 0 0 0 171 0 
