512
0.607808499472497 1.51571849333356 2.24768693223428 0.369269499824166 0.67190616444452 0.915895644078094 0 0 0 1 0 
2.18562050217397 3.3980819194992 2.57476046577762 0.228540167391324 0.966027306499735 0.691586821925875 0 0 0 2 0 
3.61600955693175 1.70642232490625 2.19695436842808 0.372003185643917 0.402140774968749 0.898984789476028 0 0 0 3 0 
0.976444999268027 1.66312923127351 1.47340123027238 -0.841185000243991 0.387709743757837 0.324467076757462 0 0 0 4 0 
1.89417629741117 2.66355209900438 3.44101201448408 0.798058765803723 0.387850699668126 0.980337338161362 0 0 0 5 0 
1.65832774254825 1.01433810869529 0.856198109250014 0.0527759141827502 -0.161887297101569 0.452066036416671 0 0 0 6 0 
2.26844676604493 1.58272474420062 0.333281371004431 -0.0771844113183578 0.0275749147335409 0.277760457001477 0 0 0 7 0 
2.94836205042993 1.17499542886368 1.27222912221179 -0.183879316523356 0.89166514295456 0.25740970740393 0 0 0 8 0 
1.31854936316692 2.8658764456568 0.405076160251801 -0.393816878944361 0.121958815218934 -0.0316412799160662 0 0 0 11 0 
2.26868178880284 2.77899965908451 0.100796888690417 -0.410439403732386 0.0929998863615029 0.200265629563472 0 0 0 12 0 
2.80671613317291 2.98700171015567 2.30573257579753 0.768905377724302 -0.170999429948109 0.935244191932511 0 0 0 13 0 
3.32246983941347 1.72330352593828 0.322619005325241 0.274156613137822 -0.592232158020574 0.274206335108414 0 0 0 15 0 
0.80861881116011 2.08909027295224 2.02407385479335 0.10287293705337 0.529696757650747 0.174691284931117 0 0 0 17 0 
0.521535998961889 0.87369520928048 3.8767517053575 0.673845332987296 0.457898403093493 0.792250568452501 0 0 0 18 0 
0.0593925384305702 3.02890066877185 1.60650111763803 0.853130846143523 0.842966889590616 0.035500372546009 0 0 0 19 0 
3.17398244063791 2.88998487199807 1.27733432567397 0.557994146879303 0.463328290666024 0.925778108557988 0 0 0 22 0 
1.10057078313187 0.662126535297226 0.879155199464374 -0.466476405622709 -0.279291154900925 0.793051733154791 0 0 0 23 0 
0.29622875955707 0.508041908777136 1.40408494210556 0.265409586519023 -0.663986030407621 -0.0319716859648126 0 0 0 25 0 
0.883100117554452 3.3692025155721 0.86945668484765 -0.872299960815183 0.289734171857368 0.789818894949217 0 0 0 28 0 
2.91845763786394 2.54904063501458 1.26525362053023 0.806152545954648 -0.31698645499514 -0.0782487931565888 0 0 0 29 0 
3.59408669605423 3.05496133484351 3.86533622293925 0.0313622320180778 -0.148346221718831 0.788445407646418 0 0 0 32 0 
0.375118716579301 2.47061561762215 2.75677136245881 0.291706238859767 0.990205205874051 0.085590454152936 0 0 0 33 0 
1.96996880878255 2.10038611187291 3.63868066952892 -0.176677063739152 0.533462037290971 0.379560223176308 0 0 0 35 0 
3.66977353812343 1.38578676486109 3.21310716078756 0.0565911793744773 0.628595588287029 0.237702386929186 0 0 0 36 0 
0.830837865448099 0.332130993227939 0.473755558148951 0.443612621816033 -0.38928966892402 -0.67541481395035 0 0 0 37 0 
1.63682725989007 0.583844101708189 1.79581785574283 -0.287724246703309 0.694614700569396 -0.234727381419058 0 0 0 39 0 
1.81444353205392 1.41736286246082 0.234126075984399 0.438147844017973 -0.360879045846395 0.911375358661466 0 0 0 41 0 
3.84239418634965 3.99603691630724 0.655183916796159 0.780798062116549 0.498678972102413 -0.61493869440128 0 0 0 42 0 
0.684561452505469 1.46890953861646 0.147162488984857 0.394853817501823 -0.677030153794513 0.882387496328286 0 0 0 45 0 
0.233407335391377 3.29634581033544 2.41745138306404 0.244469111797126 0.932115270111815 -0.360849538978654 0 0 0 49 0 
1.1212599338799 1.64875073306319 1.76533393733363 0.873753311293301 0.382916911021063 -0.578222020888791 0 0 0 50 0 
1.0452401252563 0.493037673556405 3.22427278789735 -0.151586624914566 0.664345891185468 -0.0919090707008845 0 0 0 54 0 
1.94736813331465 0.347589675761741 2.36936854171162 -0.517543955561784 0.615863225253914 -0.376877152762793 0 0 0 56 0 
2.51562259974116 2.16934752360296 2.76010038360463 0.671874199913721 -0.110217492132346 -0.246633205465123 0 0 0 57 0 
3.08755389422518 1.69126297142467 3.93409550841666 0.529184631408392 -0.269579009525109 0.144698502805553 0 0 0 58 0 
1.63707338560782 2.7596688890374 2.73625903337811 0.0456911285359398 -0.246777036987533 -0.254580322207296 0 0 0 62 0 
2.02516334843802 1.67539444748928 0.970560521521442 -0.824945550520661 0.725131482496426 0.156853507173814 0 0 0 65 0 
2.00968459599204 0.550896412281911 1.4711255910859 -0.830105134669319 -0.983034529239363 0.323708530361966 0 0 0 77 0 
1.2759870143654 2.37598715009383 2.95694343654511 0.258662338121801 -0.708004283302057 0.818981145515037 0 0 0 129 0 
3.08015237568432 2.96061962884683 2.56056278896471 0.193384125228107 -0.513126790384391 0.353520929654902 0 0 0 147 0 
0.700508418758793 1.97412119334714 3.53134168854802 -0.933163860413736 -0.841959602217621 0.677113896182673 0 0 0 148 0 
2.11434454359588 2.5673944225579 1.08248802422902 -0.128551818801372 -0.644201859147367 -0.47250399192366 0 0 0 163 0 
3.75992665534625 1.85711662536048 3.84577015131701 0.0866422184487494 -0.880961124879841 0.448590050439001 0 0 0 164 0 
1.86950930790713 2.7967493739318 1.33971046305718 -0.54349689736429 -0.567750208689399 -0.720096512314274 0 0 0 180 0 
1.32688067104261 1.40406670566021 1.68806579872517 0.275626890347536 0.301355568553404 -0.937311400424944 0 0 0 1 1 
1.62354101098538 0.221937401460371 2.08211945148694 -0.292152996338208 0.907312467153457 -0.805960182837688 0 0 0 11 1 
3.33552875587874 2.10983758947345 2.77562360015032 0.611842918626247 -0.463387470175516 -0.574792133283226 0 0 0 14 1 
3.25152089342884 1.84680221710885 2.71425358977329 0.583840297809613 -0.884399260963717 -0.595248803408903 0 0 0 130 1 
2.77953080546712 1.43720190996698 1.19325105804405 -0.906823064844295 0.645733969988994 0.231083686014684 0 0 0 66 0 
3.47532902271354 3.35826217589612 1.29235739833293 -0.341556992428819 0.619420725298707 0.264119132777643 0 0 0 69 0 
3.46345470361605 2.99018372880577 1.14869407541782 -0.34551509879465 0.163394576268589 0.216231358472606 0 0 0 73 0 
3.10303239694321 2.14751461315746 3.08532163615411 -0.798989201018931 -0.117495128947514 0.19510721205137 0 0 0 106 0 
3.56504565686962 2.15695047486031 1.35895775709024 -0.311651447710126 0.885650158286772 -0.713680747636587 0 0 0 113 0 
0.95385207026805 2.95765397034939 2.83241864982874 -0.848715976577317 -0.847448676550205 0.444139549942912 0 0 0 152 0 
3.55428503724887 3.59793560965802 1.02185388733061 0.684761679082956 -0.300688130113994 -0.826048704223128 0 0 0 178 0 
1.57437405377398 2.584792098657 0.677551407066645 0.358124684591328 -0.971735967114333 -0.940816197644452 0 0 0 181 0 
1.8525234549362 3.10610856345882 1.77119571925006 -0.215825515021266 -0.46463047884706 -0.909601426916648 0 0 0 131 1 
2.86812724276428 3.49183100304179 0.92452002361564 -0.877290919078573 -0.336056332319404 -0.191826658794787 0 0 0 210 0 
2.22727629588697 1.77410529123769 3.2874883930039 0.575758765295656 0.0913684304125628 -0.404170535665368 0 0 0 5 1 
2.32014062552678 0.943499106893387 3.17358867032299 0.940046875175593 -0.185500297702204 -0.775470443225669 0 0 0 21 1 
0.207482948543514 0.00429138762546932 2.84097306659944 0.902494316181171 0.501430462541823 -0.886342311133519 0 0 0 23 1 
2.97771143123514 0.433044426358197 3.19196232973933 -0.507429522921621 0.311014808786066 -0.769345890086888 0 0 0 81 1 
3.97361300806261 1.03906939605859 2.58160848406116 -0.175462330645797 0.179689798686196 0.360536161353719 0 0 0 81 0 
3.4630008338227 1.32333694501364 2.09679868208753 -0.6789997220591 0.607778981671213 0.198932894029176 0 0 0 82 0 
3.90406783204729 2.72492592829463 0.665366838630409 -0.531977389317571 0.741641976098211 -0.611544387123197 0 0 0 98 0 
3.36293606687824 3.83168194022099 2.29809214313742 -0.712354644373921 0.443893980073664 -0.400635952287528 0 0 0 122 0 
3.28288846897037 0.841378077428337 2.61822425937146 -0.739037177009877 -0.552873974190554 -0.960591913542848 0 0 0 90 1 
0.0115762537148769 3.83277062659925 2.15839922128015 -0.162807915428374 -0.222409791133585 -0.113866926239951 0 0 0 161 0 
0.948554822325309 3.62953201085474 1.60519135757319 -0.850481725891564 -0.623489329715086 -0.631602880808938 0 0 0 184 0 
2.85340765236114 3.58384791611811 3.72458851761594 0.117802550787048 -0.972050694627297 -0.258470494128019 0 0 0 139 1 
2.90391309615226 1.99785167621589 3.85492871230133 0.467971032050754 -0.167382774594704 -0.215023762566223 0 0 0 10 1 
2.18548911085421 3.73094596844221 3.71257451523524 -0.438170296381932 0.41031532281407 -0.595808494921587 0 0 0 28 1 
2.14106214567895 2.03139885159725 3.265221229371 -0.786312618107015 -0.489533716134251 -0.744926256876334 0 0 0 93 1 
3.538256493695 0.208712631727245 3.91914298745879 -0.320581168768334 -0.763762456090918 -0.860285670847069 0 0 0 105 1 
1.59577454862218 3.11855067703874 3.86617671184939 -0.301408483792606 -0.460483107653754 -0.54460776271687 0 0 0 147 1 
3.83432102458797 3.95142527474333 3.80934221852108 -0.888559658470678 0.483808424914442 -0.230219260492972 0 0 0 75 1 
6.69459237290107 2.20438937672056 1.07783566810404 -0.935135875699644 0.568129792240187 0.192611889368014 0 0 0 67 0 
6.35493274942731 3.09781313855631 0.584212273049029 -0.381689083524229 0.865937712852102 0.361404091016343 0 0 0 68 0 
5.95280504296302 3.97104852341105 1.5243723253242 0.150935014321005 0.823682841137018 0.341457441774733 0 0 0 70 0 
6.87056916993027 0.518645177179246 1.84325484929065 0.123523056643425 0.672881725726415 0.447751616430216 0 0 0 71 0 
5.56842261606526 2.63717268023125 1.49424031593373 -0.977192461311581 0.379057560077083 0.664746771977911 0 0 0 72 0 
5.59635000086366 2.06441380346248 2.35695192902251 0.0321166669545541 -0.145195398845841 0.95231730967417 0 0 0 74 0 
7.06709622215965 2.68002605168264 3.15879265464094 0.52236540738655 -0.273324649439121 0.886264218213647 0 0 0 78 0 
7.07491392765748 2.18588265998469 2.87054465800382 0.191637975885827 -0.438039113338435 0.790181552667941 0 0 0 79 0 
5.08148931024778 1.57295449354255 2.05882639335709 -0.806170229917406 -0.642348502152483 0.852942131119031 0 0 0 80 0 
6.82810956929528 0.396185307150449 3.65533099078804 0.10936985643176 -0.0346048976165169 0.718443663596013 0 0 0 83 0 
7.95593871417791 0.66446574819743 3.64594271332149 -0.181353761940696 0.0548219160658101 0.71531423777383 0 0 0 84 0 
4.52825943661629 2.72340548996981 0.718131771954129 0.00941981220543053 0.407801829989938 0.739377257318043 0 0 0 85 0 
5.1359995133287 1.43652529337292 3.3770701951598 -0.1213334955571 -0.0211582355423606 0.625690065053268 0 0 0 86 0 
7.59899735505071 3.73953880590229 3.28758167425401 -0.633667548316428 0.746512935300763 0.595860558084669 0 0 0 87 0 
5.48350591763753 3.51151653528849 3.43992853328241 -0.672164694120822 0.670505511762832 0.646642844427469 0 0 0 88 0 
4.03450344036716 0.323569500912065 2.17231003196585 -0.155165519877612 -0.725476833029312 0.224103343988618 0 0 0 89 0 
4.89212567782539 0.966189917881365 0.871093747188898 -0.535958107391539 -0.511270027372878 0.790364582396299 0 0 0 91 0 
4.38318143801304 1.15241531004149 0.22865414817492 -0.03893952066232 -0.782528229986169 -0.42378195060836 0 0 0 93 0 
7.21073814461768 2.77522375847503 1.29502081425577 -0.763087285127441 -0.241592080508323 0.931673604751923 0 0 0 95 0 
7.93866055871526 3.77099621452078 1.98545378195814 0.146220186238419 0.0903320715069265 0.16181792731938 0 0 0 96 0 
4.34388903083849 2.37368244124096 1.93598829038626 -0.0520369897205044 0.624560813746988 -0.18800390320458 0 0 0 97 0 
7.07803022961449 0.526774124513863 0.251006625099973 -0.140656590128504 0.00892470817128777 -0.749664458300009 0 0 0 100 0 
7.24398589113268 1.20425123097474 1.72733746191685 0.247995297044227 -0.0985829230084199 -0.257554179361051 0 0 0 103 0 
6.53186612179413 0.779701211192998 3.34852309856067 0.677288707264711 -0.573432929602334 0.282841032853556 0 0 0 105 0 
5.94782590544345 2.87665609054549 2.28322326715618 -0.850724698185518 0.12555203018183 -0.0722589109479397 0 0 0 108 0 
5.2825739727469 1.27613759547582 2.68302621874029 -0.0724753424176992 -0.0746208015080584 -0.272324593753237 0 0 0 118 0 
6.88366772557768 0.545431889652307 3.59880208009445 0.127889241859227 0.681810629884102 0.0329340266981486 0 0 0 119 0 
5.20173592906558 0.989173480838127 0.930475758318848 -0.766088023644806 0.829724493612709 -0.856508080560384 0 0 0 120 0 
6.4127457749268 3.10976387898884 2.39202918597354 -0.695751408357734 -0.130078707003719 -0.369323604675486 0 0 0 128 0 
6.23019298788109 1.64837483165184 2.6208945400953 0.910064329293698 0.0494582772172791 0.0402981800317657 0 0 0 40 0 
7.28117507145766 1.92882054139605 3.3714186207476 0.927058357152554 -0.857059819534649 0.290472873582535 0 0 0 225 0 
7.97275757152462 1.85804239286891 3.47997171832542 0.82425252384154 -0.880652535710365 0.326657239441805 0 0 0 226 0 
7.48402522292166 2.13021254827517 0.283874431026522 0.328008407640553 -0.789929150574944 -0.738708522991159 0 0 0 227 0 
6.34727012174149 2.99834290149814 2.6396086789637 0.949090040580497 0.166114300499379 -0.620130440345435 0 0 0 12 1 
4.72257977403138 1.52443990290265 1.93984504202443 -0.925806741989541 0.674813300967549 -0.853384985991855 0 0 0 68 1 
5.6467735027522 3.7793813333792 2.53073408283607 0.382257834250733 0.426460444459732 -0.656421972387975 0 0 0 73 1 
6.3516646473446 2.16780451743265 2.30797311828775 -0.716111784218466 -0.777398494189117 -0.730675627237417 0 0 0 196 1 
4.97575109480157 1.25173835738405 0.660268999202786 0.491917031600523 -0.749420547538649 0.386756333067595 0 0 0 16 0 
7.94163746334907 3.06396848352085 1.7804056847972 0.480545821116356 -0.812010505493049 0.760135228265733 0 0 0 199 0 
5.08806471430212 0.580084807474827 3.4081622786049 0.862688238100708 -0.306638397508391 -0.363945907131701 0 0 0 7 1 
5.99275189337793 2.16814241875223 3.40622449404815 0.497583964459311 0.889380806250743 -0.364591835317283 0 0 0 65 1 
5.60873588524032 1.38859805438992 3.0014218866865 0.369578628413438 0.962866018129974 -0.499526037771167 0 0 0 69 1 
6.50722699091578 1.16803150552937 3.23676353923027 0.33574233030526 -0.110656164823544 -0.421078820256576 0 0 0 70 1 
5.00919027814357 3.98677099489104 3.40994282023174 -0.830269907285479 0.82892366496368 -0.363352393256085 0 0 0 72 1 
5.02317597118639 1.05783622740661 3.07937959023141 -0.825608009604538 0.185945409135535 -0.806873469922865 0 0 0 84 1 
5.86764398791452 1.57357945950913 3.07911820115944 0.789214662638175 0.357859819836376 -0.473627266280185 0 0 0 4 1 
4.39257854688877 1.20416924319018 1.42200743750339 0.964192848962925 -0.431943585603273 0.640669145834464 0 0 0 10 0 
4.1340908596066 1.15179894970026 0.129466068625136 0.211363619868866 0.217266316566753 -0.456844643791621 0 0 0 20 0 
4.48407843808551 0.469659799440239 1.19694974076535 0.994692812695169 -0.676780066853254 0.898983246921784 0 0 0 26 0 
4.14180965167259 2.62538614042445 2.4832183550611 0.547269883890865 -0.291537953191851 -0.672260548312966 0 0 0 15 1 
4.44285466250405 3.51557007990804 1.0358312189812 0.980951554168017 -0.32814330669732 -0.154722927006268 0 0 0 146 0 
7.62471822441409 3.53288948437561 1.81571761383868 -0.625093925195304 -0.65570350520813 0.105239204612892 0 0 0 215 0 
6.45436553125267 3.65998180620271 1.19137236864705 0.318121843750891 -0.946672731265765 0.897124122882351 0 0 0 218 0 
6.7147530699996 3.5990040769592 2.05660854355326 -0.595082310000135 -0.9669986410136 0.185536181184421 0 0 0 220 0 
5.10484566150473 3.64434337242755 1.78822558443373 0.868281887168243 -0.618552209190817 0.0960751948112444 0 0 0 151 0 
4.15736286066574 1.74957644427936 3.69331550461324 0.885787620221911 0.0831921480931206 -0.935561498462253 0 0 0 38 1 
2.37281579983173 6.54650573525592 3.47812843140737 0.29093859994391 0.68216857841864 0.992709477135789 0 0 0 130 0 
2.34656890631522 4.50103950713718 1.23948533796762 -0.0511436978949282 0.000346502379061642 0.579828445989207 0 0 0 131 0 
0.414311181406025 7.54259931592109 2.16267632526922 -0.0285629395313252 -0.985800228026304 0.887558775089738 0 0 0 133 0 
0.478221878377348 6.19863551445207 2.08522781888628 -0.340592707207551 0.232878504817357 0.861742606295425 0 0 0 134 0 
3.29481459649478 6.521386546638 0.674487112225281 0.264938198831593 0.340462182212666 0.0581623707417604 0 0 0 135 0 
1.87718527571258 4.35678686607455 0.652045483048606 0.459061758570861 -0.714404377975151 0.0506818276828687 0 0 0 137 0 
0.99038819622708 6.71221611087037 1.76934782049241 -0.16987060125764 0.0707387036234557 0.423115940164138 0 0 0 138 0 
0.187618663791249 6.94637106411571 2.4962511552724 -0.77079377873625 -0.851209645294764 0.998750385090799 0 0 0 139 0 
0.0146789941994359 4.56766054088637 1.54512204987648 -0.161773668600188 -0.97744648637121 0.681707349958827 0 0 0 141 0 
2.90692509418537 7.45795952758081 2.35144669936654 0.468975031395122 -0.0140134908063967 0.617148899788847 0 0 0 142 0 
2.08780769394102 5.49388758527215 1.23818014213132 -0.137397435352992 -0.668704138242617 0.246060047377106 0 0 0 143 0 
0.57377468807859 4.76183316709969 0.659053765175075 0.357924896026197 0.0872777223665637 0.719684588391692 0 0 0 145 0 
0.787066851786511 7.54456802848137 0.121000895869115 -0.23764438273783 0.681522676160456 0.540333631956372 0 0 0 150 0 
1.25387789283555 6.43578985914447 1.90645935365134 0.584625964278516 -0.0214033802851747 0.135486451217114 0 0 0 153 0 
3.95779081198204 6.87308405259653 1.75347222192176 0.152596937327346 -0.87563864913449 0.0844907406405877 0 0 0 156 0 
2.96244097741234 4.71726363362595 1.43911719956435 0.820813659137447 -0.92757878879135 -0.0202942668118828 0 0 0 157 0 
0.709062700427092 6.84227303794341 3.48991713931816 -0.263645766524303 -0.21924232068553 0.663305713106052 0 0 0 158 0 
2.36339484572171 6.5413090468994 1.1006177116841 -0.0455350514260984 -0.319563651033534 0.866872570561367 0 0 0 159 0 
0.828969736588853 6.66779712676182 0.761883185358015 0.776323245529618 0.722599042253941 -0.579372271547328 0 0 0 162 0 
1.91985901444809 7.72045767065604 3.44393659747705 0.806619671482698 -0.92651410978132 0.314645532492351 0 0 0 165 0 
2.9694911464323 5.08190951447299 1.41939775566044 0.156497048810765 -0.13936349517567 -0.360200748113186 0 0 0 167 0 
0.108568931250736 7.4357176904973 2.47139003849606 0.202856310416912 0.311905896832434 -0.00953665383464652 0 0 0 169 0 
0.0998177897472474 5.81436546317117 3.04115440717032 0.866605929915749 -0.228544845609609 0.180384802390108 0 0 0 171 0 
2.34892559615451 5.37947357958137 1.63403397129578 0.949641865384835 -0.706842140139543 -0.288655342901407 0 0 0 173 0 
1.44464423412905 7.25671371516489 1.55295151361775 0.981548078043017 -0.081095428278371 -0.315682828794082 0 0 0 174 0 
3.32046261038993 6.82030558715434 3.09914255547524 -0.05984579653669 -0.226564804281885 0.199714185158412 0 0 0 176 0 
0.400979189185022 6.7570658665518 1.81458385333504 -0.699673603604993 0.419021955517266 -0.561805382221655 0 0 0 183 0 
1.91119692753637 4.98354669124343 0.953567513504304 0.470398975845458 -0.505484436252189 -0.848810828831899 0 0 0 185 0 
3.12417528604527 5.98487128508693 3.42123457380014 0.874725095348423 -0.838376238304357 -0.0262551420666183 0 0 0 189 0 
2.11585977286189 7.14174813725278 0.835206381161807 -0.128046742379369 -0.119417287582407 -0.888264539612731 0 0 0 191 0 
2.27726224940694 5.24814441576788 1.20198032763274 0.259087416468981 0.58271480525596 0.56732677587758 0 0 0 14 0 
1.14546867504572 5.14476286725675 1.79583369245605 0.881822891681907 0.548254289085582 0.0986112308186828 0 0 0 30 0 
0.659364259762122 5.58884600286722 0.615825754004204 -0.61354524674596 0.696282000955739 -0.294724748665265 0 0 0 31 0 
1.75646608205245 5.1903547729871 2.00586582654136 -0.914511305982516 0.230118257662365 0.501955275513787 0 0 0 193 0 
1.71174936414344 6.32799367910942 2.80224873868434 -0.929416878618855 -0.724002106963527 -0.56591708710522 0 0 0 205 1 
0.570890677949993 4.96039137956361 0.799723824970233 -0.976369774016669 0.486797126521203 -0.566758725009922 0 0 0 48 0 
1.18810206393888 4.51446315857428 2.40632162369422 0.562700687979625 0.338154386191426 -0.364559458768594 0 0 0 61 0 
2.08259088884426 4.63497342074604 3.25510794197248 -0.805803037051914 0.378324473582013 0.251702647324159 0 0 0 109 0 
3.20791768610282 7.60792018561549 2.70496808509149 -0.430694104632393 0.369306728538495 -0.265010638302836 0 0 0 249 0 
3.43467076063523 6.0726806231337 2.32333015592285 -0.355109746454923 0.190893541044568 -0.725556614692382 0 0 0 197 1 
2.30054163138763 6.34238457887014 2.56304117004157 0.933513877129211 0.614128192956713 -0.97898627665281 0 0 0 145 1 
0.705133173411693 5.76062359640932 3.06059717172966 0.0683777244705643 0.0868745321364404 -0.813134276090112 0 0 0 149 1 
1.71907653271324 4.87051019213436 3.16014222853609 -0.260307822428921 -0.543163269288547 -0.779952590487969 0 0 0 155 1 
2.1088571726349 6.45671835618053 2.89606113229675 -0.463714275788366 -0.347760547939823 -0.86797962256775 0 0 0 160 1 
1.95417903665612 7.17016500910378 3.13479990450606 -0.848606987781292 0.890055003034593 -0.788400031831314 0 0 0 209 1 
1.10452025010419 4.37208323362026 2.79554877388634 0.201506750034732 0.624027744540088 0.765182924628781 0 0 0 9 0 
3.82631144736104 4.35876135384649 2.88901721230412 -0.891229517546321 0.619587117948829 0.796339070768041 0 0 0 75 0 
3.37145075172977 7.29177321056276 1.88137953333164 -0.709516416090077 -0.402742263145748 0.46045984444388 0 0 0 206 0 
3.8053219780623 7.08764149616471 2.73632979449327 -0.564892673979235 -0.804119501278428 0.0787765981644244 0 0 0 234 0 
1.09002453112267 5.76401121708277 3.8789792025195 0.863341510374222 -0.578662927639078 -0.873673599160166 0 0 0 174 1 
3.06459042709867 5.88706736189697 3.94731017749811 -0.145136524300444 -0.870977546034343 -0.85089660750063 0 0 0 176 1 
3.73557621140864 6.45068233365471 3.99906688916946 0.0785254038028789 0.983560777884905 -0.833644370276847 0 0 0 48 1 
1.96689402439559 4.72434238530236 3.77276750052004 -0.844368658534802 -0.925219204899214 -0.909077499826654 0 0 0 237 1 
3.31692055350106 6.47599169498357 3.56375333090201 -0.72769314883298 -0.341336101672144 -0.645415556365996 0 0 0 222 1 
7.74344603622921 6.02300599960866 2.06358774035419 -0.918851321256929 0.507668666536222 0.521195913451397 0 0 0 194 0 
7.71861241174926 7.41766516806098 0.377849953081437 -0.593795862750247 0.972555056020326 0.292616651027146 0 0 0 195 0 
5.58400359335262 5.76497121578657 2.37766965424883 -0.638665468882458 0.421657071928856 0.959223218082944 0 0 0 196 0 
4.81279962594109 5.7124475368716 3.28732004831059 0.104266541980363 0.0708158456238677 0.929106682770198 0 0 0 197 0 
5.87768865269203 7.68127210735226 1.21635959958867 0.12589621756401 -0.939575964215912 0.572119866529556 0 0 0 198 0 
7.4862901394718 4.25886927915071 2.31614691296966 -0.337903286842734 -0.413710240283097 0.605382304323221 0 0 0 200 0 
7.11472805399686 6.74345499894792 0.445613940392254 0.871576017998955 -0.918848333684027 -0.0181286865359154 0 0 0 201 0 
5.73309741483918 6.53391256165728 2.38112870225483 0.0776991382797252 -0.988695812780906 0.62704290075161 0 0 0 202 0 
7.13291201237439 6.10801618913496 2.88181855998955 -0.789029329208535 -0.130661270288348 0.793939519996515 0 0 0 203 0 
6.19494525881601 7.09672594235429 3.45160091743505 -0.768351580394664 -0.80109135254857 0.983866972478351 0 0 0 204 0 
6.72338182524051 6.20127920504136 0.43071987383893 0.741127275080172 -0.43290693165288 -0.0230933753870235 0 0 0 205 0 
4.65421743604854 7.49303929057471 1.72879610212561 -0.615260854650488 -0.335653569808431 0.742932034041871 0 0 0 207 0 
7.18316587576223 6.93522516089086 1.60274363065808 -0.105611374745923 -0.521591613036379 0.700914543552693 0 0 0 208 0 
5.69854226235792 4.18902154534365 3.0891447933968 0.399514087452641 -0.103659484885449 0.529714931132266 0 0 0 209 0 
6.16289466266391 7.4425979631519 3.34842684803587 -0.112368445778697 0.9808659877173 0.616142282678623 0 0 0 211 0 
4.60029704664879 7.18730088197932 3.61865504266404 -0.966567651117069 0.895766960659775 0.706218347554681 0 0 0 212 0 
4.15555869362542 7.16837263304992 1.23373684129545 -0.114813768791528 -0.777209122316692 0.911245613765151 0 0 0 217 0 
4.41693116337216 5.69870393525367 3.31028527215955 -0.0276896122092806 -0.60043202158211 0.603428424053184 0 0 0 221 0 
7.07583834064131 7.62218682886245 1.13179514641721 0.525279446880438 -0.292604390379183 0.877265048805737 0 0 0 222 0 
6.58759994172276 7.09874228998293 1.00467269823258 0.0291999805742527 -0.133752570005689 0.834890899410859 0 0 0 223 0 
5.37679833364669 6.19391451105182 2.19090491405761 -0.374400555451104 -0.10202849631606 -0.103031695314131 0 0 0 235 0 
7.40543036635204 6.99615521568275 0.306033550004112 0.968476788784015 -0.167948261439082 0.935344516668037 0 0 0 237 0 
7.27368172691749 5.02522876010089 3.96333797716567 -0.0754394243608369 -0.824923746633036 0.48777932572189 0 0 0 240 0 
7.71174249269974 5.79305171079545 2.65324288927042 0.0705808308999134 0.431017236931818 -0.282252370243192 0 0 0 244 0 
4.10040067601673 7.49846285613754 0.977338827057907 -0.799866441327758 0.66615428537918 -0.840887057647364 0 0 0 247 0 
6.46587398197056 5.30840078239082 0.641508956938528 -0.344708672676478 -0.0638664058697281 -0.952830347687157 0 0 0 248 0 
7.47658100682475 6.20651255662331 1.08193907031667 0.325527002274917 -0.0978291477922298 -0.806020309894443 0 0 0 251 0 
5.13968405470268 6.14822825136145 1.73361759210007 -0.120105315099108 -0.783923916212851 -0.588794135966643 0 0 0 254 0 
6.56348246523224 7.3141632270033 2.78395605979291 -0.978839178255921 -0.0619455909989007 -0.238681313402363 0 0 0 255 0 
4.56172992763044 6.00899000135567 0.741116189309326 -0.646090024123187 0.836330000451892 -0.919627936896891 0 0 0 127 0 
5.44512980681388 4.90757189413474 1.51974550347762 0.648376602271294 0.135857298044913 0.339915167825875 0 0 0 132 0 
5.92720232004547 7.44098356457583 0.433223535091447 0.809067440015156 0.646994521525277 -0.0222588216361844 0 0 0 136 0 
6.05020977277491 5.16955380652039 1.98486517280032 0.850069924258303 -0.443482064493203 0.494955057600106 0 0 0 140 0 
5.07016209319093 6.89836764034286 1.71449565503839 0.523387364396978 -0.200544119885714 0.73816521834613 0 0 0 144 0 
4.75781450956416 5.43889414439298 2.46472837714774 -0.247395163478615 0.312964714797661 -0.678423874284088 0 0 0 194 1 
7.86345788105752 4.54140409092677 2.46501213614902 -0.545514039647494 0.0138013636422558 -0.678329287950325 0 0 0 195 1 
6.1636924649865 7.2744753868034 1.94237684843924 -0.778769178337834 0.591491795601133 -0.852541050520253 0 0 0 200 1 
7.26480689031488 5.25105553912549 1.88622189421387 -0.0783977032283739 -0.416314820291505 -0.871259368595377 0 0 0 204 1 
7.47091655336348 5.39776223663189 1.95891460998302 0.656972184454494 -0.700745921122703 -0.847028463338994 0 0 0 206 1 
5.45509274660353 4.82331631212724 2.53262819891762 -0.681635751132157 0.774438770709081 0.344209399639207 0 0 0 92 0 
5.0957034220768 4.98526868043353 1.46888298204734 -0.134765525974402 0.495089560144509 0.989627660682447 0 0 0 94 0 
7.2314717922841 4.81624181354845 2.61834239482977 0.5771572640947 0.438747271182816 0.0394474649432583 0 0 0 110 0 
6.35473744484129 4.57549767066054 0.253015712820275 -0.0484208517195701 0.358499223553513 0.917671904273425 0 0 0 111 0 
6.27250809079296 5.24161969353622 3.470974907948 -0.0758306364023476 0.91387323117874 -0.00967503068400177 0 0 0 123 0 
7.40474976282647 4.59971264827303 0.870248581171496 0.968249920942156 0.366570882757676 -0.876583806276168 0 0 0 125 0 
5.29999653692746 5.04268298157079 0.278613079878067 0.599998845642485 0.847560993856931 -0.740462306707311 0 0 0 44 0 
5.47023708550502 6.63256446324074 1.0704818659216 0.990079028501673 0.0441881544135785 -0.143172711359467 0 0 0 155 0 
5.59651268555274 6.62115654521013 3.16788508346424 0.0321708951842454 -0.959614484929957 -0.777371638845253 0 0 0 218 1 
7.2136452395843 6.54516606593955 2.85314617505514 0.2378817465281 -0.984944644686816 -0.882284608314952 0 0 0 219 1 
5.33872542639324 4.43688388216856 3.04354790982946 -0.720424857868921 -0.687705372610479 -0.818817363390179 0 0 0 220 1 
5.88980803145487 4.70912151165425 1.25443063070095 -0.53673065618171 0.736373837218083 0.251476876900317 0 0 0 76 0 
7.40923379942481 4.01702764097643 3.4931626210933 -0.696922066858396 0.505675880325475 0.331054207031099 0 0 0 107 0 
4.95931908423366 4.24376349843787 0.953416525582369 0.819773028077885 0.581254499479289 -0.182194491472544 0 0 0 27 0 
4.1139452275653 5.7779773047564 0.0363904761174842 0.204648409188433 -0.574007565081202 -0.487869841294172 0 0 0 160 0 
4.12463902790992 6.26168795438395 2.34286727795314 0.874879675969974 0.920562651461317 -0.0523775740156186 0 0 0 46 0 
6.80768372695707 4.08475843078906 3.30509048106063 -0.897438757680975 0.528252810263018 -0.731636506313123 0 0 0 91 1 
7.89012206394852 4.09972628022248 3.60640973067655 0.463374021316174 0.866575426740828 -0.964530089774484 0 0 0 103 1 
6.65778489275299 4.82035857288308 3.88028970863325 -0.61407170241567 0.106786190961028 -0.539903430455583 0 0 0 212 1 
7.81093435079586 7.5924119289322 3.35159139336231 -0.89635521640138 -0.969196023689265 -0.716136202212565 0 0 0 214 1 
7.89768804143142 5.48729388292869 3.52710585451001 0.465896013810472 0.995764627642896 -0.990964715163329 0 0 0 107 1 
3.11593083266542 1.71447547349714 6.68465613207795 0.538643610888474 0.738158491165712 0.728218710692651 0 0 0 2 1 
3.60993862791332 1.58220253511129 6.40527183513002 0.369979542637774 0.360734178370429 0.635090611710006 0 0 0 3 1 
0.442829438669313 3.31411736719266 5.1867491157809 -0.352390187110229 0.604705789064218 0.228916371926966 0 0 0 6 1 
2.17006625784222 3.96445413308645 7.05571161426388 -0.443311247385928 0.821484711028816 0.851903871421295 0 0 0 8 1 
2.27476082027327 0.0342861746226257 4.68742670875543 0.59158694009109 -0.821904608459125 0.0624755695851447 0 0 0 9 1 
2.42999021295779 1.02361254536131 6.15641995448954 0.643330070985931 -0.825462484879564 0.552139984829846 0 0 0 13 1 
2.11300877345916 2.06913115972629 4.40028784906611 0.871002924486385 0.523043719908763 -0.366570716977962 0 0 0 17 1 
1.81166951753981 0.65955223101225 5.49259788583541 -0.229443494153395 0.0531840770040832 -0.00246737138819697 0 0 0 19 1 
1.63155365243936 2.34732518393953 5.59822989090557 0.0438512174797863 0.282441727979842 0.0327432969685226 0 0 0 22 1 
1.04090821463245 0.491219966513935 7.61208675852253 0.180302738210817 -0.669593344495355 0.704028919507509 0 0 0 25 1 
3.50939651747588 3.23565171342805 7.5635600440149 0.336465505825294 0.245217237809349 0.687853348004968 0 0 0 27 1 
0.664942386145059 1.52725001094089 6.54400598662706 -0.278352537951647 -0.65758332968637 0.348001995542353 0 0 0 30 1 
0.192939148140348 3.82850178726545 6.96119247447539 0.897646382713449 0.109500595755149 0.487064158158462 0 0 0 31 1 
3.11408754380561 1.60859591629324 4.16040770474992 -0.128637485398131 -0.630468027902254 -0.44653076508336 0 0 0 32 1 
2.71456333779582 0.828327109137852 7.15099245354775 0.738187779265272 0.109442369712617 -0.783002515484083 0 0 0 33 1 
2.14388821160386 0.0571643630104386 4.45296997432105 0.214629403867955 0.185721454336813 -0.682343341892985 0 0 0 34 1 
1.70275171359255 0.595607914169798 7.92964233892036 -0.265749428802484 0.365202638056599 0.476547446306785 0 0 0 35 1 
3.12138465160968 0.631180261442482 7.37146749928067 0.873794883869893 0.710393420480827 0.29048916642689 0 0 0 37 1 
2.95652058370161 2.24088980507582 4.0318268666232 0.152173527900536 0.246963268358606 -0.822724377792266 0 0 0 39 1 
3.75668513549281 3.61802004983289 7.09196829267371 0.0855617118309377 0.70600668327763 -0.802677235775428 0 0 0 40 1 
2.09670602557517 0.248639011332637 6.83291974353496 0.532235341858391 0.916213003777546 -0.889026752155014 0 0 0 41 1 
3.15796079279181 1.5165557674984 7.09125155587616 0.219320264263938 -0.3278147441672 -0.802916148041278 0 0 0 43 1 
3.16671009608401 2.71479823148336 4.93212388332594 0.888903365361338 -0.261733922838879 -0.522625372224689 0 0 0 45 1 
1.0004861903751 2.60022222929829 6.1777665664403 0.166828730125033 0.700074076432763 -0.774077811186568 0 0 0 49 1 
1.58717687314015 0.646103288813607 7.41424490029211 0.0290589577133848 0.382034429604536 -0.0285850332359621 0 0 0 50 1 
3.32715738352642 0.456708265445585 5.96134945806817 0.275719127842141 0.318902755148528 -0.846216847310612 0 0 0 51 1 
2.34224744231082 2.30195713215662 7.17536161910476 -0.385917519229728 0.933985710718873 -0.44154612696508 0 0 0 52 1 
1.2584990531362 1.39540631748069 7.04023105985203 0.5861663510454 -0.0348645608397693 -0.153256313382659 0 0 0 53 1 
0.892294782705954 1.9770996309578 5.08906105712903 -0.202568405764682 0.159033210319265 -0.803646314290325 0 0 0 54 1 
1.19061416810486 0.0276725893518567 6.83020344838726 -0.436461943965048 0.509224196450619 -0.223265517204247 0 0 0 55 1 
0.981518178039645 2.41244215562877 6.36997318559892 -0.839493940653452 0.304147385209589 -0.710008938133694 0 0 0 56 1 
0.909363206057354 3.31426960036833 6.38365837645966 0.136454402019118 0.271423200122777 -0.372113874513447 0 0 0 57 1 
2.74785992358214 1.30295310913561 6.27454731706893 0.749286641194047 -0.732348963621464 -0.741817560977022 0 0 0 61 1 
3.9282358929187 3.38484423045785 7.99473145979018 0.809411964306234 -0.0383852565140511 -0.168422846736607 0 0 0 62 1 
1.05621283457008 2.53132856416688 5.13325546887733 -0.814595721809974 -0.322890478611041 -0.788914843707555 0 0 0 64 1 
1.50484405960369 3.4947196125866 7.38624926918754 -0.998385313465438 0.331573204195532 0.628749756395848 0 0 0 89 1 
1.77545429739629 2.84309977188475 4.11542935681581 -0.908181900867904 -0.218966742705082 -0.794856881061398 0 0 0 109 1 
2.71071965775599 0.191099517114038 7.87302741871648 -0.596426780748005 0.230366505704679 0.124342472905492 0 0 0 113 1 
1.28842026358252 1.78455156881003 6.95660069633144 0.596140087860839 -0.905149477063324 0.818866898777147 0 0 0 129 1 
2.70604823398618 0.566121535545975 5.32202051309769 -0.93131725533794 -0.311292821484675 -0.059326495634102 0 0 0 86 1 
3.38076136065731 2.17790502415541 7.5092363719676 -0.373079546447564 0.225968341385136 0.00307879065586536 0 0 0 117 1 
2.50845421994567 2.68415470726688 5.4489299832398 0.66948473998189 -0.938615097577706 0.316309994413266 0 0 0 133 1 
1.70512841518636 3.18396276916852 6.33296613198741 -0.598290528271215 -0.438679076943825 0.277655377329136 0 0 0 148 1 
0.638841716911618 3.26359466505306 5.87696240426317 -0.620386094362794 -0.412135111648979 -0.541012531912276 0 0 0 179 1 
2.46611112054349 2.60028891955529 7.65777839741579 -0.0112962931521684 -0.966570360148236 0.052592799138595 0 0 0 183 1 
0.435877642428135 2.84103470727231 4.98275363146816 -0.354707452523955 0.447011569090769 0.82758454382272 0 0 0 38 0 
2.54887933881287 3.85344446105168 4.33868521260117 -0.317040220395708 0.451148153683894 0.279561737533723 0 0 0 60 0 
2.00852869184091 0.370714578006056 4.4290158296546 -0.830490436053031 -0.376428473997981 0.3096719432182 0 0 0 117 0 
2.40259960913028 2.40791851829216 4.8860119031335 -0.69913346362324 -0.0306938272359479 0.462003967711166 0 0 0 121 0 
3.56289275272354 2.91390206769542 4.76316831386884 0.0209642509078471 -0.862032644101526 0.754389437956281 0 0 0 168 0 
3.95544050469081 0.876614041696641 4.82246200930782 -0.848186498436396 -0.207795319434453 0.107487336435941 0 0 0 71 1 
3.93104589510352 0.440679159400328 6.8001800059648 -0.856318034965493 0.313559719800109 0.4333933353216 0 0 0 83 1 
3.80553148452909 2.14093431097286 5.64199333089308 -0.231489505156971 -0.119688563009048 -0.952668889702308 0 0 0 121 1 
0.243520305802638 3.33019322975863 4.59929158292897 -0.752159898065787 -0.72326892341379 0.0330971943096579 0 0 0 135 1 
0.851286224422292 3.83416970890368 5.13714049770563 0.783762074807431 -0.888610097032105 0.212380165901878 0 0 0 138 1 
0.913912643699648 3.80525919771132 6.79164685861962 -0.195362452100117 -0.23158026742956 0.430548952873206 0 0 0 146 1 
0.442282924122547 3.96641833211007 4.06710683142218 0.647427641374182 -0.511193889296642 -0.810964389525941 0 0 0 166 1 
0.947844678085709 3.38495989390521 7.56699373248854 -0.850718440638097 -0.705013368698264 -0.64433542250382 0 0 0 168 1 
3.9293099416159 3.28144530385401 7.04670881557258 0.143103313871968 -0.739518232048662 -0.151097061475806 0 0 0 184 1 
1.8478838128107 2.16159264630329 4.37578746715671 0.449294604270235 0.220530882101095 0.95859582238557 0 0 0 21 0 
2.79402486408049 2.58118381006976 4.41282467225369 -0.235325045306502 0.360394603356587 0.970941557417895 0 0 0 24 0 
0.855957005591779 0.0249353352722795 4.50657939346817 -0.214680998136074 -0.158354888242573 0.668859797822724 0 0 0 34 0 
2.69672241399014 3.80074199139911 4.03765240084229 -0.267759195336621 0.10024733046637 0.17921746694743 0 0 0 64 0 
3.01319734470745 2.53694942220038 4.0841872090195 -0.82893421843085 -0.654350192599873 0.194729069673166 0 0 0 242 0 
3.01103171299491 2.55495114806194 4.5454253086656 0.50367723766497 -0.981682950646021 0.681808436221865 0 0 0 166 0 
3.53011119320692 2.87584032461866 4.08412547133217 -0.323296268931026 -0.87471989179378 0.861375157110723 0 0 0 213 0 
1.89932489497176 3.82157893219521 4.46693668264204 -0.86689170167608 -0.892807022601597 0.655645560880679 0 0 0 233 0 
7.84234983565283 2.41674733826928 4.00280107828464 -0.885883388115722 0.972249112756428 -0.165732973905118 0 0 0 66 1 
6.89181228699945 1.91279945541674 5.6620815981663 -0.869395904333518 0.804266485138914 0.387360532722101 0 0 0 67 1 
4.94331282669895 3.82197260381712 6.85655024689157 -0.18556239110035 0.440657534605706 0.785516748963857 0 0 0 74 1 
5.71780987498129 0.566754722034933 5.8490871902966 -0.927396708339569 -0.644415092655022 0.449695730098866 0 0 0 76 1 
4.32897986338536 2.74520256591765 6.97408591536193 -0.0570067122048807 -0.251599144694115 0.824695305120643 0 0 0 77 1 
7.57088554013735 1.50242579613527 4.35235333550222 -0.976371486620882 -0.66585806795491 -0.0492155548325938 0 0 0 78 1 
7.04978675400218 2.36522810437602 6.23452310673929 0.516595584667394 0.621742701458672 0.244841035579762 0 0 0 82 1 
4.49138215704594 2.39411409372313 6.87173465246091 -0.669539280984688 0.298038031241042 0.457244884153636 0 0 0 87 1 
7.73488568539333 0.534548626674317 7.68135497449971 0.0782952284644429 -0.321817124441894 -0.939548341833431 0 0 0 88 1 
7.27157698432565 1.20517365545018 7.83640603096093 -0.0761410052247832 -0.431608781516608 -0.887864656346357 0 0 0 92 1 
7.39274505382181 3.11136500411741 4.24692732826842 -0.0357516487260645 -0.129544998627531 -0.417690890577195 0 0 0 96 1 
6.05338952647017 1.05271738993116 5.41117811571636 0.517796508823392 0.184239129977053 -0.362940628094547 0 0 0 97 1 
4.95318679887631 1.56327478836687 5.0484195178013 -0.182271067041229 0.354424929455622 -0.483860160732901 0 0 0 98 1 
6.74164238305848 0.879204816111349 7.6484364959225 -0.919452538980506 0.459734938703783 -0.617187834692501 0 0 0 99 1 
7.00692122456285 2.08108661738037 7.9206188024501 -0.497692925145716 0.527028872460124 -0.526460399183299 0 0 0 100 1 
7.28432827203155 2.67598568939664 7.76168932854409 0.928109424010517 0.39199522979888 -0.579436890485302 0 0 0 101 1 
6.78478464284422 0.672879352748277 6.92698609873847 0.42826154761474 -0.275706882417241 -0.857671300420511 0 0 0 102 1 
5.01220517219954 2.77138929410569 7.5513898348757 -0.829264942600152 0.423796431368565 -0.649536721708101 0 0 0 104 1 
6.56695756539983 3.93050147530227 5.59409211492254 -0.644347478200056 0.476833825100756 -0.301969295025819 0 0 0 108 1 
4.13732102212365 1.78764918701039 7.63830262223946 -0.454226325958785 -0.570783604329872 -0.620565792586845 0 0 0 110 1 
5.58571921674537 1.53202290947421 7.46454842298431 -0.304760261084876 -0.655992363508597 -0.67848385900523 0 0 0 111 1 
7.70067684250889 2.37653703401452 7.50927385567466 -0.933107719163703 0.625512344671506 0.00309128522488589 0 0 0 114 1 
7.17149759073608 0.268993548653107 7.16143865471664 0.22383253024536 -0.0770021504489643 -0.446187115094453 0 0 0 115 1 
4.86842836081854 0.942803582092725 7.82690676542582 -0.877190546393822 0.147601194030908 0.108968921808608 0 0 0 116 1 
6.59235857771582 2.09526375573063 7.35420707492804 0.364119525905272 0.19842125191021 -0.381930975023987 0 0 0 118 1 
4.23465520351093 2.65996497002422 5.20318482725997 -0.755114932163022 0.386654990008074 -0.76560505758001 0 0 0 119 1 
7.38140205742336 0.164504083072204 4.76371052183517 -0.372865980858879 -0.445165305642599 -0.912096492721608 0 0 0 120 1 
4.92371486649785 3.01968310079901 5.73874459674607 -0.192095044500718 0.173227700266338 -0.587085134417976 0 0 0 122 1 
7.18927132750151 2.26275039338174 6.25238691776642 0.229757109167171 -0.0790832022060853 -0.415871027411194 0 0 0 123 1 
7.20659479995287 3.13922004312536 5.53349410606608 -0.431135066682377 0.213073347708453 -0.655501964644639 0 0 0 124 1 
6.02599891736738 3.02904929617547 6.9232166567394 0.508666305789126 -0.156983567941511 -0.525594447753532 0 0 0 125 1 
5.18000362875895 0.918533972612439 6.62011810359254 -0.106665457080351 -0.860488675795854 -0.293293965469153 0 0 0 126 1 
5.80874990584392 1.90954966622136 5.78753803547899 0.769583301947973 0.469849888740455 -0.237487321507003 0 0 0 36 1 
6.35522045900215 2.50332694445932 6.51132331140608 0.951740153000717 0.00110898148643934 0.0037744371353603 0 0 0 44 1 
5.7359833718176 2.32012021566923 5.86823645774415 -0.588005542727468 -0.726626594776923 -0.210587847418617 0 0 0 228 1 
5.61687680977323 3.0203905675609 5.91871624790629 0.705625603257743 0.840130189186966 0.806238749302097 0 0 0 52 0 
7.62422588705098 1.04471493072802 5.7428525038946 0.708075295683661 0.514904976909339 0.747617501298201 0 0 0 114 0 
6.73231944697529 1.09298409132401 5.42914611152176 -0.922560184341571 0.530994697108004 0.643048703840587 0 0 0 115 0 
4.73250575346275 2.72998362402253 5.96280394178852 -0.922498082179084 0.743327874674175 0.82093464726284 0 0 0 116 0 
6.46878194076503 2.70343526041816 6.04276178919856 -0.0104060197449899 -0.598854913193946 0.847587263066189 0 0 0 243 0 
4.32630130025799 0.597188223244016 5.66034228388426 0.275433766752664 0.365729407748005 0.0534474279614185 0 0 0 20 1 
5.23563027159803 3.20791030558158 5.49481409929001 -0.421456576133989 -0.764029898139473 0.331604699763336 0 0 0 199 1 
5.65106807782385 2.7513205518856 5.88294277410138 -0.616310640725383 -0.9162264827048 0.127647591367128 0 0 0 216 1 
7.69109089490279 2.96302201557608 6.87662593257421 -0.936303035032403 -0.845659328141308 0.125541977524737 0 0 0 230 1 
4.97041488935283 0.407746521410308 4.78406457200704 0.823471629784276 0.969248840470103 0.428021524002347 0 0 0 59 0 
4.72229430837684 2.9776592353293 5.08748565136897 -0.592568563874385 0.825886411776433 0.862495217122989 0 0 0 99 0 
6.85194483130289 0.326970403357589 4.86852992387647 0.783981610434296 0.60899013445253 0.789509974625491 0 0 0 101 0 
5.78707400205372 1.69752395945409 4.98983150878232 0.0956913340179071 0.0658413198180312 0.829943836260773 0 0 0 102 0 
6.39356748938928 0.386737248751945 5.06499975517408 -0.702144170203572 -0.371087583749352 0.854999918391361 0 0 0 104 0 
6.23216995227063 3.34649127913638 4.8323548822544 -0.42261001590979 -0.051169573621205 0.777451627418134 0 0 0 112 0 
4.67274860951255 3.61146463501323 4.54863119328604 -0.942417130162484 0.370488211671076 0.349543731095347 0 0 0 124 0 
4.4780332089525 2.26825813574982 7.71269936882739 0.9926777363175 0.589419378583272 0.737566456275796 0 0 0 18 1 
4.01279225078754 1.35743814615365 7.83653777312225 0.170930750262514 -0.0475206179487826 0.778845924374082 0 0 0 24 1 
4.43946914544437 1.32510086051753 5.92885690816001 0.646489715148125 -0.391633046494156 -0.857047697279995 0 0 0 59 1 
4.37606250796564 3.47025391094778 4.51257940184397 0.62535416932188 0.990084636982594 0.337526467281325 0 0 0 51 0 
4.72274497497862 0.240904384367343 4.57763360598335 0.740914991659539 0.580301461455781 0.359211201994449 0 0 0 55 0 
4.22074841453704 3.80152854487852 7.05330477254558 0.906916138179013 -0.232823818373825 0.184434924181858 0 0 0 162 1 
7.97770307832485 3.33473198294498 7.84609931083674 0.492567692774949 -0.721756005685005 0.782033103612246 0 0 0 215 1 
5.30773902734971 3.82631511188168 7.17322339845277 0.269246342449904 -0.557894962706107 -0.442258867182408 0 0 0 245 1 
6.63385584261166 3.28773700124742 6.33334481821719 -0.955381385796113 -0.737420999584192 -0.388885060594268 0 0 0 247 1 
5.67871992079995 3.80189174799958 7.01738832074705 -0.940426693066684 -0.899369417333474 -0.494203893084315 0 0 0 252 1 
6.77440309187732 3.59436233958824 5.23673303766011 -0.575198969374227 -0.96854588680392 0.912244345886703 0 0 0 236 0 
5.14165509760709 3.02828882890533 4.12541687507869 -0.119448300797635 0.176096276301778 0.875138958359563 0 0 0 90 0 
4.96658394353036 3.01715877122636 4.68417671693723 -0.177805352156547 -0.827613742924547 0.728058905645744 0 0 0 230 0 
7.95290714265539 3.45525567220586 4.00332672954662 -0.182364285781536 -0.681581442598047 0.834442243182208 0 0 0 216 0 
6.06666881534565 3.87763558219582 4.06084541688833 0.522222938448551 -0.207454805934726 0.186948472296111 0 0 0 241 0 
3.35392069838116 5.74525768239513 6.51090923885682 -0.0486931005396138 0.415085894131709 0.670303079618942 0 0 0 132 1 
0.705483646679547 4.97894987217381 5.51573928060571 0.735161215559849 -0.173683375942065 0.338579760201903 0 0 0 134 1 
1.95307229984458 4.56454944134079 6.22262644351043 0.81769076661486 -0.645150186219735 0.574208814503476 0 0 0 137 1 
1.5812412528927 5.17150754831509 7.00091445151828 0.360413750964233 -0.776164150561638 0.833638150506091 0 0 0 141 1 
1.93790183761125 6.31825974692661 5.8624631910642 0.145967279203749 -0.727246751024465 0.4541543970214 0 0 0 142 1 
0.130015016921237 5.12967151991914 4.31991926079664 0.543338338973746 -0.123442826693621 -0.393360246401119 0 0 0 150 1 
2.35009511397548 7.24739211129078 4.80062028135236 -0.0499682953415065 0.582464037096928 -0.233126572882548 0 0 0 151 1 
3.02486571698026 5.48576836979231 7.90681803719685 -0.158378094339912 -0.00474387673589671 0.802272679065619 0 0 0 152 1 
3.0417059398589 7.73714362826805 4.10829046331336 0.847235313286301 0.412381209422684 -0.463903178895547 0 0 0 153 1 
0.348037826009035 7.08520175393006 6.30583775265096 0.616012608669678 -0.80493274868998 0.268612584216987 0 0 0 154 1 
0.864790359339899 6.62361634012827 6.45127519817463 -0.878403213553367 -0.958794553290575 0.317091732724875 0 0 0 156 1 
1.09283831089662 6.19615689171408 5.21781683816895 0.530946103632208 -0.767947702761972 -0.0940610539436829 0 0 0 157 1 
1.45060308930119 6.49777859194056 7.49037665485746 -0.0164656368996022 -0.667407136019815 0.663458884952487 0 0 0 158 1 
2.8566638618016 5.76254832138452 7.8632692542759 0.118887953933866 -0.912483892871826 -0.878910248574702 0 0 0 159 1 
2.81763684270225 6.53867083842057 4.2324040685279 0.772545614234082 0.679556946140191 -0.755865310490699 0 0 0 161 1 
0.413657491397474 4.66705762492144 4.74973264862624 -0.695447502867509 0.0556858749738145 -0.58342245045792 0 0 0 163 1 
1.61721224483042 7.09147610818431 4.63736844826385 0.705737414943474 0.530492036061438 -0.62087718391205 0 0 0 165 1 
3.85717173546078 7.66956010684109 5.98160261449319 0.452390578486927 -0.943479964386302 -0.172799128502271 0 0 0 167 1 
0.196443222939042 7.05160023911359 7.45653378462594 -0.101185592353653 -0.816133253628804 0.318844594875313 0 0 0 169 1 
1.68742002607692 6.40882757189833 5.47791557085828 0.0624733420256394 -0.0303908093672229 -0.340694809713907 0 0 0 170 1 
0.0945699716767689 5.44433134529496 5.14300999688668 0.86485665722559 -0.351889551568347 -0.452330001037772 0 0 0 171 1 
2.21006088780851 7.37100464760482 6.96987846673299 -0.429979704063829 0.290334882534941 0.156626155577663 0 0 0 172 1 
1.17708322868746 7.25420476850836 7.1094555596921 0.225694409562488 -0.41526507716388 0.2031518532307 0 0 0 173 1 
0.493908707064421 5.71461834212159 7.86848012148243 -0.668697097645193 -0.595127219292803 0.456160040494145 0 0 0 175 1 
0.787182484157125 6.08371359351636 6.03669111329719 0.429060828052375 0.527904531172121 -0.821102962234271 0 0 0 177 1 
1.20640086595532 5.11738285609559 6.08536813425616 0.902133621985105 0.205794285365195 -0.471543955247947 0 0 0 178 1 
1.17995813828285 7.93548379701058 5.81082885807232 0.22665271276095 0.811827932336859 -0.896390380642561 0 0 0 181 1 
0.815699874710398 7.11669126926288 7.88678204024184 0.771899958236799 0.538897089754294 -0.204405986586054 0 0 0 182 1 
2.10097315316407 7.46730177436327 6.94133526542654 0.533657717721357 0.322433924787755 -0.519554911524486 0 0 0 185 1 
1.62235820300227 5.66211856474465 7.87774025740772 0.0407860676674237 -0.279293811751784 -0.207419914197428 0 0 0 186 1 
3.9496248157622 6.64654432806081 5.57981067104962 0.483208271920732 0.0488481093536022 -0.640063109650128 0 0 0 187 1 
2.68708849269393 6.36361572957168 4.61829942141101 0.729029497564644 -0.378794756809439 -0.960566859529662 0 0 0 189 1 
2.41047846445869 5.73692890198769 5.38257262642502 0.30349282148623 -0.921023699337437 -0.705809124524993 0 0 0 190 1 
1.93870944496561 7.27864273490511 7.95866556363654 -0.187096851678129 -0.0737857550316313 0.152888521212179 0 0 0 191 1 
3.1870682069683 7.83749189029759 6.14364759649121 -0.104310597677234 -0.22083603656747 -0.785450801169597 0 0 0 192 1 
2.96459292817923 5.66383688948059 4.56420395986128 -0.178469023940257 0.721278963160195 0.0214013199537599 0 0 0 16 1 
0.471186592469238 6.0283465185369 7.71668943167307 0.990395530823079 0.842782172845633 -0.261103522775641 0 0 0 63 1 
2.06120578619219 7.30884536836562 6.73809442454197 -0.812931404602604 0.269615122788538 0.41269814151399 0 0 0 217 1 
2.48669853383738 6.42663040599649 7.55525131286075 -0.671100488720873 -0.357789864667836 0.685083770953582 0 0 0 221 1 
0.316134582134299 7.09478473687625 5.14902179268215 -0.394621805955234 0.531594912292084 0.54967393089405 0 0 0 182 0 
1.76202746438091 6.9671890695015 5.61715965176805 -0.245990845206362 0.155729689833834 0.705719883922682 0 0 0 187 0 
2.02031217221939 7.03172022241287 5.21215408303597 0.173437390739797 -0.489426592529045 0.570718027678657 0 0 0 190 0 
2.48241695633949 5.36555768956464 7.5216479122763 0.327472318779829 0.955185896521546 0.673882637425435 0 0 0 26 1 
0.297679690275331 4.57646088424116 6.07595499305633 0.265893230091777 0.358820294747053 0.191984997685443 0 0 0 29 1 
0.637664949935115 5.13681688006776 4.59184390621355 -0.287445016688295 0.878938960022586 -0.636052031262151 0 0 0 42 1 
2.06909994643482 4.4165110119282 5.47114249131183 0.18969998214494 0.305503670642734 -0.342952502896057 0 0 0 46 1 
3.66232589866301 7.64923732423829 7.57247261710721 -0.279224700445664 0.716412441412764 0.690824205702404 0 0 0 213 1 
3.09838707219624 7.13381972142437 7.60400618622948 -0.467204309267922 0.544606573808124 0.368002062076493 0 0 0 229 1 
3.70432757137725 7.82026008466711 7.36460405906482 -0.26522414287425 0.106753361555703 -0.37846531364506 0 0 0 253 1 
2.98906688913349 5.92329034855396 7.28203389432508 -0.836977703622169 -0.525569883815347 -0.405988701891638 0 0 0 254 1 
3.98356690625924 4.48730389364139 5.45432003089361 0.161188968753081 -0.670898702119537 0.984773343631202 0 0 0 172 0 
1.56859856561385 6.11430243635154 4.60731095273172 0.356199521871283 0.538100812117182 0.369103650910572 0 0 0 177 0 
3.66975156266532 5.95098844663669 4.44819124693613 0.389917187555107 0.816996148878895 0.31606374897871 0 0 0 63 0 
0.489461117208215 4.30257452987516 7.79807144098567 0.663153705736072 0.600858176625054 0.0993571469952228 0 0 0 58 1 
2.95505963552689 4.13707754208927 5.49114166028591 0.818353211842297 0.879025847363089 0.663713886761971 0 0 0 53 0 
3.88422222851943 4.1994249793774 6.03529862745772 -0.538592590493524 0.233141659792466 0.17843287581924 0 0 0 94 1 
3.78083598955956 6.7678126596323 5.06972463330376 -0.573054670146812 0.755937553210766 -0.143425122232079 0 0 0 210 1 
3.99261499135272 6.99656419479973 5.76735354279254 -0.502461669549095 0.165521398266577 -0.244215485735821 0 0 0 234 1 
3.79846658346184 5.02084491357556 5.45046624106378 -0.900511138846054 -0.159718362141481 0.983488747021259 0 0 0 231 0 
0.357922995711262 6.56341177465887 4.29896536789843 0.285974331903754 0.354470591552958 0.932988455966145 0 0 0 149 0 
2.5009986205321 7.70065566411315 4.46618851022095 0.333666206844032 0.400218554704383 0.988729503406982 0 0 0 154 0 
3.75397653092162 4.96670341367969 4.11949956243697 0.751325510307208 -0.51109886210677 0.539833187478991 0 0 0 170 0 
0.92289528094607 6.43568111939651 4.56315753472598 -0.525701573017977 -0.688106293534495 0.687719178241995 0 0 0 175 0 
1.47494513778176 5.3077777040718 4.11682647842825 0.991648379260588 -0.397407431976068 0.20560882614275 0 0 0 186 0 
2.0609613849475 6.3682234473419 4.09194660059842 -0.479679538350832 -0.377258850886035 0.197315533532807 0 0 0 192 0 
2.43102294962863 5.19289920201532 4.00079629917734 -0.0229923501237885 0.564299734005107 0.500265433059114 0 0 0 47 0 
2.42751850533689 5.6533349745733 4.24204965824871 -0.690827164887705 0.0511116581910986 0.580683219416236 0 0 0 229 0 
3.35293193572809 5.44196307967013 4.60160406409491 0.284310645242697 0.980654359890041 0.700534688031636 0 0 0 43 0 
7.33158522526484 4.81148171627139 4.77334470420789 0.943861741754948 0.103827238757129 0.0911149014026305 0 0 0 193 1 
4.70411027089883 7.30031767603459 6.7575788344382 -0.265296576367058 0.600105892011531 0.752526278146067 0 0 0 198 1 
4.33992356645928 6.56024063373953 7.36630278504892 -0.0533588111802408 -0.97991978875349 0.955434261682972 0 0 0 201 1 
6.06108487961304 4.80243389175634 4.16177882538852 0.187028293204346 -0.565855369414552 -0.11274039153716 0 0 0 202 1 
4.80416237684018 6.32116007850955 4.73856247200606 -0.565279207719941 -0.0596133071634842 0.0795208240020191 0 0 0 203 1 
6.0424350342745 7.20167804431953 5.40066950182532 -0.152521655241834 -0.0994406518934892 0.300223167275106 0 0 0 207 1 
4.88287243339237 7.88664597299396 4.86582841405557 -0.872375855535876 -0.204451342335345 0.12194280468519 0 0 0 208 1 
5.16969669923563 6.32571697279747 5.19959514329603 -0.443434433588124 0.608572324265823 -0.100134952234657 0 0 0 211 1 
6.53858796966648 5.53860535522612 7.30209771250309 0.0128626565554935 -0.653798214924627 0.600699237501029 0 0 0 223 1 
6.64496457108011 4.72263532151708 4.48887500880247 -0.285011809639962 -0.925788226160974 -0.337041663732511 0 0 0 224 1 
6.72655268946605 6.59045378334278 7.13068003035767 0.742184229822017 0.696817927780926 -0.789773323214111 0 0 0 225 1 
4.0163651250959 4.33128833492124 7.48175975809567 -0.494544958301367 -0.0562372216929206 0.327253252698558 0 0 0 226 1 
7.13308279731169 5.61102434009856 4.24426149175885 -0.788972400896105 0.370341446699522 -0.751912836080382 0 0 0 227 1 
4.77362855129383 5.13015105898447 7.02533526862874 -0.575457149568722 -0.123282980338511 0.175111756209581 0 0 0 231 1 
6.70935317232992 6.22698603875047 4.74445088722951 -0.596882275890029 0.242328679583489 -0.585183037590162 0 0 0 232 1 
5.363264325457 6.94690202225497 7.04210516872068 0.287754775152333 0.148967340751655 0.180701722906892 0 0 0 233 1 
6.18201379975174 5.43379698341702 7.86749363114986 -0.105995400082753 -0.355401005527659 0.455831210383288 0 0 0 235 1 
6.38893637124414 5.30179809532934 5.0716851792923 -0.703687876251955 -0.399400634890219 -0.476104940235901 0 0 0 236 1 
5.1552407912068 7.55880240444356 4.07718911052732 -0.114919736264401 0.0196008014811857 -0.807603629824225 0 0 0 238 1 
5.13264131465686 5.77275824394698 5.69807852674688 -0.455786228447712 -0.575747252017672 -0.267307157751042 0 0 0 239 1 
6.73971312504401 5.60565573292305 5.46667638050007 -0.253428958318665 -0.964781422358983 -0.344441206499976 0 0 0 240 1 
5.68763536904339 4.02919985685542 6.02928659510641 0.395878456347798 -0.156933381048193 -0.490237801631198 0 0 0 241 1 
5.3947312470553 7.42684976523493 6.50838705183117 -0.0350895843149014 0.975616588411645 -0.33053764938961 0 0 0 242 1 
7.12440997895314 6.77160576660663 5.91732639166702 0.208136659651047 0.75720192220221 -0.860891202777661 0 0 0 243 1 
5.70867442339263 5.28316977176653 7.44509819613161 -0.930441858869123 0.261056590588842 -0.351633934622796 0 0 0 244 1 
7.17372150631457 6.50422415024339 7.04245495770132 0.557907168771524 0.334741383414463 -0.15251501409956 0 0 0 246 1 
7.86259686364959 4.50053599734453 5.5400064418808 -0.212467712116804 -0.333154667551822 -0.986664519373068 0 0 0 248 1 
4.67876730930646 7.30065782532262 5.79170578190457 0.0595891031021543 0.266885941774206 -0.56943140603181 0 0 0 249 1 
6.91322395136097 6.92367948301834 7.29160831054888 0.471074650453656 0.141226494339445 -0.0694638964837057 0 0 0 250 1 
7.4707451037568 5.0158792658362 5.55446489511438 0.323581701252265 -0.494706911387935 -0.648511701628541 0 0 0 251 1 
7.16639254058291 6.76031534328913 5.10506680703856 0.22213084686097 -0.246561552236957 -0.798311064320479 0 0 0 255 1 
5.0696780044334 7.94266033548016 7.61873143940735 -0.810107331855533 -0.18577988817328 0.0395771464691159 0 0 0 256 1 
6.30989143051914 6.27829791485004 7.44241589617521 -0.39670285649362 0.926099304950014 0.314138632058404 0 0 0 112 1 
7.04887790371415 5.40900192937122 5.53505239130708 -0.81704069876195 0.636333976457074 -0.654982536230975 0 0 0 127 1 
7.04567972349265 5.28331917333652 5.78624674694273 -0.484773425502449 0.594439724445508 -0.904584417685758 0 0 0 128 1 
6.01765861737741 5.15995758961683 7.14182019726518 0.839219539125804 -0.113347470127722 0.880606732421727 0 0 0 136 1 
5.56152195339462 5.74642230338032 4.66627265617889 0.687173984464872 -0.251192565539895 0.0554242187262972 0 0 0 140 1 
5.2757883344681 6.20246644323746 5.11986713586173 0.591929444822701 -0.765844518920848 0.206622378620576 0 0 0 144 1 
6.07148411907144 5.83508394970565 6.78679109258547 0.857161373023812 0.445027983235216 -0.904402969138178 0 0 0 164 1 
5.70773040686795 4.30455765431858 6.62168419097191 0.73591013562265 -0.0651474485604725 -0.626105269676032 0 0 0 180 1 
5.77706808790578 4.7304956189177 6.87430708048603 0.759022695968594 -0.5898347936941 -0.541897639837989 0 0 0 188 1 
5.04115554139097 5.16771519622635 5.67848364240597 -0.152948152869678 0.555905065408784 0.726161214135323 0 0 0 126 0 
7.38165915182051 5.4195948092213 5.734514165415 0.960553050606835 -0.0268017302595656 0.744838055138335 0 0 0 245 0 
7.99733104479498 5.64761439690081 5.73906794944962 0.832443681598328 0.0492047989669362 0.746355983149872 0 0 0 246 0 
4.31853537744867 7.43532917620255 5.61539227477616 -0.393821540850444 -0.688223607932482 0.705130758258719 0 0 0 250 0 
7.65275904896723 4.48361887392877 4.86318292347834 -0.615746983677588 0.327872957976258 0.121060974492782 0 0 0 79 1 
6.93078519988713 4.99981299930691 6.64867020902614 -0.856404933370957 0.499937666435636 0.38289006967538 0 0 0 95 1 
4.24827912483262 4.81740360792352 4.66620334701899 -0.417240291722461 0.77246786930784 -0.611265550993669 0 0 0 106 1 
5.12784987883384 4.30072335667557 6.10929643701513 0.875949959611281 -0.0664255477748089 0.869765479005043 0 0 0 179 0 
5.19008986184278 6.0762183009096 5.14144036156672 -0.769970046052405 0.525406100303201 0.880480120522239 0 0 0 228 0 
4.25184751061487 6.71001890374198 5.45572858062151 -0.749384163128378 -0.596660365419341 0.985242860207171 0 0 0 239 0 
6.00698288948685 5.0048060937393 4.95557290121924 -0.49767237017105 -0.498397968753567 0.48519096707308 0 0 0 252 0 
7.20369438761358 7.29301269097278 4.39259892582327 -0.432101870795473 -0.0689957696757402 0.297532975274422 0 0 0 256 0 
6.75890007260186 4.03181992264822 5.71917476573255 -0.247033309132712 0.177273307549405 0.406391588577518 0 0 0 80 1 
5.41585926399349 4.4107146668638 4.08724085208287 0.305286421331164 0.970238222287932 -0.470919715972376 0 0 0 85 1 
4.76563822038297 4.57566645725326 7.00092725275316 0.421879406794323 0.691888819084421 -0.499690915748947 0 0 0 60 1 
4.35367078543349 7.45841330338655 5.26849192249183 0.617890261811162 -0.0138622322044832 0.256163974163943 0 0 0 143 1 
4.43367755350889 6.19132062947924 7.66339512758647 0.644559184502963 0.897106876493082 -0.612201624137843 0 0 0 47 1 
4.16778647843771 6.94177601271177 4.48712239547351 0.22259549281257 -0.852741329096075 0.32904079849117 0 0 0 188 0 
7.02368882348658 6.28625816052122 4.1277369553278 0.507896274495528 0.262086053507073 0.875912318442599 0 0 0 214 0 
4.00621638357773 4.59303595015707 4.0814647989331 -0.831261205474091 -0.635654683280977 0.860488266311032 0 0 0 219 0 
6.08569112636037 5.7450625692314 4.24097105411949 -0.804769624546544 -0.918312476922866 0.91365701803983 0 0 0 224 0 
4.96692077745084 5.59065812016859 4.45208684990442 -0.844359740849721 0.0302193733895288 0.650695616634805 0 0 0 232 0 
6.6350911090999 4.66846870566683 4.09193569660955 0.3783637030333 -0.943843764777723 0.530645232203182 0 0 0 238 0 
6.40976605414995 7.40496080170259 4.18990019195848 0.63658868471665 -0.365013066099138 0.229966730652825 0 0 0 253 0 
