512
3.22948000195193 3.60167795006269 3.09573661405969 0.841185000243991 0.387709743757837 0.324467076757462 0 0 0 4 0 
1.922207313462 0.20490162318745 3.11652829133337 0.0527759141827502 -0.161887297101569 0.452066036416671 0 0 0 6 0 
1.88252470945314 1.72059931786833 1.72208365601182 -0.0771844113183578 0.0275749147335409 0.277760457001477 0 0 0 7 0 
0.650535031554889 3.47567052175147 0.24686976067147 0.393816878944361 0.121958815218934 -0.0316412799160662 0 0 0 11 0 
0.216484770140912 3.24399909089203 1.10212503650778 -0.410439403732386 0.0929998863615029 0.200265629563472 0 0 0 12 0 
1.62327669215219 2.81188824326097 1.2442265122815 0.265409586519023 0.663986030407621 -0.0319716859648126 0 0 0 25 0 
3.04890097452827 1.61431735139216 2.9033185116028 0.443612621816033 0.38928966892402 0.67541481395035 0 0 0 37 0 
0.287307000683469 3.81476712948375 2.76472743439292 -0.151586624914566 0.664345891185468 -0.0919090707008845 0 0 0 54 0 
0.640351644494273 3.42690580203131 0.484982777897656 0.517543955561784 0.615863225253914 -0.376877152762793 0 0 0 56 0 
1.86552902828752 1.52578370409974 1.46335742234163 0.0456911285359398 -0.246777036987533 -0.254580322207296 0 0 0 62 0 
1.47158544958902 0.653614873178938 1.28003193538928 -0.128551818801372 0.644201859147367 0.47250399192366 0 0 0 163 0 
0.847975178914318 0.0420016695151881 2.26077209851419 0.54349689736429 0.567750208689399 0.720096512314274 0 0 0 180 0 
2.70501512278029 2.91084454842723 2.99849120339955 0.275626890347536 0.301355568553404 0.937311400424944 0 0 0 1 1 
1.7358792096428 3.80715661014871 2.22985086778085 -0.34551509879465 0.163394576268589 0.216231358472606 0 0 0 73 0 
0.773395879829869 0.782956169223518 2.77681141533319 -0.215825515021266 -0.46463047884706 0.909601426916648 0 0 0 131 1 
1.51832735262858 1.81154934144477 0.0346132703582931 0.877290919078573 -0.336056332319404 0.191826658794787 0 0 0 210 0 
0.440563816627034 1.98811847028853 0.654767120695108 -0.507429522921621 0.311014808786066 0.769345890086888 0 0 0 81 1 
0.412297416079018 1.92299179352443 2.18473530834278 0.739037177009877 0.552873974190554 0.960591913542848 0 0 0 90 1 
0.802463323426995 2.72072167093132 1.58906459008039 0.162807915428374 -0.222409791133585 -0.113866926239951 0 0 0 161 0 
3.30385380713251 0.512085362279308 1.55282304647151 0.850481725891564 -0.623489329715086 0.631602880808938 0 0 0 184 0 
3.44242040629638 1.27640555701838 2.43223604697585 0.117802550787048 0.972050694627297 -0.258470494128019 0 0 0 139 1 
1.79050094485612 0.41626972907401 0.459410055010669 0.786312618107015 0.489533716134251 0.744926256876334 0 0 0 93 1 
1.93535064985333 3.61009964872735 0.382285366776551 -0.320581168768334 0.763762456090918 0.860285670847069 0 0 0 105 1 
0.088732129659151 0.816135138769968 1.14313789826504 -0.301408483792606 -0.460483107653754 -0.54460776271687 0 0 0 147 1 
3.2586758409791 3.30381466423449 3.29282675190894 -0.155165519877612 0.725476833029312 0.224103343988618 0 0 0 89 0 
2.25494926827841 0.0982463608062859 0.772619998613234 0.844368658534802 -0.925219204899214 0.909077499826654 0 0 0 237 1 
2.47090011681495 1.54374422321803 1.92775387933312 -0.128637485398131 0.630468027902254 -0.44653076508336 0 0 0 32 1 
3.21703523094364 0.985771634694503 1.04125326485612 0.214629403867955 0.185721454336813 -0.682343341892985 0 0 0 34 1 
3.71738822320429 3.47570614686884 0.0817950223381296 0.152173527900536 0.246963268358606 0.822724377792266 0 0 0 39 1 
2.76545520694323 1.74826605835934 0.141144951508819 0.908181900867904 -0.218966742705082 -0.794856881061398 0 0 0 109 1 
3.67942113099346 1.41044888562686 0.0122848837924749 0.647427641374182 -0.511193889296642 -0.810964389525941 0 0 0 166 1 
0.895135923163699 1.98756327308428 0.954987759382917 -0.825608009604538 0.185945409135535 0.806873469922865 0 0 0 84 1 
1.73660113704863 0.998357019116164 1.05053890712144 -0.720424857868921 -0.687705372610479 0.818817363390179 0 0 0 220 1 
0.41753742056863 2.15469384569163 0.739620723903754 -0.260307822428921 -0.543163269288547 0.779952590487969 0 0 0 155 1 
0.120547246117455 2.77226568255412 1.0708294856774 0.202568405764682 0.159033210319265 -0.803646314290325 0 0 0 54 1 
3.01676577447979 0.916876171111671 1.18868125033956 0.814595721809974 -0.322890478611041 -0.788914843707555 0 0 0 64 1 
2.64808395874423 1.54249149592762 0.878648882381539 -0.231489505156971 -0.119688563009048 -0.952668889702308 0 0 0 121 1 
3.92794257188984 1.1318104053005 1.85352700380005 0.30349282148623 -0.921023699337437 -0.705809124524993 0 0 0 190 1 
1.69420241451586 3.50441624145463 1.92192871241648 -0.850724698185518 0.12555203018183 -0.0722589109479397 0 0 0 108 0 
1.40082051717607 2.15036689405906 2.46848037901685 -0.137397435352992 -0.668704138242617 0.246060047377106 0 0 0 143 0 
2.33890780559645 1.53217963172526 0.307172860005042 -0.145136524300444 -0.870977546034343 0.85089660750063 0 0 0 176 1 
2.93398873313813 2.45937034397024 0.545411162596114 -0.695751408357734 -0.130078707003719 -0.369323604675486 0 0 0 128 0 
2.77110572625227 1.71918795351293 1.34540501789933 -0.716111784218466 0.777398494189117 0.730675627237417 0 0 0 196 1 
2.93533502895084 2.70798314429178 0.0273366968417639 0.929416878618855 -0.724002106963527 0.56591708710522 0 0 0 205 1 
0.980858608166123 3.06704398977257 3.13021278531539 -0.564892673979235 -0.804119501278428 0.0787765981644244 0 0 0 234 0 
2.87049698998436 3.30479492087825 2.69116047811279 -0.703687876251955 -0.399400634890219 -0.476104940235901 0 0 0 236 1 
3.21595152522761 3.93317908167671 2.81992849493045 0.839493940653452 0.304147385209589 -0.710008938133694 0 0 0 56 1 
2.46308875490235 1.20291910680817 3.17189974470179 0.620386094362794 -0.412135111648979 -0.541012531912276 0 0 0 179 1 
3.73934151999892 1.2359891281088 2.98428944947537 -0.595082310000135 0.9669986410136 0.185536181184421 0 0 0 220 0 
3.96323964399426 3.8858216021307 2.8033189246562 -0.192095044500718 0.173227700266338 -0.587085134417976 0 0 0 122 1 
3.32915826878896 2.74643181048588 0.229089617700517 -0.89635521640138 -0.969196023689265 0.716136202212565 0 0 0 214 1 
3.45110363147093 1.20012885702539 3.46871801140239 0.118887953933866 -0.912483892871826 -0.878910248574702 0 0 0 159 1 
4.18848383470144 2.76022583988936 1.89025560486688 -0.03893952066232 0.782528229986169 0.42378195060836 0 0 0 93 0 
6.37474727897197 0.571397665370302 3.49731566640007 -0.140656590128504 0.00892470817128777 0.749664458300009 0 0 0 100 0 
7.51603762364618 0.711336615932641 0.439566565111591 -0.247995297044227 -0.0985829230084199 -0.257554179361051 0 0 0 103 0 
4.92019726065841 0.903033587935532 1.3214032499741 -0.0724753424176992 -0.0746208015080584 -0.272324593753237 0 0 0 118 0 
7.52311393487382 3.95448503907282 3.76347221358519 0.127889241859227 0.681810629884102 0.0329340266981486 0 0 0 119 0 
5.21948536565041 1.89566621773823 2.82238544025412 -0.910064329293698 0.0494582772172791 0.0402981800317657 0 0 0 40 0 
6.87593273887558 1.81943320459956 3.40966818392927 -0.328008407640553 0.789929150574944 0.738708522991159 0 0 0 227 0 
4.90727967535602 3.82891440399503 0.461043522763476 -0.949090040580497 0.166114300499379 0.620130440345435 0 0 0 12 1 
7.43533625280418 2.49536438030919 2.59405066454076 0.491917031600523 0.749420547538649 0.386756333067595 0 0 0 16 0 
6.59849409519434 0.953107180067128 1.58843274294639 -0.862688238100708 0.306638397508391 -0.363945907131701 0 0 0 7 1 
7.81406135755792 0.614750681411648 1.13136943794739 -0.33574233030526 -0.110656164823544 -0.421078820256576 0 0 0 70 1 
6.1862826988946 3.36287855869101 0.71098186975852 -0.789214662638175 0.357859819836376 -0.473627266280185 0 0 0 4 1 
5.19090895895093 2.23813053253402 2.15475715033297 0.211363619868866 0.217266316566753 0.456844643791621 0 0 0 20 0 
6.87815907112692 1.16769637446519 0.878084386503731 0.547269883890865 -0.291537953191851 0.672260548312966 0 0 0 15 1 
6.65238756665586 1.87485354642144 0.262216583949857 -0.980951554168017 -0.32814330669732 -0.154722927006268 0 0 0 146 0 
4.49924859843756 0.254371958334957 2.34191363690314 -0.625093925195304 -0.65570350520813 0.105239204612892 0 0 0 215 0 
6.55374490265406 0.551582326473465 2.26860155848996 -0.868281887168243 -0.618552209190817 0.0960751948112444 0 0 0 151 0 
7.41369903822471 2.16553718474496 0.984491987698028 -0.885787620221911 0.0831921480931206 0.935561498462253 0 0 0 38 1 
6.97809343266365 2.09449495908805 3.10838963378503 0.684761679082956 -0.300688130113994 0.826048704223128 0 0 0 178 0 
7.21398681019149 2.46364001097976 2.15847287538244 -0.0357516487260645 -0.129544998627531 -0.417690890577195 0 0 0 96 1 
5.51707215312896 2.06132244514079 0.203228058227133 -0.372865980858879 0.445165305642599 -0.912096492721608 0 0 0 120 1 
6.94922036763718 0.964108360038884 0.87400965474729 0.806152545954648 -0.31698645499514 -0.0782487931565888 0 0 0 29 0 
6.39474334900997 0.207099761404126 0.098337066265807 0.611842918626247 0.463387470175516 0.574792133283226 0 0 0 14 1 
6.17072238247691 2.57519408770974 0.261990427271222 0.583840297809613 0.884399260963717 0.595248803408903 0 0 0 130 1 
7.02037500140474 0.0159976183823662 0.703763545805354 0.940046875175593 -0.185500297702204 0.775470443225669 0 0 0 21 1 
7.06650927309958 0.0793696896691977 1.33764586550494 0.820813659137447 -0.92757878879135 -0.0202942668118828 0 0 0 157 0 
7.09713492307868 1.84526287888366 0.190757256788743 0.949641865384835 -0.706842140139543 -0.288655342901407 0 0 0 173 0 
5.24422252436405 1.89403263101838 2.27622770671196 -0.656972184454494 -0.700745921122703 0.847028463338994 0 0 0 206 1 
7.61122692289071 1.40612861728897 2.31899702220249 0.888903365361338 -0.261733922838879 -0.522625372224689 0 0 0 45 1 
5.2199055228803 0.0936941907122061 2.80366669013991 -0.285011809639962 -0.925788226160974 -0.337041663732511 0 0 0 224 1 
6.99622634563477 1.97315704468358 3.59807686770272 0.187028293204346 -0.565855369414552 -0.11274039153716 0 0 0 202 1 
6.80025830306556 2.83476265958542 0.606683845015455 -0.212467712116804 -0.333154667551822 -0.986664519373068 0 0 0 248 1 
4.69325290510258 1.23785726416459 1.69365068086731 0.274156613137822 0.592232158020574 0.274206335108414 0 0 0 15 0 
5.87499359930977 1.61826006294124 1.52693435627901 0.671874199913721 -0.110217492132346 -0.246633205465123 0 0 0 57 0 
5.24376825640604 1.16093780324237 2.77980989947022 0.467971032050754 -0.167382774594704 -0.215023762566223 0 0 0 10 1 
4.52739185600836 2.14921333052779 0.354970507712677 -0.871576017998955 -0.918848333684027 -0.0181286865359154 0 0 0 201 0 
4.53915747920713 2.22860867029719 1.21035308773315 -0.120105315099108 -0.783923916212851 0.588794135966643 0 0 0 254 0 
5.75736716147397 1.82308412056034 0.718973110762022 0.0321708951842454 -0.959614484929957 0.777371638845253 0 0 0 218 1 
7.5969460277752 1.62044284250547 1.55827686651962 -0.2378817465281 -0.984944644686816 0.882284608314952 0 0 0 219 1 
7.49780076278739 1.79299009356515 3.28995886346705 0.874725095348423 -0.838376238304357 -0.0262551420666183 0 0 0 189 0 
4.70575302273713 2.05122204118823 1.73026522151511 0.275719127842141 0.318902755148528 -0.846216847310612 0 0 0 51 1 
4.04183146367017 3.33539943564497 2.62911871413679 -0.182271067041229 0.354424929455622 -0.483860160732901 0 0 0 98 1 
7.671917721185 0.63306437195325 1.64361842176004 0.646489715148125 0.391633046494156 -0.857047697279995 0 0 0 59 1 
6.91134638998188 2.54234470889652 2.31190638697167 -0.323581701252265 -0.494706911387935 -0.648511701628541 0 0 0 251 1 
5.49002649034641 3.56333528816851 1.12577616711033 0.873753311293301 0.382916911021063 0.578222020888791 0 0 0 50 0 
5.10607012236525 2.2309474433005 1.26663571467705 0.575758765295656 0.0913684304125628 -0.404170535665368 0 0 0 5 1 
5.40673208299378 2.87069657888738 0.489388793281329 0.863341510374222 -0.578662927639078 0.873673599160166 0 0 0 174 1 
6.87281837417301 3.16948143766796 2.47007494876302 -0.0783977032283739 -0.416314820291505 0.871259368595377 0 0 0 204 1 
5.13718727350746 2.90793947935039 2.40295873035338 0.204648409188433 -0.574007565081202 0.487869841294172 0 0 0 160 0 
4.72077549861877 2.49489080692408 2.1759259251247 0.152596937327346 -0.87563864913449 0.0844907406405877 0 0 0 156 0 
4.2545621141115 0.122517953337602 3.07667081566977 0.219320264263938 0.3278147441672 -0.802916148041278 0 0 0 43 1 
7.87363817228446 1.07453699553515 2.98361326533255 -0.0782952284644429 0.321817124441894 -0.939548341833431 0 0 0 88 1 
7.35762792941287 1.97391303981643 3.59647497524362 -0.517796508823392 0.184239129977053 -0.362940628094547 0 0 0 97 1 
7.07390761908209 0.705655059337929 2.63862959663592 -0.42826154761474 0.275706882417241 -0.857671300420511 0 0 0 102 1 
6.49429312955237 2.35879170897171 2.56545951218382 0.749286641194047 0.732348963621464 -0.741817560977022 0 0 0 61 1 
4.71995452944937 2.51144370033458 1.59073848906815 0.902494316181171 0.501430462541823 0.886342311133519 0 0 0 23 1 
4.17249406856689 0.784764976198789 0.905454621462949 0.459061758570861 -0.714404377975151 0.0506818276828687 0 0 0 137 0 
4.26319180676367 2.45612450998249 3.29048663065519 0.470398975845458 -0.505484436252189 0.848810828831899 0 0 0 185 0 
4.41885325780472 3.68488358745322 2.88135999169782 0.86485665722559 -0.351889551568347 -0.452330001037772 0 0 0 171 1 
4.74963309799802 3.71955955183739 1.84093320821716 -0.593795862750247 -0.972555056020326 0.292616651027146 0 0 0 195 0 
6.89087195820174 0.952870252132865 3.39708274922914 -0.0761410052247832 0.431608781516608 -0.887864656346357 0 0 0 92 1 
7.66702765078238 3.24453295161446 3.57809758695042 0.395878456347798 -0.156933381048193 -0.490237801631198 0 0 0 241 1 
6.40550223412217 1.37553895770094 3.23597987612734 0.738187779265272 0.109442369712617 -0.783002515484083 0 0 0 33 1 
5.47256833345068 0.781748621128139 3.74447034800019 -0.253428958318665 -0.964781422358983 -0.344441206499976 0 0 0 240 1 
4.07312951055808 1.66064168997208 3.85652590653622 -0.0533588111802408 -0.97991978875349 -0.955434261682972 0 0 0 201 1 
6.6127189150188 3.97882041151622 3.49115784259175 -0.73591013562265 -0.0651474485604725 -0.626105269676032 0 0 0 180 1 
0.14103518993888 7.06590962898765 3.8849275213131 -0.16987060125764 0.0707387036234557 0.423115940164138 0 0 0 138 0 
0.401155061902638 5.04781859071635 2.82266905565097 0.23764438273783 -0.681522676160456 0.540333631956372 0 0 0 150 0 
3.75197639048612 4.38509203859464 0.381605984905487 0.156497048810765 -0.13936349517567 0.360200748113186 0 0 0 167 0 
1.1228504833353 7.00475282534053 2.42370676932283 0.202856310416912 -0.311905896832434 -0.00953665383464652 0 0 0 169 0 
3.09738882883994 7.14782435586187 0.99444305777324 0.699673603604993 -0.419021955517266 0.561805382221655 0 0 0 183 0 
1.47562606096505 6.54466169934075 3.60611631690185 -0.128046742379369 -0.119417287582407 0.888264539612731 0 0 0 191 0 
2.40836197396768 6.92974399235409 0.857797989322122 0.61354524674596 -0.696282000955739 0.294724748665265 0 0 0 31 0 
1.05444716294085 6.54554617169204 1.37991489357731 -0.430694104632393 -0.369306728538495 -0.265010638302836 0 0 0 249 0 
1.65912202836061 7.02714832835655 1.30445291753906 -0.355109746454923 0.190893541044568 0.725556614692382 0 0 0 197 1 
1.04702179576451 6.19499625709152 1.0050742087209 0.0683777244705643 0.0868745321364404 0.813134276090112 0 0 0 149 1 
0.209714206306931 4.71791561648141 1.443836980542 0.463714275788366 -0.347760547939823 0.86797962256775 0 0 0 160 1 
2.28885590225034 4.37955997572325 0.807200254650511 0.848606987781292 -0.890055003034593 0.788400031831314 0 0 0 209 1 
0.321545190663838 4.76931118662285 0.336675549072033 0.72769314883298 -0.341336101672144 -0.645415556365996 0 0 0 222 1 
1.455752894377 7.95692216089452 0.613203688170764 0.244469111797126 0.932115270111815 -0.360849538978654 0 0 0 49 0 
0.198837154991367 6.05115184058931 0.29491238169978 0.712354644373921 0.443893980073664 -0.400635952287528 0 0 0 122 0 
0.00536237105545145 5.78252258251256 0.733532040627303 0.438170296381932 0.41031532281407 -0.595808494921587 0 0 0 28 1 
0.608477267765422 6.37046739931554 2.65824591605622 0.888559658470678 0.483808424914442 -0.230219260492972 0 0 0 75 1 
0.101068469377935 5.17076571696656 3.22709646117891 -0.799866441327758 -0.66615428537918 0.840887057647364 0 0 0 247 0 
1.3312798070145 5.80935999638487 3.85702349517513 -0.646090024123187 -0.836330000451892 0.919627936896891 0 0 0 127 0 
2.84670671178997 4.51245738645103 2.35311802879105 0.543338338973746 -0.123442826693621 -0.393360246401119 0 0 0 150 1 
0.799560133506359 6.46848831981931 1.41158374990279 0.287445016688295 -0.878938960022586 -0.636052031262151 0 0 0 42 1 
1.83364991087814 7.42164164699241 3.18472363322349 0.291706238859767 0.990205205874051 0.085590454152936 0 0 0 33 0 
1.76754406056945 6.45536580238966 2.61295306222114 -0.341556992428819 0.619420725298707 0.264119132777643 0 0 0 69 0 
1.24418088545944 6.43313580878569 2.39235509698557 -0.531977389317571 0.741641976098211 0.611544387123197 0 0 0 98 0 
0.857840741716173 7.86861068029056 1.59318085395132 -0.830269907285479 -0.82892366496368 -0.363352393256085 0 0 0 72 1 
3.06358002294007 4.94548699979052 1.83262039633664 0.695447502867509 0.0556858749738145 -0.58342245045792 0 0 0 163 1 
2.16207766622031 7.32025704553728 1.60987559205065 -0.417240291722461 -0.77246786930784 -0.611265550993669 0 0 0 106 1 
2.00678841831899 6.58520126629417 2.20944598109269 -0.311651447710126 0.885650158286772 0.713680747636587 0 0 0 113 0 
1.66928657395263 7.00443527200879 1.59054949278109 -0.978839178255921 -0.0619455909989007 -0.238681313402363 0 0 0 255 0 
2.26984657329733 5.76806563519094 2.32032840416203 -0.778769178337834 -0.591491795601133 0.852541050520253 0 0 0 200 1 
2.932486624419 7.27676375062303 1.93117630212583 0.429060828052375 -0.527904531172121 -0.821102962234271 0 0 0 177 1 
2.3132217020876 4.00537654130513 1.32887695485951 0.22665271276095 -0.811827932336859 -0.896390380642561 0 0 0 181 1 
2.66551521858213 6.73331170746025 2.21639359064322 -0.104310597677234 -0.22083603656747 -0.785450801169597 0 0 0 192 1 
1.83462984100027 6.1005926114621 2.30737751050746 0.166828730125033 0.700074076432763 -0.774077811186568 0 0 0 49 1 
2.02896546781315 5.63332114363648 2.55927765923144 -0.183879316523356 0.89166514295456 0.25740970740393 0 0 0 8 0 
1.32298349642696 4.73757406120598 2.89753027944894 0.10287293705337 0.529696757650747 0.174691284931117 0 0 0 17 0 
2.09956440416529 5.30105185997141 1.75482805739051 0.824945550520661 0.725131482496426 0.156853507173814 0 0 0 65 0 
1.75458451875436 4.66587175991195 2.34866948811747 0.906823064844295 0.645733969988994 0.231083686014684 0 0 0 66 0 
0.0935460640836731 4.89850640774039 2.32707988793484 -0.925806741989541 0.674813300967549 0.853384985991855 0 0 0 68 1 
1.37129581084155 5.13779594890167 3.35206464448307 -0.766088023644806 0.829724493612709 0.856508080560384 0 0 0 120 0 
0.459080542695823 4.59323992006459 1.37515953935992 -0.755114932163022 0.386654990008074 -0.76560505758001 0 0 0 119 1 
2.01891299440285 5.04503833792149 2.04089511494411 -0.935135875699644 0.568129792240187 0.192611889368014 0 0 0 67 0 
3.50479555639117 5.68377202947152 1.67574643748695 -0.374400555451104 -0.10202849631606 -0.103031695314131 0 0 0 235 0 
3.52083869217108 7.00371771838129 0.927390994272706 -0.247395163478615 0.312964714797661 0.678423874284088 0 0 0 194 1 
3.20615475054633 7.60900930225533 2.51181501520254 -0.53673065618171 -0.736373837218083 0.251476876900317 0 0 0 76 0 
2.3204899385522 6.72602248210415 0.353092050504983 -0.897438757680975 0.528252810263018 0.731636506313123 0 0 0 91 1 
3.18822079283116 7.46273157359617 0.484697311356946 -0.788972400896105 0.370341446699522 -0.751912836080382 0 0 0 227 1 
2.9636744099044 7.40932818834341 2.2601397101522 -0.81704069876195 -0.636333976457074 -0.654982536230975 0 0 0 127 1 
2.10025363726795 5.84028770322458 3.63498741693962 -0.0499682953415065 -0.582464037096928 -0.233126572882548 0 0 0 151 1 
0.19820602637353 4.05691760455517 0.622180948647539 -0.287724246703309 0.694614700569396 -0.234727381419058 0 0 0 39 0 
2.14084107735455 4.3642762339149 3.08966824289573 0.830105134669319 0.983034529239363 0.323708530361966 0 0 0 77 0 
0.162776029294339 4.75849973722766 1.9476814627015 -0.292152996338208 0.907312467153457 0.805960182837688 0 0 0 11 1 
0.0680022235271995 4.3622318533697 3.09146315223341 -0.6789997220591 0.607778981671213 0.198932894029176 0 0 0 82 0 
3.75400063246275 6.43256706206141 3.51267045020935 -0.968249920942156 0.366570882757676 0.876583806276168 0 0 0 125 0 
3.58742638067464 5.35428952768822 1.18077255635534 -0.61407170241567 0.106786190961028 -0.539903430455583 0 0 0 212 1 
3.41293289507422 7.27799290205142 3.17413620875905 -0.885883388115722 0.972249112756428 -0.165732973905118 0 0 0 66 1 
3.72494179287978 7.43862943666791 1.81853569927871 -0.596882275890029 0.242328679583489 -0.585183037590162 0 0 0 232 1 
1.99978673620511 6.25687352506222 3.77444152228875 0.0624733420256394 -0.0303908093672229 -0.340694809713907 0 0 0 170 1 
3.01759985715952 5.94402936514187 3.75637997683155 0.18969998214494 0.305503670642734 -0.342952502896057 0 0 0 46 1 
5.57098179935863 4.03674454677697 0.315252996903812 -0.741127275080172 -0.43290693165288 -0.0230933753870235 0 0 0 205 0 
7.93535335280069 7.94813789545454 1.24198103805446 -0.0705808308999134 0.431017236931818 -0.282252370243192 0 0 0 244 0 
6.89578398180066 5.71736681766216 2.94816247915554 -0.325527002274917 -0.0978291477922298 0.806020309894443 0 0 0 251 0 
7.31298718182965 5.5868583843593 3.219321342607 -0.648376602271294 0.135857298044913 0.339915167825875 0 0 0 132 0 
6.02746047987875 5.32404382779779 0.321929426910525 -0.809067440015156 -0.646994521525277 -0.0222588216361844 0 0 0 136 0 
5.13588768282004 4.61041090913805 0.926634303602601 -0.545514039647494 0.0138013636422558 0.678329287950325 0 0 0 195 1 
5.8827418872424 7.00997816946253 2.81557971954607 -0.5771572640947 0.438747271182816 0.0394474649432583 0 0 0 110 0 
5.89335490878122 6.18901415057008 3.42259975452799 -0.0758306364023476 -0.91387323117874 -0.00967503068400177 0 0 0 123 0 
7.70000923486012 6.71951204914455 3.42369845365849 -0.599998845642485 -0.847560993856931 0.740462306707311 0 0 0 44 0 
5.57936777198662 6.85350523530863 0.354618309124262 -0.990079028501673 0.0441881544135785 -0.143172711359467 0 0 0 155 0 
6.94181577537692 7.15003599583432 0.0424440682196519 -0.819773028077885 0.581254499479289 -0.182194491472544 0 0 0 27 0 
7.50096259224021 5.13549878830946 2.08097940787505 -0.874879675969974 -0.920562651461317 -0.0523775740156186 0 0 0 46 0 
5.79300782947061 7.56739658607338 1.21624071819587 -0.463374021316174 -0.866575426740828 0.964530089774484 0 0 0 103 1 
5.77283188951622 5.53388297885683 1.42771772130664 -0.465896013810472 -0.995764627642896 0.990964715163329 0 0 0 107 1 
7.74638449693239 6.4894317768193 2.41950955521024 0.780798062116549 0.498678972102413 0.61493869440128 0 0 0 42 0 
6.70748011456804 7.91053727090386 3.23165953419787 0.150935014321005 -0.823682841137018 0.341457441774733 0 0 0 70 0 
7.55806267400587 5.91168355567785 0.751375779103803 0.382257834250733 0.426460444459732 0.656421972387975 0 0 0 73 1 
4.58064210988479 7.65680641184949 0.0391709614061975 -0.114919736264401 0.0196008014811857 -0.807603629824225 0 0 0 238 1 
6.94229137064931 6.73809422169654 1.73264227222099 0.305286421331164 -0.970238222287932 -0.470919715972376 0 0 0 85 1 
4.44648733180617 7.42750170281681 2.39123272813074 -0.381689083524229 0.865937712852102 0.361404091016343 0 0 0 68 0 
6.96811101703369 6.5869744563463 2.33189021322248 0.933513877129211 -0.614128192956713 0.97898627665281 0 0 0 145 1 
7.2778825062904 6.20095032461853 1.78877456883563 0.847235313286301 -0.412381209422684 -0.463903178895547 0 0 0 153 1 
6.68036491387266 6.06354443087847 0.453077516074409 0.772545614234082 -0.679556946140191 -0.755865310490699 0 0 0 161 1 
6.33223598051715 4.46964194552449 0.184534876237294 0.729029497564644 -0.378794756809439 0.960566859529662 0 0 0 189 1 
7.72295322511224 5.52750758210435 1.11351148543616 -0.22213084686097 -0.246561552236957 -0.798311064320479 0 0 0 255 1 
4.62181259598041 7.74448220443594 1.26332465851394 -0.484773425502449 -0.594439724445508 -0.904584417685758 0 0 0 128 1 
7.33023851009265 4.22265657205541 2.79454341855504 -0.146220186238419 0.0903320715069265 0.16181792731938 0 0 0 96 0 
4.08370408223597 5.4964865099759 0.995968774363361 -0.0520369897205044 0.624560813746988 -0.18800390320458 0 0 0 97 0 
7.51932828432551 6.61504645000595 1.58326531746174 -0.497583964459311 0.889380806250743 -0.364591835317283 0 0 0 65 1 
7.45662902730751 6.20292814503979 0.503791697830664 0.369578628413438 0.962866018129974 -0.499526037771167 0 0 0 69 1 
4.61950559065274 7.77630254229867 0.965298965934084 0.264938198831593 -0.340462182212666 0.0581623707417604 0 0 0 135 0 
6.35238462434413 6.85123657377303 0.0254626303526579 0.981548078043017 -0.081095428278371 0.315682828794082 0 0 0 174 0 
7.83490672279162 5.44238462238232 1.61287037777871 -0.208136659651047 -0.75720192220221 -0.860891202777661 0 0 0 243 1 
6.36566617536586 6.89078487482882 2.37949512279898 0.483208271920732 0.0488481093536022 -0.640063109650128 0 0 0 187 1 
6.46802339589108 4.68434975927011 2.56743426417631 0.871002924486385 0.523043719908763 -0.366570716977962 0 0 0 17 1 
5.55458313345526 7.88603431268466 2.28888984654946 0.881822891681907 0.548254289085582 0.0986112308186828 0 0 0 30 0 
4.12820323042303 4.63151377692076 0.169154962214773 0.0785254038028789 -0.983560777884905 0.833644370276847 0 0 0 48 1 
5.14589931954779 6.25606371150849 1.5329825287036 0.705737414943474 -0.530492036061438 -0.62087718391205 0 0 0 165 1 
5.56252616142386 5.92545657775259 3.18181341428711 -0.742184229822017 -0.696817927780926 -0.789773323214111 0 0 0 225 1 
4.97671282481723 7.36491246580636 2.94454875174552 0.0595891031021543 -0.266885941774206 -0.56943140603181 0 0 0 249 1 
5.6427090158095 7.93977613411828 2.26477624689458 -0.857161373023812 -0.445027983235216 -0.904402969138178 0 0 0 164 1 
4.1844936946475 7.14805346622104 3.07858211379657 0.0855617118309377 0.70600668327763 -0.802677235775428 0 0 0 40 1 
5.05091946654099 4.20458678166763 2.25598428284289 -0.431135066682377 0.213073347708453 -0.655501964644639 0 0 0 124 1 
4.75788273486713 4.82970403022037 2.38778598275989 0.532235341858391 0.916213003777546 -0.889026752155014 0 0 0 41 1 
4.17700771422813 6.3287729577186 2.58389160973691 0.584625964278516 -0.0214033802851747 0.135486451217114 0 0 0 153 0 
4.71058596423694 5.71920766196847 2.13497817237863 0.776323245529618 -0.722599042253941 0.579372271547328 0 0 0 162 0 
4.43284743932599 4.67164123512313 3.94307841912087 0.866605929915749 -0.228544845609609 0.180384802390108 0 0 0 171 0 
4.31095819213335 7.39437701216963 2.03406980007938 0.976369774016669 0.486797126521203 0.566758725009922 0 0 0 48 0 
4.001605503837 6.20523508953141 0.58352432985125 0.562700687979625 0.338154386191426 -0.364559458768594 0 0 0 61 0 
4.32504676914819 7.24373511672493 1.78400298036807 0.853130846143523 0.842966889590616 0.035500372546009 0 0 0 19 0 
5.71706897588084 6.14635428292156 3.72764835801642 0.902133621985105 0.205794285365195 -0.471543955247947 0 0 0 178 1 
0.664452046772837 0.925472616032666 5.48026102889443 -0.229443494153395 0.0531840770040832 -0.00246737138819697 0 0 0 19 1 
1.85080973983829 3.75953382383874 5.76194637574818 0.0438512174797863 0.282441727979842 0.0327432969685226 0 0 0 22 1 
1.94242190568653 2.85674675596284 4.86776864393993 0.180302738210817 0.669593344495355 -0.704028919507509 0 0 0 25 1 
0.726820303613177 1.76066663749096 7.71598403566117 0.278352537951647 0.65758332968637 -0.348001995542353 0 0 0 30 1 
0.374004569580127 2.42162110445279 5.68762042954572 -0.265749428802484 0.365202638056599 -0.476547446306785 0 0 0 35 1 
1.73247166170708 2.55627543683629 7.2713197341123 0.0290589577133848 0.382034429604536 -0.0285850332359621 0 0 0 50 1 
0.991695551720382 2.57379357160495 5.71387586236602 0.436461943965048 0.509224196450619 -0.223265517204247 0 0 0 55 1 
0.271414245984037 1.34293204563744 7.50526021675606 0.596426780748005 0.230366505704679 -0.124342472905492 0 0 0 113 1 
1.95053804270352 0.990342571877401 5.02538803492718 0.93131725533794 0.311292821484675 -0.059326495634102 0 0 0 86 1 
1.51536362841949 3.30774673108109 7.52463032524692 -0.373079546447564 0.225968341385136 0.00307879065586536 0 0 0 117 1 
1.28632422616972 0.990567384449399 7.72124301863309 0.598290528271215 -0.438679076943825 0.277655377329136 0 0 0 148 1 
2.40962965478265 2.23256288118589 7.92074239310876 -0.0112962931521684 0.966570360148236 0.052592799138595 0 0 0 183 1 
2.14392348842424 1.51142779198385 5.9773755457456 0.830490436053031 0.376428473997981 0.3096719432182 0 0 0 117 0 
1.09306770898592 2.25444938211242 7.19603174168932 0.69913346362324 -0.0306938272359479 0.462003967711166 0 0 0 121 0 
3.66771400726278 1.39626115281221 7.46488449634975 0.0209642509078471 0.862032644101526 -0.754389437956281 0 0 0 168 0 
0.285491987491167 0.162362555475625 5.35989869148753 0.848186498436396 0.207795319434453 0.107487336435941 0 0 0 71 1 
0.350544279723944 2.00847775840087 7.0328533174272 0.856318034965493 0.313559719800109 -0.4333933353216 0 0 0 83 1 
3.5172791845263 0.286151387310324 4.76477755447726 0.752159898065787 0.72326892341379 0.0330971943096579 0 0 0 135 1 
0.062899616800939 2.64735786056352 7.05560837701435 0.195362452100117 -0.23158026742956 -0.430548952873206 0 0 0 146 1 
3.30574752510478 0.14010694958611 4.34531661996944 0.850718440638097 0.705013368698264 -0.64433542250382 0 0 0 168 1 
0.21744798508859 0.766839105940588 7.85087838258179 0.214680998136074 0.158354888242573 0.668859797822724 0 0 0 34 0 
1.1314737474468 0.734801540798987 5.05783255738533 0.82893421843085 0.654350192599873 0.194729069673166 0 0 0 242 0 
1.91362984855179 1.49775913435024 7.60899874311422 -0.323296268931026 0.87471989179378 -0.861375157110723 0 0 0 213 0 
2.43513361340864 0.642456180812779 7.74516448704544 0.86689170167608 0.892807022601597 0.655645560880679 0 0 0 233 0 
1.1436857521225 3.88430424992834 6.84204092677091 -0.669539280984688 0.298038031241042 -0.457244884153636 0 0 0 87 1 
1.86618939232972 1.06626883463897 4.53547365930524 -0.454226325958785 0.570783604329872 -0.620565792586845 0 0 0 110 1 
0.482475628849426 1.68080955224727 7.62824862553114 -0.877190546393822 0.147601194030908 -0.108968921808608 0 0 0 116 1 
0.150089643792732 1.41476253375218 7.61609386951174 0.831261205474091 -0.635654683280977 -0.860488266311032 0 0 0 219 0 
3.89076266389837 3.16318722474795 7.83800454762 0.673845332987296 0.457898403093493 0.792250568452501 0 0 0 18 0 
3.75089785614462 2.31323022624935 7.80756326117135 0.0313622320180778 -0.148346221718831 0.788445407646418 0 0 0 32 0 
3.96531088330989 2.23567681774097 6.91691116946138 0.933163860413736 0.841959602217621 0.677113896182673 0 0 0 148 0 
1.08082633328345 2.65532074124018 7.90243415920907 -0.927396708339569 0.644415092655022 -0.449695730098866 0 0 0 76 1 
0.976586455466531 0.694955338667789 4.54636885532548 -0.940426693066684 0.899369417333474 -0.494203893084315 0 0 0 252 1 
3.38331000771386 1.2906867955069 4.83089479595127 0.360413750964233 -0.776164150561638 -0.833638150506091 0 0 0 141 1 
2.56929870497441 1.16403426641646 7.0518491641203 0.258662338121801 0.708004283302057 0.818981145515037 0 0 0 129 0 
2.14437968815595 3.17787950963026 4.56249732245999 -0.919452538980506 0.459734938703783 -0.617187834692501 0 0 0 99 1 
2.79595565818026 1.31301275821539 4.81529722065106 -0.588005542727468 0.726626594776923 -0.210587847418617 0 0 0 228 1 
2.11951852526743 3.74795757686403 7.3556103692753 -0.922560184341571 0.530994697108004 -0.643048703840587 0 0 0 115 0 
3.12834739092809 0.612239185115782 7.15283759810669 -0.421456576133989 0.764029898139473 0.331604699763336 0 0 0 199 1 
2.56951487419693 1.8298118616384 6.52118073093702 -0.616310640725383 0.9162264827048 0.127647591367128 0 0 0 216 1 
1.8569489136311 0.399367996673536 4.38891951524585 -0.955381385796113 0.737420999584192 -0.388885060594268 0 0 0 247 1 
2.06184300362765 1.15350018461707 7.19074385568136 -0.804769624546544 -0.918312476922866 -0.91365701803983 0 0 0 224 0 
3.52722570842694 1.8296435736754 7.963266138201 0.878403213553367 -0.958794553290575 -0.317091732724875 0 0 0 156 1 
3.74756882905766 2.35641837790422 4.74751156845053 0.530946103632208 -0.767947702761972 -0.0940610539436829 0 0 0 157 1 
2.84957678116154 2.73898224565758 5.85071967604684 0.668697097645193 -0.595127219292803 -0.456160040494145 0 0 0 175 1 
3.28972781261853 1.27958941240164 5.0531163995433 0.848715976577317 0.847448676550205 0.444139549942912 0 0 0 152 0 
1.05063816066075 1.63878801721987 6.32353704895225 -0.806170229917406 0.642348502152483 0.852942131119031 0 0 0 80 0 
2.68902810703295 1.82686454363928 4.10627556133925 -0.976371486620882 0.66585806795491 -0.0492155548325938 0 0 0 78 1 
3.00957571974077 1.26527462513047 7.50433582019789 -0.936303035032403 0.845659328141308 0.125541977524737 0 0 0 230 1 
2.88284663837142 1.46870066999481 6.66000065286911 -0.702144170203572 0.371087583749352 -0.854999918391361 0 0 0 104 0 
2.66773823362999 2.68202599180428 7.8667648238288 0.145967279203749 -0.727246751024465 -0.4541543970214 0 0 0 142 1 
3.42810086935743 3.06053801048016 7.64890067373589 0.616012608669678 -0.80493274868998 0.268612584216987 0 0 0 154 1 
1.36827490480318 3.16074291184148 5.19232892038011 -0.0164656368996022 -0.667407136019815 -0.663458884952487 0 0 0 158 1 
0.30948473882922 2.97093397096957 6.9492432409975 0.101185592353653 -0.816133253628804 -0.318844594875313 0 0 0 169 1 
1.19582162897735 3.29544092947722 5.25209038486689 0.836977703622169 -0.525569883815347 -0.405988701891638 0 0 0 254 1 
1.70561258414381 2.99514965172403 7.99824657406404 0.525701573017977 -0.688106293534495 -0.687719178241995 0 0 0 175 0 
3.66635022989 2.69032283764189 7.4900030807264 0.77079377873625 -0.851209645294764 0.998750385090799 0 0 0 139 0 
2.8537101724183 2.89402198385862 4.36154273799167 -0.455786228447712 -0.575747252017672 -0.267307157751042 0 0 0 239 1 
2.35318735684269 3.09126917961144 7.62906422017319 -0.768351580394664 -0.80109135254857 -0.983866972478351 0 0 0 204 0 
0.271496483749399 2.61359817578957 6.60047020071791 -0.0285629395313252 -0.985800228026304 0.887558775089738 0 0 0 133 0 
1.23181124498167 0.734329239207398 4.84441386523833 0.466476405622709 0.279291154900925 0.793051733154791 0 0 0 23 0 
3.09630135483363 1.93751838948957 4.38428929082975 -0.175462330645797 0.179689798686196 0.360536161353719 0 0 0 81 0 
0.794189348801504 0.319571890969683 4.95365879967062 0.161773668600188 0.97744648637121 0.681707349958827 0 0 0 141 0 
2.21233514086769 1.59016021898303 4.82291665917039 -0.535958107391539 0.511270027372878 0.790364582396299 0 0 0 91 0 
3.89840824500618 1.24836709443136 6.20204523290637 -0.575198969374227 0.96854588680392 -0.912244345886703 0 0 0 236 0 
3.90597980926768 2.54522028568292 5.11325791553444 -0.82425252384154 0.880652535710365 0.326657239441805 0 0 0 226 0 
3.51862103863159 2.51281624997146 7.38152773658464 -0.49767237017105 -0.498397968753567 0.48519096707308 0 0 0 252 0 
3.39530171898047 1.56726335593342 5.95338883801538 -0.763087285127441 -0.241592080508323 0.931673604751923 0 0 0 95 0 
2.34942767319644 3.99421113654014 6.85895393393024 -0.393821540850444 -0.688223607932482 -0.705130758258719 0 0 0 250 0 
0.50492669497298 3.72671707664527 5.61805711834263 -0.749384163128378 -0.596660365419341 -0.985242860207171 0 0 0 239 0 
3.58148984966778 3.28232702146646 5.78996491012121 -0.114813768791528 -0.777209122316692 0.911245613765151 0 0 0 217 0 
2.65883054001458 1.9162412303561 4.55909997062629 0.394853817501823 0.677030153794513 0.882387496328286 0 0 0 45 0 
0.891913608151447 1.56003896841989 4.06085769641096 0.798989201018931 -0.117495128947514 0.19510721205137 0 0 0 106 0 
3.36499747673062 2.27388773691466 4.02652958115562 0.358124684591328 0.971735967114333 0.940816197644452 0 0 0 181 0 
4.04394630236095 1.48720684244708 4.90243755903486 -0.0570067122048807 -0.251599144694115 -0.824695305120643 0 0 0 77 1 
4.06191791132099 1.74793890806878 4.07212912795816 -0.304760261084876 0.655992363508597 -0.67848385900523 0 0 0 111 1 
7.70933975803712 0.116017203591714 4.93050307924437 -0.22383253024536 0.0770021504489643 -0.446187115094453 0 0 0 115 1 
7.58704379275783 3.08737001528168 5.4445521998081 -0.364119525905272 0.19842125191021 -0.381930975023987 0 0 0 118 1 
7.66194312666263 1.86733438235132 4.17303178071045 -0.229757109167171 -0.0790832022060853 -0.415871027411194 0 0 0 123 1 
7.430669553687 2.24413145646791 4.29524441797174 -0.508666305789126 -0.156983567941511 -0.525594447753532 0 0 0 125 1 
4.64667634335719 3.38390940636683 5.15364827624678 -0.106665457080351 0.860488675795854 -0.293293965469153 0 0 0 126 1 
4.88607877599426 2.50887185189151 6.53019549708289 -0.951740153000717 0.00110898148643934 0.0037744371353603 0 0 0 44 1 
4.83539763453071 3.61923981527471 6.51905998961439 -0.708075295683661 0.514904976909339 -0.747617501298201 0 0 0 114 0 
6.41675184204008 0.290839305551565 5.71930189547049 -0.0104060197449899 0.598854913193946 -0.847587263066189 0 0 0 243 0 
5.70347013402131 2.42583526198404 5.92757942369135 0.275433766752664 0.365729407748005 0.0534474279614185 0 0 0 20 1 
5.22814711652563 3.37192107562024 7.18392020299607 -0.783981610434296 0.60899013445253 -0.789509974625491 0 0 0 101 0 
6.26553067214326 2.02673055854425 6.86044930991382 0.0956913340179071 0.0658413198180312 -0.829943836260773 0 0 0 102 0 
4.11911987272168 3.09064341103036 7.28038698065493 -0.42261001590979 -0.051169573621205 -0.777451627418134 0 0 0 112 0 
4.86744600210011 1.11983505640974 4.26923260500735 0.170930750262514 -0.0475206179487826 -0.778845924374082 0 0 0 24 1 
7.57268006672368 3.14241169164625 6.37368961595559 -0.740914991659539 0.580301461455781 0.359211201994449 0 0 0 55 0 
7.2446708945679 2.6374094530094 7.97547939345487 -0.906916138179013 -0.232823818373825 0.184434924181858 0 0 0 162 1 
5.55945845780041 0.274048045480042 4.24373517110203 -0.492567692774949 0.721756005685005 -0.782033103612246 0 0 0 215 1 
6.65397073959923 1.03684029835114 4.96192906254073 0.269246342449904 -0.557894962706107 -0.442258867182408 0 0 0 245 1 
4.54441359361892 3.90877021041423 7.4988883331235 -0.119448300797635 0.176096276301778 -0.875138958359563 0 0 0 90 0 
4.07755718274762 1.12090994339638 7.67552875483405 -0.177805352156547 0.827613742924547 -0.728058905645744 0 0 0 230 0 
7.04108571374771 0.0473484592156241 7.82446205454234 -0.182364285781536 -0.681581442598047 -0.834442243182208 0 0 0 216 0 
7.32221649241159 2.84036155252219 4.99558777836889 -0.522222938448551 -0.207454805934726 0.186948472296111 0 0 0 241 0 
7.97529571444987 3.19291794788759 7.15261722610715 0.809411964306234 -0.0383852565140511 -0.168422846736607 0 0 0 62 1 
4.64482651097575 0.416145856389299 6.29122350819355 0.143103313871968 0.739518232048662 -0.151097061475806 0 0 0 184 1 
4.78951175002465 1.1328103830437 5.62181325095038 0.161188968753081 -0.670898702119537 -0.984773343631202 0 0 0 172 0 
7.4730903757336 0.05075011822178 6.74516185762545 -0.3783637030333 0.943843764777723 0.530645232203182 0 0 0 238 0 
6.3210767409076 1.31340280448703 7.59011374570917 -0.52236540738655 -0.273324649439121 0.886264218213647 0 0 0 78 0 
7.37495885145408 0.223160819067865 7.2475493087681 0.10936985643176 -0.0346048976165169 0.718443663596013 0 0 0 83 0 
7.04916990447443 0.938575328526481 7.22251390219064 -0.181353761940696 0.0548219160658101 0.71531423777383 0 0 0 84 0 
4.5293320355432 1.33073411566112 6.50552052042615 -0.1213334955571 -0.0211582355423606 0.625690065053268 0 0 0 86 0 
5.4598363411022 3.38587342696343 6.41927510631995 0.369979542637774 0.360734178370429 -0.635090611710006 0 0 0 3 1 
5.52941790131976 2.35346360516816 7.95446748977492 0.50367723766497 0.981682950646021 0.681808436221865 0 0 0 166 0 
5.73347705126714 0.343367923799129 4.65758802244443 0.529184631408392 -0.269579009525109 0.144698502805553 0 0 0 58 0 
6.42781843225125 1.7813216504472 4.16481888129609 -0.759022695968594 -0.5898347936941 -0.541897639837989 0 0 0 188 1 
7.51060408245766 2.41120910314584 6.81866549983192 0.751325510307208 -0.51109886210677 0.539833187478991 0 0 0 170 0 
6.8964846051133 0.900610026935709 6.40223460577512 -0.0754394243608369 -0.824923746633036 0.48777932572189 0 0 0 240 0 
6.65124302179442 2.13200456041513 6.98195353546009 0.768905377724302 -0.170999429948109 0.935244191932511 0 0 0 13 0 
5.75693333563643 1.33843680923328 7.11853847739336 0.0321166669545541 -0.145195398845841 0.95231730967417 0 0 0 74 0 
7.96689619291338 0.00431290670748297 6.82145242134353 -0.191637975885827 0.438039113338435 0.790181552667941 0 0 0 79 0 
7.69611269962112 3.67072412091641 5.73771944905813 0.399514087452641 -0.103659484885449 0.529714931132266 0 0 0 209 0 
5.64664056788745 3.10369987903651 7.08288012136123 0.643330070985931 0.825462484879564 -0.552139984829846 0 0 0 13 1 
5.85587791985512 2.00892078062165 7.03047995530613 0.66948473998189 0.938615097577706 0.316309994413266 0 0 0 133 1 
6.04152613291888 1.33879851024212 6.90632948397219 0.81769076661486 -0.645150186219735 -0.574208814503476 0 0 0 137 1 
4.19313774758999 2.54768899903873 6.08872040351201 0.0866422184487494 0.880961124879841 0.448590050439001 0 0 0 164 0 
6.60290125244395 2.26961428060299 5.69440609999177 0.0128626565554935 -0.653798214924627 -0.600699237501029 0 0 0 223 1 
7.76456444141839 2.37324384863322 6.15297902896461 -0.591929444822701 -0.765844518920848 0.206622378620576 0 0 0 144 1 
4.27848310232576 2.69654382734312 6.32742739242547 -0.0276896122092806 -0.60043202158211 0.603428424053184 0 0 0 221 0 
6.08169034188231 2.08746343681867 4.76272826282845 -0.677288707264711 0.573432929602334 0.282841032853556 0 0 0 105 0 
4.08353314277957 2.35647855627719 4.82378298866028 -0.927058357152554 0.857059819534649 0.290472873582535 0 0 0 225 0 
5.65563343106916 0.996084043944388 5.58108182612586 -0.480545821116356 0.812010505493049 0.760135228265733 0 0 0 199 0 
5.79677370525813 2.19031807773523 5.34305843458576 -0.337903286842734 -0.413710240283097 0.605382304323221 0 0 0 200 0 
5.47602548515134 3.71712619974999 6.69187831580822 0.372003185643917 0.402140774968749 0.898984789476028 0 0 0 3 0 
6.1215931062378 1.59043349775275 5.51634320601288 0.0776991382797252 -0.988695812780906 0.62704290075161 0 0 0 202 0 
5.28076394250056 2.67806936723139 6.13232638792936 0.22259549281257 -0.852741329096075 0.32904079849117 0 0 0 188 0 
6.11912462789542 2.95216028490958 5.11760697198183 0.452390578486927 -0.943479964386302 -0.172799128502271 0 0 0 167 1 
6.4331870340847 3.32074054419146 5.144870609142 0.991648379260588 -0.397407431976068 0.20560882614275 0 0 0 186 0 
6.54245749843865 2.91424053482603 5.69186597537428 -0.994692812695169 0.676780066853254 0.898983246921784 0 0 0 26 0 
7.95502524999287 1.07338185012612 5.67699298305881 -0.318121843750891 0.946672731265765 0.897124122882351 0 0 0 218 0 
4.1893308083632 1.22108351328185 6.27394949293873 0.5861663510454 -0.0348645608397693 -0.153256313382659 0 0 0 53 1 
4.26912070288671 2.74119581650659 4.94906480978283 0.596140087860839 0.905149477063324 -0.818866898777147 0 0 0 129 1 
4.77009659845945 0.608880776256842 6.19904132721502 0.783762074807431 0.888610097032105 0.212380165901878 0 0 0 138 1 
4.09435683416188 3.26424705680876 6.83123342091544 0.449294604270235 0.220530882101095 -0.95859582238557 0 0 0 21 0 
5.65203679933798 3.65679195577873 5.8533503169337 -0.105995400082753 -0.355401005527659 -0.455831210383288 0 0 0 235 1 
5.21928332548079 3.69506729270685 4.85569880488313 -0.0350895843149014 -0.975616588411645 -0.33053764938961 0 0 0 242 1 
6.49240032310975 3.96859561780153 5.54187616795966 -0.875949959611281 -0.0664255477748089 -0.869765479005043 0 0 0 179 0 
5.60105243377043 3.6530720982616 6.42913826142898 -0.112368445778697 -0.9808659877173 0.616142282678623 0 0 0 211 0 
5.95295737186159 3.08788712174944 5.01716425993881 0.806619671482698 -0.92651410978132 0.314645532492351 0 0 0 165 0 
4.00518275214379 0.387032366771158 4.79100286929173 0.438147844017973 0.360879045846395 0.911375358661466 0 0 0 41 0 
4.04707300182486 0.394985676924875 4.32816743723922 0.193384125228107 -0.513126790384391 0.353520929654902 0 0 0 147 0 
7.4881844531474 3.88305380581132 4.08201293144172 0.123523056643425 0.672881725726415 0.447751616430216 0 0 0 71 0 
6.7864572082966 0.955548684826182 4.62535316667571 -0.964192848962925 0.431943585603273 0.640669145834464 0 0 0 10 0 
5.69944060593357 2.95214348405437 4.45964046080085 -0.850069924258303 -0.443482064493203 0.494955057600106 0 0 0 140 0 
6.50716974051208 2.9833922862727 4.07695893223645 0.12589621756401 -0.939575964215912 0.572119866529556 0 0 0 198 0 
3.11045519568309 7.82068715305367 6.13757536304847 -0.0486931005396138 0.415085894131709 -0.670303079618942 0 0 0 132 1 
2.2329752452807 5.46204898611283 4.08181856747505 -0.158378094339912 -0.00474387673589671 -0.802272679065619 0 0 0 152 1 
0.0601623674893649 7.17732093972047 7.7530092446213 -0.429979704063829 -0.290334882534941 0.156626155577663 0 0 0 172 1 
2.3055552764999 5.17787938268896 7.8747851741544 0.225694409562488 -0.41526507716388 -0.2031518532307 0 0 0 173 1 
1.82628854133939 4.26564950598573 6.84064068642058 0.0407860676674237 -0.279293811751784 -0.207419914197428 0 0 0 186 1 
1.00322518657497 6.90971395974695 7.27689183030257 -0.187096851678129 -0.0737857550316313 -0.152888521212179 0 0 0 191 1 
2.07224780847794 6.72976829471844 4.67121055963008 -0.178469023940257 -0.721278963160195 0.0214013199537599 0 0 0 16 1 
2.00345123682083 7.34307901769169 7.19841486788808 0.812931404602604 -0.269615122788538 -0.41269814151399 0 0 0 217 1 
0.868803909766988 4.63768108265731 5.01932983237134 0.671100488720873 -0.357789864667836 -0.685083770953582 0 0 0 221 1 
1.65697444764187 6.24724070166332 7.8973914471524 0.394621805955234 -0.531594912292084 0.54967393089405 0 0 0 182 0 
0.532073238349105 7.74583751867067 6.85424092861854 -0.245990845206362 0.155729689833834 -0.705719883922682 0 0 0 187 0 
2.88749912591837 4.58458725976764 7.93425577857074 0.173437390739797 -0.489426592529045 -0.570718027678657 0 0 0 190 0 
1.62714584073422 6.37056235797643 7.03587998148354 0.265893230091777 0.358820294747053 0.191984997685443 0 0 0 29 1 
2.26620239643469 4.76870046869789 4.97340635438077 -0.279224700445664 -0.716412441412764 -0.690824205702404 0 0 0 213 1 
0.762365525856627 6.14314740953501 6.55598350338805 -0.467204309267922 -0.544606573808124 -0.368002062076493 0 0 0 229 1 
2.378206857006 7.64597310755438 5.47227749083952 -0.26522414287425 -0.106753361555703 -0.37846531364506 0 0 0 253 1 
3.34959617497027 7.19519350306255 6.45282920728458 0.356199521871283 -0.538100812117182 0.369103650910572 0 0 0 177 0 
3.80522964588857 7.30686541300043 7.70514282403822 0.663153705736072 0.600858176625054 -0.0993571469952228 0 0 0 58 1 
1.19125927605181 5.36513327833973 6.92746300655392 -0.538592590493524 0.233141659792466 0.17843287581924 0 0 0 94 1 
0.915562638825506 5.45249957431388 4.35259902214337 -0.573054670146812 -0.755937553210766 -0.143425122232079 0 0 0 210 1 
1.48030664360724 7.82417118613262 4.54627611411343 -0.502461669549095 0.165521398266577 -0.244215485735821 0 0 0 234 1 
0.704089110768433 4.22225310286815 5.63209002382992 0.900511138846054 -0.159718362141481 -0.983488747021259 0 0 0 231 0 
1.78779465523003 7.66423526757634 7.03609235227084 0.285974331903754 -0.354470591552958 -0.932988455966145 0 0 0 149 0 
0.337436306806655 4.48192919291172 5.07852426826245 0.479679538350832 -0.377258850886035 0.197315533532807 0 0 0 192 0 
2.31606119900969 7.98560212795915 6.50212346447291 -0.0229923501237885 -0.564299734005107 0.500265433059114 0 0 0 47 0 
1.02661731910164 5.90889326552879 7.14546575532989 0.690827164887705 0.0511116581910986 0.580683219416236 0 0 0 229 0 
0.0464899790874224 7.92812231176947 4.68476902862965 0.443311247385928 -0.821484711028816 -0.851903871421295 0 0 0 8 1 
0.963678236834333 6.10918522947115 5.73649390026979 -0.317040220395708 0.451148153683894 0.279561737533723 0 0 0 60 0 
1.54364033358907 4.05010222645664 6.88197397841154 -0.494544958301367 -0.0562372216929206 -0.327253252698558 0 0 0 226 1 
3.82750879955128 6.04265137265088 7.55832418291369 0.29093859994391 -0.68216857841864 -0.992709477135789 0 0 0 130 0 
0.609166132194421 5.74606143451576 6.80644570484841 0.263645766524303 -0.21924232068553 0.663305713106052 0 0 0 158 0 
0.232541208936555 4.3338643147218 7.14974678043745 0.966567651117069 -0.895766960659775 0.706218347554681 0 0 0 212 0 
1.31912149688183 6.33764631251375 6.33133097541573 0.352390187110229 0.604705789064218 0.228916371926966 0 0 0 6 1 
0.412659846162174 6.97188568575099 4.96763098427937 -0.385917519229728 0.933985710718873 -0.44154612696508 0 0 0 52 1 
3.48708250772351 5.15258563356426 5.47000194883322 0.998385313465438 0.331573204195532 -0.628749756395848 0 0 0 89 1 
1.35792643730704 4.30197864373096 4.93373973557944 -0.267759195336621 0.10024733046637 0.17921746694743 0 0 0 64 0 
0.120015342567326 6.4466229973934 5.93252282189728 -0.922498082179084 0.743327874674175 -0.82093464726284 0 0 0 116 0 
0.039337041299867 5.46390569336861 6.29634984876277 0.942417130162484 0.370488211671076 0.349543731095347 0 0 0 124 0 
1.75945148900492 7.10709129421146 6.60003826301609 -0.592568563874385 0.825886411776433 -0.862495217122989 0 0 0 99 0 
1.97776633824047 6.02309354269212 5.13616659201615 -0.565279207719941 -0.0596133071634842 0.0795208240020191 0 0 0 203 1 
0.520993155712994 6.86438926131724 5.47554243748151 -0.872375855535876 -0.204451342335345 0.12194280468519 0 0 0 208 1 
1.89634280345023 4.51373615729192 7.90089404967664 -0.575457149568722 -0.123282980338511 0.175111756209581 0 0 0 231 1 
1.05646512904701 6.58845272471073 5.68692852301763 -0.930441858869123 0.261056590588842 -0.351633934622796 0 0 0 244 1 
1.01914134515574 7.01376089461375 7.81661717175292 -0.810107331855533 -0.18577988817328 0.0395771464691159 0 0 0 256 1 
1.34023963158076 7.29675119757439 6.45615903582209 -0.769970046052405 -0.525406100303201 -0.880480120522239 0 0 0 228 0 
0.745122073202233 5.74175498711623 7.70556493307844 -0.844359740849721 0.0302193733895288 0.650695616634805 0 0 0 232 0 
2.11205400027785 7.49222195632071 6.62146339703025 0.201506750034732 0.624027744540088 0.765182924628781 0 0 0 9 0 
0.629836140370571 7.45669694359063 6.87071256614433 0.891229517546321 0.619587117948829 0.796339070768041 0 0 0 75 0 
1.59163521615294 4.67138560098222 4.52308900389242 0.136454402019118 0.271423200122777 -0.372113874513447 0 0 0 57 1 
1.33765962019164 5.07609255272616 6.87932364941824 0.354707452523955 0.447011569090769 -0.82758454382272 0 0 0 38 0 
0.865880459198779 4.89037145094852 4.30370622633519 -0.829264942600152 0.423796431368565 -0.649536721708101 0 0 0 104 1 
3.37762738906354 5.69915286390776 5.47978977483147 -0.265296576367058 -0.600105892011531 -0.752526278146067 0 0 0 198 1 
2.952524531295 6.63142140587342 4.69892038212274 -0.443434433588124 -0.608572324265823 -0.100134952234657 0 0 0 211 1 
2.12268244703342 6.86404409410265 6.67314275541975 -0.672164694120822 0.670505511762832 0.646642844427469 0 0 0 88 0 
2.39067624894033 7.87325657543084 7.17378574466355 -0.638665468882458 0.421657071928856 0.959223218082944 0 0 0 196 0 
1.22474165766041 7.36302803853886 6.3939408503634 0.340592707207551 0.232878504817357 0.861742606295425 0 0 0 134 0 
1.94642429641531 6.52659578865611 4.51362117859327 0.805803037051914 0.378324473582013 0.251702647324159 0 0 0 109 0 
3.32832133913059 7.77178154800212 6.032694575407 0.228540167391324 -0.966027306499735 0.691586821925875 0 0 0 2 0 
1.61739963754798 4.38315682685269 6.73246754065684 -0.235325045306502 0.360394603356587 -0.970941557417895 0 0 0 24 0 
1.08658349008679 4.76769629832777 5.53648178541046 -0.176677063739152 0.533462037290971 0.379560223176308 0 0 0 35 0 
2.45415599859333 4.87524931555616 6.82716515262475 0.369269499824166 0.67190616444452 0.915895644078094 0 0 0 1 0 
2.64876053303234 7.49950133148509 7.43687944259696 -0.856404933370957 0.499937666435636 -0.38289006967538 0 0 0 95 1 
3.34522017439955 6.31467060080605 4.08424563979344 -0.644347478200056 0.476833825100756 -0.301969295025819 0 0 0 108 1 
3.18776536633172 5.45470983769322 6.85151615997212 -0.789029329208535 -0.130661270288348 0.793939519996515 0 0 0 203 0 
2.54483276533185 5.93413188111131 7.5988842617768 -0.869395904333518 0.804266485138914 0.387360532722101 0 0 0 67 1 
3.03513824669037 5.50409875737205 7.52473028179909 -0.933107719163703 0.625512344671506 0.00309128522488589 0 0 0 114 1 
0.682460309507355 4.53246048061666 4.81797417582329 -0.977192461311581 0.379057560077083 0.664746771977911 0 0 0 72 0 
2.13571958859121 4.94349079173173 5.43498056449094 -0.0455350514260984 -0.319563651033534 0.866872570561367 0 0 0 159 0 
2.81609044786013 6.34094606129892 4.5156422041103 0.914511305982516 0.230118257662365 0.501955275513787 0 0 0 193 0 
1.5779131627961 5.81477144153256 5.44345627233497 -0.615260854650488 -0.335653569808431 0.742932034041871 0 0 0 207 0 
3.47839968652146 4.81787337485894 4.81855115959373 0.872299960815183 0.289734171857368 0.789818894949217 0 0 0 28 0 
3.95272943499582 4.52876470629623 4.40161909543349 0.0565911793744773 0.628595588287029 0.237702386929186 0 0 0 36 0 
3.94910606596042 5.33061791005703 5.22891921122104 -0.943861741754948 0.103827238757129 0.0911149014026305 0 0 0 193 1 
3.81557559514532 5.28558615792348 6.54129555889332 -0.960553050606835 -0.0268017302595656 -0.744838055138335 0 0 0 245 0 
3.84045054721338 5.89363839173549 6.52915213480102 -0.832443681598328 0.0492047989669362 -0.746355983149872 0 0 0 246 0 
3.92462346513283 6.5454070426038 5.14843365624879 -0.696922066858396 0.505675880325475 0.331054207031099 0 0 0 107 0 
3.14918942994457 7.43865066771023 4.66956730761118 -0.918851321256929 -0.507668666536222 0.521195913451397 0 0 0 194 0 
3.75218568972788 6.15641390848734 4.9827561333443 -0.968476788784015 -0.167948261439082 0.935344516668037 0 0 0 237 0 
2.09085041684057 4.50277201903249 4.13862756791366 -0.0511436978949282 0.000346502379061642 0.579828445989207 0 0 0 131 0 
2.36339916820957 5.19822177893251 4.25747670713353 0.357924896026197 0.0872777223665637 0.719684588391692 0 0 0 145 0 
3.02123362770648 5.68748156574492 4.0977134812673 -0.05984579653669 -0.226564804281885 0.199714185158412 0 0 0 176 0 
3.57269933175185 7.83828155795232 4.03861420702064 0.259087416468981 -0.58271480525596 0.56732677587758 0 0 0 14 0 
0.176131328720614 5.27806189483402 4.18367875555104 0.709516416090077 -0.402742263145748 0.46045984444388 0 0 0 206 0 
2.04691399094274 7.30448983432735 4.25367519711366 -0.681635751132157 -0.774438770709081 0.344209399639207 0 0 0 92 0 
5.27982675806533 6.70447478485209 6.90178533820085 -0.152521655241834 -0.0994406518934892 0.300223167275106 0 0 0 207 1 
6.80203820121866 7.69173872601324 7.94561378325513 0.287754775152333 0.148967340751655 0.180701722906892 0 0 0 233 1 
6.03674264982781 7.8220689326843 6.27987988720352 -0.557907168771524 -0.334741383414463 -0.15251501409956 0 0 0 246 1 
6.73140279637074 7.62981195471556 6.94428882813035 -0.471074650453656 0.141226494339445 -0.0694638964837057 0 0 0 250 1 
4.32637714805104 5.09120556039989 6.98689094353276 -0.39670285649362 -0.926099304950014 -0.314138632058404 0 0 0 112 1 
5.78624368699356 4.59322023897823 4.45514614062618 -0.839219539125804 -0.113347470127722 -0.880606732421727 0 0 0 136 1 
7.00260812428102 4.49045947568084 4.94339374981038 -0.687173984464872 -0.251192565539895 0.0554242187262972 0 0 0 140 1 
4.27641477704258 7.94724052327027 6.69071028691742 -0.152948152869678 0.555905065408784 -0.726161214135323 0 0 0 126 0 
4.57402413057929 6.12298366381006 5.46848779594225 -0.615746983677588 0.327872957976258 0.121060974492782 0 0 0 79 1 
5.04318503363621 6.94803384259408 5.88026380219538 -0.432101870795473 -0.0689957696757402 0.297532975274422 0 0 0 256 0 
5.5237335269383 4.91818646039524 7.75113270862014 -0.247033309132712 0.177273307549405 0.406391588577518 0 0 0 80 1 
6.87503525435459 7.96488944732464 4.50247267400842 0.421879406794323 -0.691888819084421 -0.499690915748947 0 0 0 60 1 
7.4431220944893 7.38910214236414 6.54931179331155 0.617890261811162 -0.0138622322044832 0.256163974163943 0 0 0 143 1 
7.65647347602371 5.32314498805535 4.60238700689726 0.644559184502963 -0.897106876493082 -0.612201624137843 0 0 0 47 1 
6.43682980403578 7.59668842805658 7.4927014524592 -0.507896274495528 0.262086053507073 -0.875912318442599 0 0 0 214 0 
6.4072905222668 5.5798954712069 5.3397338452226 -0.63658868471665 -0.365013066099138 0.229966730652825 0 0 0 253 0 
4.0155008711972 6.02526027684565 5.21586600828914 -0.18556239110035 0.440657534605706 -0.785516748963857 0 0 0 74 1 
7.50283335457504 7.57932290413925 6.20021173825059 0.62535416932188 -0.990084636982594 0.337526467281325 0 0 0 51 0 
5.61933750044086 5.96403080896884 6.02850999182968 0.389917187555107 -0.816996148878895 0.31606374897871 0 0 0 63 0 
5.33413233584291 6.06652676499094 7.93285346216158 0.104266541980363 0.0708158456238677 0.929106682770198 0 0 0 197 0 
6.85499517393806 7.22104151349573 6.05009000558322 -0.705625603257743 0.840130189186966 -0.806238749302097 0 0 0 52 0 
7.04682569473837 7.46779322109528 7.19028890590423 0.818353211842297 -0.879025847363089 -0.663713886761971 0 0 0 53 0 
4.43065961346857 7.47210348240611 6.26688446467735 -0.633667548316428 0.746512935300763 0.595860558084669 0 0 0 87 0 
6.36723532266085 5.47394161166937 7.4587282846381 -0.516595584667394 0.621742701458672 0.244841035579762 0 0 0 82 1 
6.55857810946 5.21535502866618 4.59946834979363 -0.9926777363175 0.589419378583272 -0.737566456275796 0 0 0 18 1 
4.77448516194158 5.65476512087967 7.89572249574691 0.284310645242697 -0.980654359890041 -0.700534688031636 0 0 0 43 0 
5.96395317503443 5.20662632532819 5.90622486846391 0.557994146879303 0.463328290666024 0.925778108557988 0 0 0 22 0 
5.25180025116098 7.38789207354883 5.43719119831078 0.468975031395122 -0.0140134908063967 0.617148899788847 0 0 0 142 0 
4.42187579220479 7.46071648115607 6.41702128545958 -0.134765525974402 0.495089560144509 0.989627660682447 0 0 0 94 0 
4.51845659883428 4.71623097968099 5.28831680653361 -0.497692925145716 0.527028872460124 -0.526460399183299 0 0 0 100 1 
4.07512460791587 4.63596183839104 4.86450487611758 -0.928109424010517 0.39199522979888 -0.579436890485302 0 0 0 101 1 
6.91222696172579 5.25399072376082 6.92417219201877 -0.823471629784276 0.969248840470103 0.428021524002347 0 0 0 59 0 
5.80914888710779 5.4052679293257 5.67425031445879 0.538643610888474 0.738158491165712 -0.728218710692651 0 0 0 2 1 
5.19172404660235 4.46173790247479 4.99717321596026 0.336465505825294 0.245217237809349 -0.687853348004968 0 0 0 27 1 
5.88447012642979 4.60280559734501 7.65730129470911 0.798058765803723 0.387850699668126 -0.980337338161362 0 0 0 5 0 
4.76926174177086 6.92052860169795 4.34356070780411 0.533657717721357 -0.322433924787755 -0.519554911524486 0 0 0 185 1 
5.42316424658463 5.75774261723493 6.41117181779487 0.990395530823079 -0.842782172845633 -0.261103522775641 0 0 0 63 1 
6.65510900203261 4.32726709570896 5.10731634842154 -0.105611374745923 -0.521591613036379 0.700914543552693 0 0 0 208 0 
6.2977644249565 6.15916487696654 5.51812039044589 -0.525279446880438 -0.292604390379183 0.877265048805737 0 0 0 222 0 
6.73359984459402 6.42997943995449 5.17912719528687 0.0291999805742527 -0.133752570005689 0.834890899410859 0 0 0 223 0 
7.68709891517582 5.89564704091429 5.40532174676904 0.523387364396978 -0.200544119885714 0.73816521834613 0 0 0 144 0 
6.34333358441621 4.25879910992364 4.60010142794398 -0.769583301947973 0.469849888740455 -0.237487321507003 0 0 0 36 1 
7.49035907095914 4.18314736384662 7.17608666858488 0.873794883869893 0.710393420480827 -0.29048916642689 0 0 0 37 1 
5.23269552072872 4.075236867673 4.99980455668116 0.59158694009109 0.821904608459125 0.0624755695851447 0 0 0 9 1 
4.38128972447879 4.11053299246348 7.20863808161523 0.735161215559849 -0.173683375942065 0.338579760201903 0 0 0 134 1 
4.6751996658944 6.18882328196565 6.86475210731157 0.771899958236799 -0.538897089754294 -0.204405986586054 0 0 0 182 1 
4.11977855023863 5.85851282782763 5.10893890059653 0.327472318779829 -0.955185896521546 -0.673882637425435 0 0 0 26 1 
4.16932965475226 6.29825156236494 6.59016397274414 0.333666206844032 -0.400218554704383 -0.988729503406982 0 0 0 154 0 
4.68117106170759 4.37600476604119 6.6034867347323 0.897646382713449 0.109500595755149 -0.487064158158462 0 0 0 31 1 
4.74233061858817 4.98906875304218 4.12264278149726 -0.344708672676478 -0.0638664058697281 0.952830347687157 0 0 0 248 0 
6.11263318624344 6.3679937884281 4.8413752341874 -0.0484208517195701 0.358499223553513 0.917671904273425 0 0 0 111 0 
4.57535849764344 4.7624146399195 4.41501805854434 0.00941981220543053 0.407801829989938 0.739377257318043 0 0 0 85 0 
