512
2.4138225707188 1.43554073975066 1.59160644414592 0.0456911285359398 0.246777036987533 0.254580322207296 0 0 0 62 0 
2.75615830856749 0.051804177328307 0.222661475200986 0.162807915428374 -0.222409791133585 -0.113866926239951 0 0 0 161 0 
1.08449400891328 3.82824882825528 3.31648411404807 0.279224700445664 0.716412441412764 0.690824205702404 0 0 0 213 1 
3.32254550160344 1.15813863305759 0.0381324922595301 0.741127275080172 0.43290693165288 -0.0230933753870235 0 0 0 205 0 
0.194068472658851 1.50211784023061 3.55052556292133 -0.265296576367058 0.600105892011531 0.752526278146067 0 0 0 198 1 
3.68134880030311 2.43989043050553 0.0548235672763115 0.809067440015156 0.646994521525277 -0.0222588216361844 0 0 0 136 0 
1.50063409316987 1.14928074193856 0.837468542349039 -0.0499682953415065 0.582464037096928 -0.233126572882548 0 0 0 151 1 
2.27806730722677 1.73467845677758 3.95250744449377 0.888903365361338 0.261733922838879 0.522625372224689 0 0 0 45 1 
0.95220031819581 2.4766085275759 2.04903254836267 0.42261001590979 -0.051169573621205 0.777451627418134 0 0 0 112 0 
0.0526918522690032 1.96649298878242 2.22528436427293 -0.52236540738655 0.273324649439121 0.886264218213647 0 0 0 78 0 
1.61251206515485 1.30260378373933 3.62477498604195 0.705625603257743 0.840130189186966 0.806238749302097 0 0 0 52 0 
1.44470626572601 1.25237581154633 3.77806357791094 0.847235313286301 -0.412381209422684 0.463903178895547 0 0 0 153 1 
0.623050919092954 2.83972909990279 0.0649758631317761 0.806152545954648 0.31698645499514 0.0782487931565888 0 0 0 29 0 
1.32667388421749 0.360328641169782 2.01188895507064 -0.508666305789126 -0.156983567941511 0.525594447753532 0 0 0 125 1 
0.867064236845937 3.08051694726179 0.774277735239421 0.818353211842297 0.879025847363089 0.663713886761971 0 0 0 53 0 
0.121892445513962 0.0800114010378234 2.20488383865022 -0.768905377724302 -0.170999429948109 0.935244191932511 0 0 0 13 0 
2.79361996272148 2.66709776485147 0.122804043545523 0.214680998136074 0.158354888242573 -0.668859797822724 0 0 0 34 0 
2.36868867176249 0.671446485316454 3.49730095530686 0.443434433588124 0.608572324265823 -0.100134952234657 0 0 0 211 1 
1.54832071081378 1.28761612501487 2.79183670634566 -0.497583964459311 0.889380806250743 0.364591835317283 0 0 0 65 1 
2.44103694260644 1.38189869182432 2.02322428270646 -0.152948152869678 -0.555905065408784 0.726161214135323 0 0 0 126 0 
0.136457833638138 1.53491421828836 3.47222461637366 0.881822891681907 -0.548254289085582 0.0986112308186828 0 0 0 30 0 
2.40724904200235 0.131605348591206 1.88902094253588 0.195362452100117 0.23158026742956 -0.430548952873206 0 0 0 146 1 
1.58929897147803 1.10872697932932 0.16254858877266 -0.0455350514260984 -0.319563651033534 -0.866872570561367 0 0 0 159 0 
3.77291533048605 3.1151535862894 1.23388573787896 0.263645766524303 -0.21924232068553 -0.663305713106052 0 0 0 158 0 
0.00558893760875545 2.64791219241634 0.0453009761147358 0.525279446880438 -0.292604390379183 0.877265048805737 0 0 0 222 0 
1.2028668554882 0.537791031366947 2.54660002075545 -0.86485665722559 0.351889551568347 0.452330001037772 0 0 0 171 1 
1.43738307712953 1.35933779181232 2.21000745092018 -0.853130846143523 0.842966889590616 0.035500372546009 0 0 0 19 0 
2.8954605615577 1.87491001041421 2.14388982945087 0.819773028077885 -0.581254499479289 0.182194491472544 0 0 0 27 0 
3.073330088858 1.07683528915279 1.98619869893464 -0.1213334955571 -0.0211582355423606 -0.625690065053268 0 0 0 86 0 
2.06251600172558 0.295650157353089 1.43266410930246 -0.671874199913721 -0.110217492132346 0.246633205465123 0 0 0 57 0 
3.55712620833824 3.26188206335133 2.30926692330707 0.202856310416912 -0.311905896832434 -0.00953665383464652 0 0 0 169 0 
2.80468948051196 2.59820879710983 2.29255321364895 -0.134765525974402 -0.495089560144509 0.989627660682447 0 0 0 94 0 
2.03225271206044 3.48911760228573 1.73669563307741 -0.523387364396978 -0.200544119885714 -0.73816521834613 0 0 0 144 0 
2.45344740342101 3.46795937507134 2.79618065853839 0.49767237017105 0.498397968753567 -0.48519096707308 0 0 0 252 0 
0.526510206144152 3.72197724213539 2.70333625042019 0.751325510307208 0.51109886210677 -0.539833187478991 0 0 0 170 0 
2.17027754258421 0.782563859134257 1.9202744669438 0.933513877129211 0.614128192956713 -0.97898627665281 0 0 0 145 1 
3.17335096632857 0.430258706015263 2.58278883830663 0.633667548316428 0.746512935300763 -0.595860558084669 0 0 0 87 0 
3.58243087304405 1.36133237903615 2.30475603262395 -0.395878456347798 -0.156933381048193 0.490237801631198 0 0 0 241 1 
3.45926020558992 3.00878372506024 1.2600780640916 -0.0520369897205044 -0.624560813746988 0.18800390320458 0 0 0 97 0 
2.52613798920772 3.19828211736583 1.90606159237883 -0.0486931005396138 -0.415085894131709 0.670303079618942 0 0 0 132 1 
3.36669085839298 2.29022648408293 1.63412069061694 -0.106665457080351 -0.860488675795854 -0.293293965469153 0 0 0 126 1 
2.63339858028138 2.99075030240872 0.457200303403071 -0.643330070985931 -0.825462484879564 -0.552139984829846 0 0 0 13 1 
1.74193426314531 2.77420480566193 3.39235391353559 -0.337903286842734 0.413710240283097 -0.605382304323221 0 0 0 200 0 
0.804766418340879 1.51376260227988 2.97902591553743 -0.684761679082956 0.300688130113994 -0.826048704223128 0 0 0 178 0 
2.04015299752423 1.21400531989787 3.49469133881771 -0.0229923501237885 -0.564299734005107 -0.500265433059114 0 0 0 47 0 
3.7851533938948 0.71312329647088 3.92157640513152 -0.33574233030526 0.110656164823544 0.421078820256576 0 0 0 70 1 
3.98482469408688 3.32736860825125 3.58341071330736 -0.575758765295656 0.0913684304125628 0.404170535665368 0 0 0 5 1 
3.95418161842855 2.22112664638807 2.33653317589573 -0.877290919078573 0.336056332319404 0.191826658794787 0 0 0 210 0 
3.72712778223053 1.73683017668576 3.06437421385302 -0.538643610888474 -0.738158491165712 0.728218710692651 0 0 0 2 1 
3.25448493406618 3.60770598861208 2.19454762838115 0.287724246703309 -0.694614700569396 0.234727381419058 0 0 0 39 0 
1.04314528189399 3.72505457634368 3.28894929886516 0.5771572640947 -0.438747271182816 0.0394474649432583 0 0 0 110 0 
0.836722791725282 3.66080795564758 0.957722076346539 -0.933163860413736 -0.841959602217621 -0.677113896182673 0 0 0 148 0 
2.73547337200376 3.95107027257579 2.86585300082345 0.161773668600188 -0.97744648637121 -0.681707349958827 0 0 0 141 0 
1.97589767739786 3.29213159038346 3.6902166714622 0.873794883869893 -0.710393420480827 -0.29048916642689 0 0 0 37 1 
3.21575240443823 3.16384296186241 3.78877003075493 0.885787620221911 0.0831921480931206 -0.935561498462253 0 0 0 38 1 
0.232519573676523 2.83150853481655 3.20939820451033 -0.463374021316174 0.866575426740828 -0.964530089774484 0 0 0 103 1 
0.500023087150296 3.45121987713862 3.69075386585378 -0.599998845642485 0.847560993856931 -0.740462306707311 0 0 0 44 0 
2.96943259568552 0.884976809402055 3.93956951995307 0.823471629784276 0.969248840470103 -0.428021524002347 0 0 0 59 0 
3.50971825094719 2.42681030229102 3.90570137735467 -0.399514087452641 -0.103659484885449 -0.529714931132266 0 0 0 209 0 
4.54009405911546 0.471658460168397 2.65108358722102 -0.247995297044227 0.0985829230084199 0.257554179361051 0 0 0 103 0 
4.05049315164601 0.00758396983883158 1.94649187506475 -0.0724753424176992 -0.0746208015080584 0.272324593753237 0 0 0 118 0 
6.78496702547871 0.909100027449389 2.85381781154389 -0.0357516487260645 -0.129544998627531 0.417690890577195 0 0 0 96 1 
5.14057935898491 0.847655491894085 0.199524748675547 -0.467971032050754 0.167382774594704 -0.215023762566223 0 0 0 10 1 
4.90485781665657 0.918335955878291 0.81742054822387 -0.229757109167171 -0.0790832022060853 0.415871027411194 0 0 0 123 1 
6.09227811274412 3.74270223297958 3.32025063824552 -0.620386094362794 0.412135111648979 0.541012531912276 0 0 0 179 1 
5.02334939509279 1.04004300897929 0.423742301889062 -0.22383253024536 0.0770021504489643 0.446187115094453 0 0 0 115 1 
4.76044592755663 3.01139767630694 0.380225962167227 -0.836977703622169 0.525569883815347 -0.405988701891638 0 0 0 254 1 
7.41382668035814 2.81682639636063 3.09887672521546 0.0956913340179071 0.0658413198180312 0.829943836260773 0 0 0 102 0 
7.07799022558253 0.344202706643273 3.20167541907165 -0.671100488720873 -0.357789864667836 0.685083770953582 0 0 0 221 1 
6.63323322052509 3.03114346612758 2.36720492802237 -0.543338338973746 -0.123442826693621 0.393360246401119 0 0 0 150 1 
4.38009199834494 0.608020110553177 0.383375792334248 -0.105995400082753 0.355401005527659 -0.455831210383288 0 0 0 235 1 
6.89460185429043 2.0784732992736 2.7670478651217 -0.830269907285479 0.82892366496368 0.363352393256085 0 0 0 72 1 
4.06241186411354 0.337776381688412 1.49381831497894 -0.421879406794323 0.691888819084421 0.499690915748947 0 0 0 60 1 
6.14233333909108 0.403907976916812 2.54634619348341 0.0321166669545541 0.145195398845841 0.95231730967417 0 0 0 74 0 
4.96874781479594 1.28853185058089 1.08563944642686 0.173437390739797 0.489426592529045 -0.570718027678657 0 0 0 190 0 
7.3126028713648 0.192097952330337 0.131126728079749 -0.10936985643176 0.0346048976165169 -0.718443663596013 0 0 0 83 0 
4.87292476118608 1.5964383213162 0.193715244523396 -0.181353761940696 0.0548219160658101 -0.71531423777383 0 0 0 84 0 
4.12724464036155 0.533075565623381 1.26890815292836 0.0313622320180778 -0.148346221718831 0.788445407646418 0 0 0 32 0 
5.05003835641831 0.633442506516504 3.91869294525681 -0.922498082179084 -0.743327874674175 0.82093464726284 0 0 0 116 0 
4.67540964907357 1.10825764102342 0.426781415360831 -0.891229517546321 -0.619587117948829 0.796339070768041 0 0 0 75 0 
6.39243611910468 0.131898245841691 1.506521382119 0.394621805955234 0.531594912292084 -0.54967393089405 0 0 0 182 0 
5.96109340293624 3.61875106421531 2.63149755535841 0.573054670146812 0.755937553210766 -0.143425122232079 0 0 0 210 1 
7.21766776231445 2.94498225512855 1.18534052189764 0.885883388115722 0.972249112756428 -0.165732973905118 0 0 0 66 1 
6.07080334782647 3.82054612999469 1.6682635614825 0.228540167391324 0.966027306499735 -0.691586821925875 0 0 0 2 0 
5.41502816715467 0.898425859925608 3.88647209350972 0.695751408357734 -0.130078707003719 0.369323604675486 0 0 0 128 0 
5.5737575250391 1.48801269780438 3.02209880471801 0.703687876251955 0.399400634890219 0.476104940235901 0 0 0 236 1 
5.3513712774877 1.01772823552865 3.74990434245978 0.592568563874385 0.825886411776433 0.862495217122989 0 0 0 99 0 
5.76174570254883 1.33184161016645 1.13347209503846 0.763087285127441 0.241592080508323 0.931673604751923 0 0 0 95 0 
4.53013500069463 1.01944510919824 0.196341507424368 0.201506750034732 -0.624027744540088 -0.765182924628781 0 0 0 9 0 
5.80521709300975 1.78692860383139 1.64135931916258 0.615260854650488 -0.335653569808431 -0.742932034041871 0 0 0 207 0 
5.94329388241645 1.08988976474337 1.56714311145061 0.672164694120822 -0.670505511762832 -0.646642844427469 0 0 0 88 0 
7.08838338200172 2.87965526136364 2.14504740486385 -0.0705808308999134 -0.431017236931818 0.282252370243192 0 0 0 244 0 
4.82684564557286 3.05132150424488 1.89109823048973 -0.533657717721357 -0.322433924787755 0.519554911524486 0 0 0 185 1 
4.00108898958678 1.99737035007148 3.63707014347628 -0.824945550520661 -0.725131482496426 0.156853507173814 0 0 0 65 0 
4.4264552467006 1.86634098707959 0.1361687244373 -0.50367723766497 -0.981682950646021 0.681808436221865 0 0 0 166 0 
7.62809866741914 2.50124667128727 2.8421986064924 0.856404933370957 -0.499937666435636 -0.38289006967538 0 0 0 95 1 
5.38777250508153 1.93183226072759 2.48170912894613 -0.105611374745923 0.521591613036379 -0.700914543552693 0 0 0 208 0 
5.70128658587397 2.48916554434558 3.30596360063531 0.910064329293698 0.0494582772172791 0.0402981800317657 0 0 0 40 0 
5.11903108336035 2.06286613394641 1.59445854012536 0.980951554168017 0.32814330669732 0.154722927006268 0 0 0 146 0 
4.38938223594251 3.1423054022363 3.71699077957309 0.244469111797126 0.932115270111815 0.360849538978654 0 0 0 49 0 
4.84408618535843 0.392131476162474 2.13995875847012 0.467204309267922 0.544606573808124 -0.368002062076493 0 0 0 229 1 
5.27330937764917 3.06685856142289 2.68446436165887 0.638665468882458 -0.421657071928856 0.959223218082944 0 0 0 196 0 
6.88538999648332 3.0618767111096 1.81791288156188 0.369269499824166 -0.67190616444452 0.915895644078094 0 0 0 1 0 
7.66249369182656 2.06528065771335 0.683676047110962 0.358124684591328 -0.971735967114333 -0.940816197644452 0 0 0 181 0 
6.09202048309084 3.60968872504378 2.52378342336203 -0.470398975845458 0.505484436252189 -0.848810828831899 0 0 0 185 0 
5.93204593543252 1.8262964058301 3.07481262809246 -0.0783977032283739 0.416314820291505 -0.871259368595377 0 0 0 204 1 
6.51733072753521 1.88612345528104 3.25992064577669 -0.69913346362324 -0.0306938272359479 -0.462003967711166 0 0 0 121 0 
6.50267117344484 2.8230857075836 2.68225884705271 -0.799866441327758 0.66615428537918 -0.840887057647364 0 0 0 247 0 
7.82176047289612 0.905510127745826 2.36983838879232 0.766088023644806 -0.829724493612709 -0.856508080560384 0 0 0 120 0 
4.21835038459456 2.17971421437747 0.330922539301587 0.385917519229728 0.933985710718873 0.44154612696508 0 0 0 52 1 
4.11388209264786 2.1138654292301 1.80021276605673 0.430694104632393 -0.369306728538495 0.265010638302836 0 0 0 249 0 
4.39089916602733 3.37525556614159 2.95493494602884 0.494544958301367 -0.0562372216929206 -0.327253252698558 0 0 0 226 1 
4.38694956400113 3.96332349798488 0.46061409948361 0.644347478200056 -0.476833825100756 -0.301969295025819 0 0 0 108 1 
7.79876397663186 3.69075635574668 1.66324741483521 0.264938198831593 -0.340462182212666 0.0581623707417604 0 0 0 135 0 
4.72880683058644 3.82383150171116 0.104385209859441 -0.888559658470678 -0.483808424914442 0.230219260492972 0 0 0 75 1 
4.85605101574095 3.05898610745406 0.669409882560379 0.117802550787048 -0.972050694627297 0.258470494128019 0 0 0 139 1 
4.13756312498218 3.5665453746847 0.442482457647019 -0.318121843750891 -0.946672731265765 0.897124122882351 0 0 0 218 0 
6.2805865841707 3.88677459423304 0.378790399930303 0.789029329208535 -0.130661270288348 0.793939519996515 0 0 0 203 0 
4.68686819742992 0.678494163425755 3.50671083399982 -0.140656590128504 0.00892470817128777 -0.749664458300009 0 0 0 100 0 
7.88791808667036 0.414670297221716 3.75278934555799 0.869395904333518 -0.804266485138914 -0.387360532722101 0 0 0 67 1 
7.07538356675668 1.32983591202266 3.44917898959494 0.778769178337834 0.591491795601133 -0.852541050520253 0 0 0 200 1 
4.98386516020918 3.00373398064902 3.43230028016289 -0.925806741989541 -0.674813300967549 -0.853384985991855 0 0 0 68 1 
0.988011109022086 4.4594300736788 0.439366093717375 0.374400555451104 -0.10202849631606 -0.103031695314131 0 0 0 235 0 
2.74946684051279 5.89218381265555 0.313896194278134 0.0624733420256394 -0.0303908093672229 0.340694809713907 0 0 0 170 1 
1.53173249829133 4.21308217629063 1.66181858598231 0.151586624914566 -0.664345891185468 -0.0919090707008845 0 0 0 54 0 
1.85457865917543 7.58849858911243 3.17720321465803 -0.182271067041229 0.354424929455622 0.483860160732901 0 0 0 98 1 
3.22908804038236 7.92846400245555 0.0577225097310577 0.136454402019118 0.271423200122777 -0.372113874513447 0 0 0 57 1 
1.45385850291431 4.95942255079752 1.02920798366598 0.497692925145716 -0.527028872460124 0.526460399183299 0 0 0 100 1 
0.927250292037373 6.89063944195493 3.43061530166719 -0.128637485398131 -0.630468027902254 0.44653076508336 0 0 0 32 1 
2.89166603895946 6.10300222519091 1.75025356985994 0.769583301947973 -0.469849888740455 -0.237487321507003 0 0 0 36 1 
0.80448285748501 6.36493276888596 0.930693727098792 0.26522414287425 -0.106753361555703 -0.37846531364506 0 0 0 253 1 
3.66150591367323 6.20190046181323 2.45235002596402 0.708075295683661 -0.514904976909339 0.747617501298201 0 0 0 114 0 
2.81498857604968 6.80405276113199 0.0309489261357061 0.265749428802484 0.365202638056599 0.476547446306785 0 0 0 35 1 
1.79976380720076 4.98423547678051 1.24083327465022 -0.285011809639962 -0.925788226160974 0.337041663732511 0 0 0 224 1 
0.34207451008945 5.25827892985855 3.01824636885199 -0.507896274495528 -0.262086053507073 0.875912318442599 0 0 0 214 0 
3.1110339840473 6.02192552603556 3.00277916719125 -0.119448300797635 0.176096276301778 0.875138958359563 0 0 0 90 0 
2.41981690412724 6.38540620332333 1.61439767845364 0.245990845206362 -0.155729689833834 0.705719883922682 0 0 0 187 0 
1.96592537862053 4.0056021641244 2.72750314221445 0.323296268931026 -0.87471989179378 0.861375157110723 0 0 0 213 0 
3.91928501815694 4.25934711796948 1.58778875912562 0.0209642509078471 -0.862032644101526 0.754389437956281 0 0 0 168 0 
3.58452651917569 7.91567208659743 2.9113158517369 0.454226325958785 0.570783604329872 0.620565792586845 0 0 0 110 1 
2.13096156086034 5.87809143443257 3.81365657588164 0.981548078043017 -0.081095428278371 0.315682828794082 0 0 0 174 0 
2.43142083362671 5.20437155282035 0.388824129999526 -0.253428958318665 -0.964781422358983 0.344441206499976 0 0 0 240 1 
1.94389295686905 4.94772514150905 1.06117811291488 -0.177805352156547 -0.827613742924547 0.728058905645744 0 0 0 230 0 
3.00187850390609 7.61407010416261 3.60478409225784 0.625093925195304 0.65570350520813 0.105239204612892 0 0 0 215 0 
1.99450190696846 7.73247523391287 2.97489715866763 0.874725095348423 -0.838376238304357 -0.0262551420666183 0 0 0 189 0 
0.920058489727704 5.03912560182474 1.83141433955923 0.871002924486385 -0.523043719908763 0.366570716977962 0 0 0 17 1 
0.542672439702104 7.38411429269609 1.93087910495895 0.902133621985105 -0.205794285365195 0.471543955247947 0 0 0 178 1 
0.916273182748942 4.94842422417299 1.09411466376234 0.820813659137447 -0.92757878879135 -0.0202942668118828 0 0 0 157 0 
0.0712587906265032 6.78399543947393 1.25117550179477 0.0285629395313252 -0.985800228026304 0.887558775089738 0 0 0 133 0 
3.86563774336485 6.87104418381634 3.42150389622489 0.868281887168243 0.618552209190817 0.0960751948112444 0 0 0 151 0 
2.49283730769671 6.63684280279086 3.27310685802814 0.949641865384835 0.706842140139543 0.288655342901407 0 0 0 173 0 
0.14618466770281 6.40300372439471 0.0158237099304666 -0.81769076661486 0.645150186219735 -0.574208814503476 0 0 0 137 1 
0.532293730691234 6.86853591608936 2.07499512791695 -0.998385313465438 -0.331573204195532 0.628749756395848 0 0 0 89 1 
0.547072345731015 5.69001191510298 0.758716836830753 -0.897646382713449 0.109500595755149 -0.487064158158462 0 0 0 31 1 
0.605826546470429 4.22267188260544 0.443393046256849 -0.344708672676478 -0.0638664058697281 -0.952830347687157 0 0 0 248 0 
0.110916422327112 5.25978989013903 1.29729543468535 0.480545821116356 -0.812010505493049 -0.760135228265733 0 0 0 199 0 
3.75376476201416 4.63276795016782 2.77891814263402 0.862688238100708 0.306638397508391 0.363945907131701 0 0 0 7 1 
2.68045391937187 5.296695873882 2.33795279675978 0.759022695968594 0.5898347936941 0.541897639837989 0 0 0 188 1 
2.99759351939948 5.91125302922634 1.45244851968763 0.874879675969974 0.920562651461317 -0.0523775740156186 0 0 0 46 0 
2.20372462416945 6.04418244633385 0.724912275303017 -0.114813768791528 0.777209122316692 0.911245613765151 0 0 0 217 0 
3.21760948189456 5.46842503820419 0.861380499520255 -0.364119525905272 0.19842125191021 -0.381930975023987 0 0 0 118 1 
0.434057129872408 6.02198609900027 3.21722735883191 0.39670285649362 0.926099304950014 -0.314138632058404 0 0 0 112 1 
0.0609348475873832 5.11165424835188 1.73470920774538 0.128046742379369 -0.119417287582407 -0.888264539612731 0 0 0 191 0 
1.52371184707305 6.82266507257608 3.12310810249374 0.101185592353653 0.816133253628804 -0.318844594875313 0 0 0 169 1 
2.05400078369634 7.70531656285263 1.70362210101567 -0.872299960815183 -0.289734171857368 -0.789818894949217 0 0 0 28 0 
2.932725939334 4.62312470444555 2.88709535593636 -0.3783637030333 -0.943843764777723 -0.530645232203182 0 0 0 238 0 
1.17068726200796 4.8481427203963 2.76917769904973 -0.0164656368996022 0.667407136019815 0.663458884952487 0 0 0 158 1 
1.14406982353217 4.18478259954106 0.758812561890941 -0.517796508823392 0.184239129977053 0.362940628094547 0 0 0 97 1 
0.608816309940735 5.44213752986164 2.74403248275685 -0.644559184502963 0.897106876493082 0.612201624137843 0 0 0 47 1 
2.48563118723806 7.39973262603472 3.3867084500764 -0.850718440638097 -0.705013368698264 0.64433542250382 0 0 0 168 1 
3.34011706241393 5.23343418667951 1.01556217115977 -0.557994146879303 -0.463328290666024 0.925778108557988 0 0 0 22 0 
3.084124425275 7.52419290589528 3.47500770181599 -0.77079377873625 0.851209645294764 0.998750385090799 0 0 0 139 0 
1.81651030042533 4.79260957694121 2.30797146166704 0.215825515021266 0.46463047884706 -0.909601426916648 0 0 0 131 1 
2.55933381734575 7.0454661509881 3.37216822844965 -0.247033309132712 0.177273307549405 -0.406391588577518 0 0 0 80 1 
0.182079723790548 6.41529255285792 2.68070569673341 -0.465896013810472 0.995764627642896 -0.990964715163329 0 0 0 107 1 
2.61572456895424 4.01494504035345 1.15385684497917 0.455786228447712 0.575747252017672 -0.267307157751042 0 0 0 239 1 
2.37643081700889 4.26447215864964 1.60261516517439 0.393821540850444 0.688223607932482 0.705130758258719 0 0 0 250 0 
1.30791061646159 4.35564345691267 3.27792954448717 0.990395530823079 0.842782172845633 -0.261103522775641 0 0 0 63 1 
3.94620775581439 4.5086404316422 2.43143151893632 -0.0276896122092806 0.60043202158211 -0.603428424053184 0 0 0 221 0 
3.16216596647841 4.64385954796805 0.387088782386411 -0.86689170167608 -0.892807022601597 -0.655645560880679 0 0 0 233 0 
2.63944368908988 6.51491842245405 3.55943073322011 0.656972184454494 0.700745921122703 -0.847028463338994 0 0 0 206 1 
2.98945995450166 4.5434170441554 3.37959380211114 -0.325527002274917 -0.0978291477922298 -0.806020309894443 0 0 0 251 0 
2.93983184718894 4.70141698850111 3.72582954017681 -0.328008407640553 -0.789929150574944 -0.738708522991159 0 0 0 227 0 
0.450113676376576 7.47139074916354 3.77315377732962 -0.902494316181171 -0.501430462541823 -0.886342311133519 0 0 0 23 1 
5.69178206204309 4.16228116451589 3.88862812063621 0.0595891031021543 -0.266885941774206 0.56943140603181 0 0 0 249 1 
5.2459862404075 5.73691227617148 3.79118917537188 -0.562700687979625 -0.338154386191426 0.364559458768594 0 0 0 61 0 
6.77068988349412 7.40434475618699 3.25706696009935 -0.336465505825294 0.245217237809349 0.687853348004968 0 0 0 27 1 
6.10040914724451 7.71468356740857 1.20181223420012 -0.369979542637774 0.360734178370429 0.635090611710006 0 0 0 3 1 
6.58533083960727 6.91631691247735 3.08213365540395 0.104266541980363 0.0708158456238677 0.929106682770198 0 0 0 197 0 
4.85271428436926 7.86837114803906 2.18884486364416 -0.182364285781536 -0.681581442598047 0.834442243182208 0 0 0 216 0 
5.92321643488158 6.26108818002198 1.27362626804726 -0.978839178255921 -0.0619455909989007 0.238681313402363 0 0 0 255 0 
5.29399964289879 6.38992658714532 0.35905005792114 0.18969998214494 -0.305503670642734 0.342952502896057 0 0 0 46 1 
6.91470114799695 6.0240713726287 3.49073443416202 -0.829264942600152 -0.423796431368565 0.649536721708101 0 0 0 104 1 
5.69146613866633 4.51261165333053 1.38407786168631 -0.940426693066684 -0.899369417333474 0.494203893084315 0 0 0 252 1 
5.89116282261753 6.27886818822316 1.46732130754407 -0.930441858869123 -0.261056590588842 -0.351633934622796 0 0 0 244 1 
6.05993628712165 7.45718450062502 1.47969578952056 -0.372003185643917 -0.402140774968749 0.898984789476028 0 0 0 3 0 
4.02309334025407 7.34203193813014 1.34501136905001 -0.673845332987296 -0.457898403093493 0.792250568452501 0 0 0 18 0 
6.31876482858278 7.78808755950303 1.51363655365737 -0.459061758570861 0.714404377975151 0.0506818276828687 0 0 0 137 0 
7.11094922038988 7.30530122592434 2.84375669385003 -0.919452538980506 -0.459734938703783 0.617187834692501 0 0 0 99 1 
7.48550603628964 5.01104060363659 1.05482178104121 -0.850724698185518 0.12555203018183 -0.0722589109479397 0 0 0 108 0 
6.97257026758236 6.18283864090179 3.51568890334813 -0.976371486620882 -0.66585806795491 -0.0492155548325938 0 0 0 78 1 
6.39237228407775 6.75158000831616 0.277701211885368 -0.955381385796113 -0.737420999584192 0.388885060594268 0 0 0 247 1 
7.04879631316858 5.88010605783992 0.360974076811742 -0.922560184341571 -0.530994697108004 0.643048703840587 0 0 0 115 0 
5.37363930069014 5.77119439600218 1.83213329356799 -0.856318034965493 0.313559719800109 -0.4333933353216 0 0 0 83 1 
7.37659540165189 6.65302995695034 0.558842622380617 -0.806170229917406 -0.642348502152483 0.852942131119031 0 0 0 80 0 
6.61280518300558 6.10438746779058 0.486087667303894 -0.844359740849721 0.0302193733895288 -0.650695616634805 0 0 0 232 0 
5.67324676243603 6.33991433395886 0.879622910300744 0.258662338121801 -0.708004283302057 0.818981145515037 0 0 0 129 0 
6.55193874654693 7.98722701731021 3.18981481281175 0.152596937327346 -0.87563864913449 0.0844907406405877 0 0 0 156 0 
4.79820831370197 7.98766823176711 0.88924701220781 -0.0350895843149014 -0.975616588411645 -0.33053764938961 0 0 0 242 1 
4.45218843026146 7.63040071227395 3.04401742995457 -0.452390578486927 -0.943479964386302 -0.172799128502271 0 0 0 167 1 
5.5941490504791 5.55976861818462 3.0516908764544 0.354707452523955 -0.447011569090769 0.82758454382272 0 0 0 38 0 
7.59539249093087 6.13375046154268 3.77314036079659 0.804769624546544 -0.918312476922866 0.91365701803983 0 0 0 224 0 
6.89078561969375 7.46076062482085 1.35510231692727 0.669539280984688 0.298038031241042 -0.457244884153636 0 0 0 87 1 
5.53158296560861 5.33001552892974 0.146561914531505 -0.0484208517195701 -0.358499223553513 -0.917671904273425 0 0 0 111 0 
4.24137190794792 4.10769754422923 2.24603716972019 -0.812931404602604 -0.269615122788538 -0.41269814151399 0 0 0 217 1 
6.22923887930096 7.31551607098762 3.03468965591506 0.436461943965048 -0.509224196450619 -0.223265517204247 0 0 0 55 1 
5.87477589051817 6.21309366561954 2.70976532622064 -0.831261205474091 0.635654683280977 0.860488266311032 0 0 0 219 0 
5.88107792735584 6.85895405523945 3.61877892112634 -0.530946103632208 0.767947702761972 -0.0940610539436829 0 0 0 157 1 
4.80819173038047 5.22027939184758 0.86056628070375 0.265409586519023 -0.663986030407621 -0.0319716859648126 0 0 0 25 0 
7.06218848021033 6.6600954040224 2.08873780970604 0.928109424010517 -0.39199522979888 0.579436890485302 0 0 0 101 1 
7.7110610121367 4.96396539480869 2.39676110276669 0.960553050606835 -0.0268017302595656 0.744838055138335 0 0 0 245 0 
5.37633757888722 4.93917630437869 0.132825598321325 0.393816878944361 0.121958815218934 0.0316412799160662 0 0 0 11 0 
5.31185414415101 5.84242990365286 0.734852125908502 0.340592707207551 -0.232878504817357 0.861742606295425 0 0 0 134 0 
7.8695357756803 4.14103477121836 0.206890333360745 0.968476788784015 -0.167948261439082 0.935344516668037 0 0 0 237 0 
7.08399961148506 4.82494859988622 0.802182011782817 0.0291999805742527 -0.133752570005689 -0.834890899410859 0 0 0 223 0 
7.39707635003646 5.95939692410974 0.852250073434286 0.394853817501823 -0.677030153794513 -0.882387496328286 0 0 0 45 0 
6.6834567022459 6.52223316382197 1.88633561167527 -0.690827164887705 0.0511116581910986 -0.580683219416236 0 0 0 229 0 
5.95206583320862 5.61169814689956 2.50608539802268 -0.927396708339569 -0.644415092655022 -0.449695730098866 0 0 0 76 1 
4.41934558407498 6.0449350204893 2.41691205957201 0.145967279203749 0.727246751024465 -0.4541543970214 0 0 0 142 1 
6.11507315100192 5.65789925412214 0.345177343648163 -0.269246342449904 0.557894962706107 0.442258867182408 0 0 0 245 1 
6.75725313110987 5.57596429849253 1.51398475002058 0.0128626565554935 0.653798214924627 0.600699237501029 0 0 0 223 1 
7.81378709514606 6.11308719780083 0.510693760632726 -0.284310645242697 0.980654359890041 0.700534688031636 0 0 0 43 0 
5.66724048228345 5.26078226676871 0.303631053358827 -0.191637975885827 0.438039113338435 0.790181552667941 0 0 0 79 0 
4.16864697765861 6.4153392131955 0.375633048906384 -0.966567651117069 0.895766960659775 -0.706218347554681 0 0 0 212 0 
6.30158057003346 7.38376308827158 1.36345422718935 0.990079028501673 0.0441881544135785 0.143172711359467 0 0 0 155 0 
6.14887363196655 6.48409597933873 2.42711966299744 0.832443681598328 0.0492047989669362 0.746355983149872 0 0 0 246 0 
5.93152035997909 7.12303332631947 0.137426269281693 0.871576017998955 -0.918848333684027 -0.0181286865359154 0 0 0 201 0 
5.54288340407145 5.92175167498703 3.59999836782723 0.702144170203572 0.371087583749352 0.854999918391361 0 0 0 104 0 
6.01253780695072 6.52711137106808 1.75377199150112 0.275626890347536 0.301355568553404 -0.937311400424944 0 0 0 1 1 
4.25263108442607 7.88268024565399 2.17715434642755 -0.112368445778697 -0.9808659877173 -0.616142282678623 0 0 0 211 0 
7.86499841884313 5.16858234484648 1.96832387447664 0.968249920942156 -0.366570882757676 -0.876583806276168 0 0 0 125 0 
6.75943413591308 4.81710738829105 2.2451921692568 -0.187028293204346 0.565855369414552 -0.11274039153716 0 0 0 202 1 
7.95055362440343 5.60371793043092 2.97765274850869 -0.327472318779829 0.955185896521546 0.673882637425435 0 0 0 26 1 
7.98596853964046 5.26212587068991 0.254383564839898 -0.525701573017977 0.688106293534495 0.687719178241995 0 0 0 175 0 
6.73704311964054 4.7175809169279 0.272492826770673 -0.438147844017973 0.360879045846395 -0.911375358661466 0 0 0 41 0 
4.54923339098189 6.18957203466846 1.61569028528358 0.502461669549095 -0.165521398266577 -0.244215485735821 0 0 0 234 1 
5.39385625390338 4.96439866293493 0.479664938435692 0.994692812695169 -0.676780066853254 0.898983246921784 0 0 0 26 0 
4.70878807464772 4.35999772723006 3.50531259126945 0.410439403732386 0.0929998863615029 0.200265629563472 0 0 0 12 0 
5.12049937209757 7.21973018387207 3.15702200422306 -0.468975031395122 -0.0140134908063967 -0.617148899788847 0 0 0 142 0 
4.68839624410861 6.34396340020125 2.71245485363914 0.00941981220543053 -0.407801829989938 -0.739377257318043 0 0 0 85 0 
4.95615077376839 6.91884879845834 3.20506456044177 -0.977192461311581 -0.379057560077083 -0.664746771977911 0 0 0 72 0 
6.65849792052394 6.24555444733127 3.10630823216617 0.357924896026197 0.0872777223665637 -0.719684588391692 0 0 0 145 0 
6.71925645980245 7.44252051618892 2.28816172914305 -0.739037177009877 -0.552873974190554 -0.960591913542848 0 0 0 90 1 
7.05398276559451 5.72608374438187 2.95914198496781 0.0776991382797252 -0.988695812780906 -0.62704290075161 0 0 0 202 0 
4.98338727195305 4.7774646235748 3.30649938631997 -0.0758306364023476 0.91387323117874 -0.00967503068400177 0 0 0 123 0 
5.39427157337671 4.90476444575865 3.91839431944752 -0.305286421331164 0.970238222287932 0.470919715972376 0 0 0 85 1 
5.12605804709614 4.40254438585605 0.376799190117108 -0.668697097645193 0.595127219292803 -0.456160040494145 0 0 0 175 1 
6.42180048246374 4.22660000903783 1.10744126206218 0.646090024123187 0.836330000451892 -0.919627936896891 0 0 0 127 0 
6.82952811245418 4.0858230980185 1.63896533690417 0.466476405622709 0.279291154900925 -0.793051733154791 0 0 0 23 0 
4.10605476421633 5.1081331100929 3.58057839015019 0.180302738210817 -0.669593344495355 0.704028919507509 0 0 0 25 1 
4.26011085454935 5.96746810446153 2.28824305162765 0.588005542727468 -0.726626594776923 -0.210587847418617 0 0 0 228 1 
4.17963220868591 5.32019731094941 2.29019949250982 0.783981610434296 -0.60899013445253 0.789509974625491 0 0 0 101 0 
4.21916214783077 7.72540054745757 1.69270835207401 0.535958107391539 0.511270027372878 -0.790364582396299 0 0 0 91 0 
4.06705075903294 6.34833340627261 3.53996008915293 0.278352537951647 -0.65758332968637 -0.348001995542353 0 0 0 30 1 
4.78385697925849 6.13887171206546 3.68661708331072 0.964192848962925 0.431943585603273 -0.640669145834464 0 0 0 10 0 
5.99121151278325 7.00152506733927 3.7444134855622 -0.0754394243608369 -0.824923746633036 -0.48777932572189 0 0 0 240 0 
4.74236506943801 5.80110710626367 3.85430783370096 -0.2378817465281 -0.984944644686816 -0.882284608314952 0 0 0 219 1 
2.08886988306791 1.56368154008166 5.45065257223606 0.229443494153395 0.0531840770040832 -0.00246737138819697 0 0 0 19 1 
2.31572135334847 0.914123764964319 4.35160171605144 0.0407860676674237 -0.279293811751784 -0.207419914197428 0 0 0 186 1 
2.55551828365501 1.73774594203137 7.45867927166658 0.0527759141827502 0.161887297101569 -0.452066036416671 0 0 0 6 0 
3.2528876547566 3.13045352320913 6.69332736087256 0.23764438273783 0.681522676160456 -0.540333631956372 0 0 0 150 0 
3.63832276358026 0.156476367476508 5.81130151636283 0.906916138179013 0.232823818373825 -0.184434924181858 0 0 0 162 1 
0.0693804788051502 1.9255792632039 4.92802639907521 0.178469023940257 0.721278963160195 0.0214013199537599 0 0 0 16 1 
1.68823928612468 2.73229486971898 5.13154306526787 0.809411964306234 -0.0383852565140511 -0.168422846736607 0 0 0 62 1 
1.24347968929744 1.4761486892021 5.60848437452594 0.687173984464872 -0.251192565539895 0.0554242187262972 0 0 0 140 1 
1.231773694333 1.19973867801724 7.90066538694349 0.63658868471665 -0.365013066099138 -0.229966730652825 0 0 0 253 0 
2.33296758521176 1.44814863952135 7.61217652285501 0.991648379260588 0.397407431976068 0.20560882614275 0 0 0 186 0 
2.30093750351186 2.21000595404408 5.99059113548662 0.940046875175593 0.185500297702204 -0.775470443225669 0 0 0 21 1 
0.133781670484576 1.81875425704203 6.72808182032686 0.381689083524229 0.865937712852102 0.361404091016343 0 0 0 68 0 
0.129790103139424 0.106228739819048 5.44662220595385 0.231489505156971 -0.119688563009048 -0.952668889702308 0 0 0 121 1 
3.23461312363419 1.22747674436167 5.52953753800634 0.53673065618171 0.736373837218083 0.251476876900317 0 0 0 76 0 
1.05554123102898 0.350903881305474 7.23896944592222 -0.522222938448551 -0.207454805934726 0.186948472296111 0 0 0 241 0 
0.0490877153183564 2.09113892280382 7.38269379018602 -0.772545614234082 0.679556946140191 -0.755865310490699 0 0 0 161 1 
1.73302895420252 1.21300316573543 5.22638504726827 0.311651447710126 0.885650158286772 -0.713680747636587 0 0 0 113 0 
1.19546851004898 0.61120551108985 6.40831164628485 0.484773425502449 -0.594439724445508 -0.904584417685758 0 0 0 128 1 
0.919410048707114 0.0758951361887852 4.28866280940676 -0.729029497564644 0.378794756809439 -0.960566859529662 0 0 0 189 1 
2.3030840692662 2.9687039143623 6.49428370316823 -0.05984579653669 -0.226564804281885 0.199714185158412 0 0 0 176 0 
3.34305992676415 0.353750656930865 4.38079634324624 0.292152996338208 -0.907312467153457 -0.805960182837688 0 0 0 11 1 
0.177586330467114 0.333302859091198 5.6481941480786 0.183879316523356 0.89166514295456 0.25740970740393 0 0 0 8 0 
1.16788140168501 1.92910308780783 6.10769604780216 -0.866605929915749 -0.228544845609609 0.180384802390108 0 0 0 171 0 
2.33113984857637 2.11158549402586 5.78238265555286 0.341556992428819 -0.619420725298707 0.264119132777643 0 0 0 69 0 
0.956311773632841 2.05149829467082 5.05520914002954 -0.0771844113183578 0.0275749147335409 0.277760457001477 0 0 0 7 0 
3.83657460250066 1.49851847134474 6.98155622373136 0.166828730125033 -0.700074076432763 0.774077811186568 0 0 0 49 1 
1.97353508940765 2.95198084507882 6.91255456905344 -0.776323245529618 0.722599042253941 -0.579372271547328 0 0 0 162 0 
2.06200083526401 0.277941795085867 4.41188026827892 -0.771899958236799 0.538897089754294 -0.204405986586054 0 0 0 182 1 
2.55460232218271 2.33075906383703 7.05478903374067 -0.547269883890865 0.291537953191851 -0.672260548312966 0 0 0 15 1 
2.38525170113051 0.109840721228762 5.917543678241 -0.705737414943474 0.530492036061438 0.62087718391205 0 0 0 165 1 
0.0273954803333838 2.76405746957593 7.16482549980155 0.976369774016669 -0.486797126521203 -0.566758725009922 0 0 0 48 0 
3.34368459644035 2.43635855561852 6.29546646428222 0.742184229822017 0.696817927780926 0.789773323214111 0 0 0 225 1 
2.84480583444922 1.94935738615679 5.72531101987338 0.417240291722461 0.77246786930784 0.611265550993669 0 0 0 106 1 
0.736244414694563 2.68884739425235 6.16005030968165 -0.738187779265272 0.109442369712617 0.783002515484083 0 0 0 33 1 
3.0283659749547 3.3941382277587 5.47023403257082 -0.323581701252265 0.494706911387935 0.648511701628541 0 0 0 251 1 
2.79677568880302 2.02633248115871 4.72840479596193 -0.735161215559849 -0.173683375942065 -0.338579760201903 0 0 0 134 1 
2.33636198264192 0.879334854101645 6.60286237877205 -0.908181900867904 0.218966742705082 -0.794856881061398 0 0 0 109 1 
2.27407413695663 2.16859279703528 7.4481440172281 -0.0112962931521684 -0.966570360148236 -0.052592799138595 0 0 0 183 1 
0.16808830665212 3.06514597082656 5.60317928840475 -0.516595584667394 -0.621742701458672 -0.244841035579762 0 0 0 82 1 
1.91162337536667 3.22475087818164 5.29428658305862 0.320581168768334 -0.763762456090918 -0.860285670847069 0 0 0 105 1 
2.11030520036221 2.72769804844589 5.17380011173466 -0.66948473998189 -0.938615097577706 -0.316309994413266 0 0 0 133 1 
2.82319404380773 2.81201478072565 7.40497606817805 -0.583840297809613 -0.884399260963717 0.595248803408903 0 0 0 130 1 
3.35986575590238 1.53198289388231 4.99390610241286 -0.0570067122048807 0.251599144694115 0.824695305120643 0 0 0 77 1 
3.91630737183216 2.89158019050218 6.39397005611107 -0.529184631408392 0.269579009525109 0.144698502805553 0 0 0 58 0 
3.20808556380053 2.95780957222082 7.7217031258489 -0.814595721809974 0.322890478611041 -0.788914843707555 0 0 0 64 1 
3.89789730661362 0.160690584787262 6.97417060723932 -0.830105134669319 0.983034529239363 0.323708530361966 0 0 0 77 0 
3.66826119817819 2.06190783081751 5.74951139170289 -0.59158694009109 -0.821904608459125 0.0624755695851447 0 0 0 9 1 
0.658143375430478 3.80517233171074 4.4496997180088 0.557907168771524 -0.334741383414463 -0.15251501409956 0 0 0 246 1 
1.39668960244775 3.99046333941376 5.98206687977235 -0.155165519877612 -0.725476833029312 0.224103343988618 0 0 0 89 0 
3.72120958675361 3.84943540027661 6.9756390121672 -0.03893952066232 -0.782528229986169 0.42378195060836 0 0 0 93 0 
1.11596124233098 3.52642055795175 6.20122611197439 0.780798062116549 -0.498678972102413 -0.61493869440128 0 0 0 42 0 
3.40164620000269 3.16002717972801 5.21072362368842 0.595082310000135 -0.9669986410136 0.185536181184421 0 0 0 220 0 
3.36353870311411 3.58532060022012 5.12167372029368 -0.906823064844295 -0.645733969988994 0.231083686014684 0 0 0 66 0 
2.21820271245299 3.19705102879055 4.02210539352063 0.73591013562265 -0.0651474485604725 0.626105269676032 0 0 0 180 1 
3.00397938748455 3.1290822639216 4.74488691773407 0.575198969374227 -0.96854588680392 0.912244345886703 0 0 0 236 0 
4.77667297909199 0.802708783204614 4.43487373234683 -0.5861663510454 -0.0348645608397693 -0.153256313382659 0 0 0 53 1 
5.70165624889786 3.83992297757791 6.1787250204258 -0.389917187555107 0.816996148878895 -0.31606374897871 0 0 0 63 0 
5.52021597962138 0.150097421049721 6.40214424102741 -0.798989201018931 -0.117495128947514 0.19510721205137 0 0 0 106 0 
7.59296818376866 3.98015130162403 7.74260317411656 0.204648409188433 0.574007565081202 -0.487869841294172 0 0 0 160 0 
5.53627003127208 2.65590638868906 6.64974672871882 -0.848186498436396 0.207795319434453 0.107487336435941 0 0 0 71 1 
7.48129971357989 1.97365682274035 7.32914883549467 -0.150935014321005 0.823682841137018 0.341457441774733 0 0 0 70 0 
4.2506457576639 1.16309335103644 4.76670961253864 -0.212467712116804 0.333154667551822 -0.986664519373068 0 0 0 248 1 
5.95618907212357 3.45202388061817 6.32062156382786 -0.877190546393822 0.147601194030908 -0.108968921808608 0 0 0 116 1 
7.30967167819846 0.445154737085045 6.29080311112241 -0.709516416090077 -0.402742263145748 -0.46045984444388 0 0 0 206 0 
7.62399043742567 0.737983757656368 5.11792698178855 0.356199521871283 -0.538100812117182 -0.369103650910572 0 0 0 177 0 
6.68174832937962 0.845703894880802 5.1534644824484 0.259087416468981 -0.58271480525596 -0.56732677587758 0 0 0 14 0 
5.33726680697906 3.6440384440442 7.28217594444678 -0.208136659651047 0.75720192220221 -0.860891202777661 0 0 0 243 1 
6.9461370233404 0.673277966557126 7.40831112731992 -0.72769314883298 -0.341336101672144 0.645415556365996 0 0 0 222 1 
5.0573830627806 2.56876895526087 7.53377871359041 -0.22213084686097 -0.246561552236957 -0.798311064320479 0 0 0 255 1 
6.09359076701663 0.0451770177206967 7.44631067065614 0.479679538350832 0.377258850886035 0.197315533532807 0 0 0 192 0 
5.01388819124976 0.194698456722409 5.43696293538599 0.225694409562488 -0.41526507716388 -0.2031518532307 0 0 0 173 1 
7.87702642513857 1.34662666927557 5.07608173097206 0.918851321256929 -0.507668666536222 -0.521195913451397 0 0 0 194 0 
4.23692588527857 1.48283646749892 6.51285706009555 -0.663153705736072 -0.600858176625054 -0.0993571469952228 0 0 0 58 1 
4.50652792790015 2.11956088965468 7.7361076444331 -0.699673603604993 -0.419021955517266 0.561805382221655 0 0 0 183 0 
5.79258807735909 3.21442908673626 7.1468668378597 0.214629403867955 0.185721454336813 0.682343341892985 0 0 0 34 1 
7.9187834389525 0.941909376557583 7.92205924468542 -0.429060828052375 -0.527904531172121 0.821102962234271 0 0 0 177 1 
4.85529316283217 0.175739924449081 7.71946495689972 -0.532235341858391 -0.916213003777546 -0.889026752155014 0 0 0 41 1 
5.77428551576732 0.544789041203534 4.140407548645 0.463714275788366 -0.347760547939823 -0.86797962256775 0 0 0 160 1 
6.13271502264315 1.98877541418163 7.61581200721586 0.681635751132157 0.774438770709081 -0.344209399639207 0 0 0 92 0 
5.21123423661875 0.379866334447393 6.55354471550857 0.0855617118309377 -0.70600668327763 0.802677235775428 0 0 0 40 1 
6.53480306001433 2.52217962972878 6.57548874270721 0.951740153000717 0.00110898148643934 0.0037744371353603 0 0 0 44 1 
5.13954778635141 0.66716047803577 6.26911225753606 0.531977389317571 -0.741641976098211 -0.611544387123197 0 0 0 98 0 
5.54780374220458 2.40588421871563 6.92167256146067 0.352390187110229 -0.604705789064218 -0.228916371926966 0 0 0 6 1 
7.5512248463805 2.93494379473963 6.86726987373754 -0.897438757680975 -0.528252810263018 -0.731636506313123 0 0 0 91 1 
4.48977722307892 2.30563275717037 6.16977494042519 -0.900511138846054 -0.159718362141481 0.983488747021259 0 0 0 231 0 
7.51231673743245 3.43320730838683 6.20485720414342 -0.749384163128378 0.596660365419341 0.985242860207171 0 0 0 239 0 
4.10842743173123 1.75732036259948 5.49052075542334 -0.369578628413438 0.962866018129974 0.499526037771167 0 0 0 69 1 
5.33412477719534 3.30410411748103 4.21180908305872 0.291706238859767 0.990205205874051 0.085590454152936 0 0 0 33 0 
6.840813975239 0.226679529141478 5.59965072461949 0.81704069876195 0.636333976457074 0.654982536230975 0 0 0 127 1 
5.00914299137443 3.03434039322979 5.99776487580839 0.575457149568722 -0.123282980338511 -0.175111756209581 0 0 0 231 1 
5.23284436897498 2.88077750240318 4.52819899121997 0.0866422184487494 -0.880961124879841 -0.448590050439001 0 0 0 164 0 
7.83784561672593 2.98975310656988 7.56182570449772 -0.933107719163703 -0.625512344671506 0.00309128522488589 0 0 0 114 1 
5.09959408127659 3.69330234930117 6.36747688844674 0.429979704063829 -0.290334882534941 -0.156626155577663 0 0 0 172 1 
5.98505047683079 2.88694928579271 6.9668552111639 0.82425252384154 -0.880652535710365 -0.326657239441805 0 0 0 226 0 
6.91861500525028 0.549587641024348 5.07691848748164 0.170930750262514 -0.0475206179487826 0.778845924374082 0 0 0 24 1 
5.6299409762153 2.71273009648661 4.70401496226372 0.156497048810765 -0.13936349517567 0.360200748113186 0 0 0 167 0 
6.22909506508081 1.42564001911477 4.39449497330531 -0.61354524674596 0.696282000955739 0.294724748665265 0 0 0 31 0 
7.82667586311935 1.49562890591234 5.27459006813964 -0.333666206844032 -0.400218554704383 0.988729503406982 0 0 0 154 0 
5.36622494771856 1.92969422057632 5.53807742842589 0.443311247385928 0.821484711028816 0.851903871421295 0 0 0 8 1 
4.57719824278323 2.39701045873352 4.87733797554294 -0.596140087860839 -0.905149477063324 0.818866898777147 0 0 0 129 1 
4.50139848516606 2.36964128986407 5.60089884799788 0.850069924258303 0.443482064493203 -0.494955057600106 0 0 0 140 0 
4.64322746047625 2.59944033529569 7.41194061723644 0.857161373023812 -0.445027983235216 -0.904402969138178 0 0 0 164 1 
4.28439078251609 3.23305059744557 6.11213464843454 0.839219539125804 -0.113347470127722 0.880606732421727 0 0 0 136 1 
4.43844133716793 3.3864823934905 6.87891585937802 0.696922066858396 -0.505675880325475 -0.331054207031099 0 0 0 107 0 
4.01899919222563 3.17148904450382 4.89530958010086 0.875949959611281 -0.0664255477748089 0.869765479005043 0 0 0 179 0 
4.63182358748954 3.92808823425942 7.25404773858372 0.0565911793744773 -0.628595588287029 0.237702386929186 0 0 0 36 0 
6.94221516281545 3.86378740231795 4.15868053396297 -0.127889241859227 -0.681810629884102 0.0329340266981486 0 0 0 119 0 
7.04116714305109 3.35880360930701 7.69054252834931 0.927058357152554 -0.857059819534649 -0.290472873582535 0 0 0 225 0 
4.82621281450767 3.17547034590399 7.94704817265745 0.616310640725383 -0.9162264827048 -0.127647591367128 0 0 0 216 1 
7.3187719988782 2.1433715683728 4.35418954271578 0.29093859994391 0.68216857841864 0.992709477135789 0 0 0 130 0 
7.89940092104811 0.991877993935984 4.10960241044478 0.769970046052405 -0.525406100303201 0.880480120522239 0 0 0 228 0 
5.21948663807508 3.41058816894084 4.15976911932289 0.285974331903754 -0.354470591552958 0.932988455966145 0 0 0 149 0 
5.35355472635 3.71161242833455 4.25132912551592 0.9926777363175 -0.589419378583272 0.737566456275796 0 0 0 18 1 
1.24193703356257 6.02428489936738 5.44222957575642 0.187096851678129 -0.0737857550316313 -0.152888521212179 0 0 0 191 1 
2.84080440791417 4.47703692632212 6.90876524932554 0.317040220395708 -0.451148153683894 -0.279561737533723 0 0 0 60 0 
1.85518390673241 5.5049466093274 7.08434933894861 0.267759195336621 0.10024733046637 0.17921746694743 0 0 0 64 0 
1.03354127478303 4.83075925418057 5.90879553647385 0.176677063739152 -0.533462037290971 -0.379560223176308 0 0 0 35 0 
1.47712604210144 4.50693004758123 4.90343108021585 -0.0511436978949282 0.000346502379061642 -0.579828445989207 0 0 0 131 0 
2.37702434959573 7.14883455959684 6.15486593937045 0.0438512174797863 0.282441727979842 0.0327432969685226 0 0 0 22 1 
2.81493967355177 5.94254084047485 6.92121948985563 0.615746983677588 -0.327872957976258 0.121060974492782 0 0 0 79 1 
1.8974120251528 7.91477407246912 7.03768119671724 0.16987060125764 0.0707387036234557 -0.423115940164138 0 0 0 138 0 
0.142037415909466 6.1200846064852 6.54934049451155 0.432101870795473 -0.0689957696757402 -0.297532975274422 0 0 0 256 0 
2.0811791542677 7.14068859209072 6.92829933528076 0.0290589577133848 0.382034429604536 -0.0285850332359621 0 0 0 50 1 
2.96159092895128 6.01936682770272 7.56157581311731 0.373079546447564 0.225968341385136 0.00307879065586536 0 0 0 117 1 
2.04577414529423 7.03134140795332 7.84317934292888 0.677288707264711 -0.573432929602334 -0.282841032853556 0 0 0 105 0 
2.60219492909846 6.68212917910864 5.98886770615235 0.355109746454923 -0.190893541044568 -0.725556614692382 0 0 0 197 1 
1.86755448941129 7.23749064272881 5.23731447819775 0.0683777244705643 0.0868745321364404 -0.813134276090112 0 0 0 149 1 
1.92913152267978 6.21940203721054 4.86790600473329 0.421456576133989 -0.764029898139473 -0.331604699763336 0 0 0 199 1 
1.31829983319079 5.89397077088438 5.31577596011102 0.740914991659539 -0.580301461455781 -0.359211201994449 0 0 0 55 0 
1.04268038282241 7.40330611285197 5.25807014556783 -0.372865980858879 0.445165305642599 -0.912096492721608 0 0 0 120 1 
0.5520967304277 5.24070570404678 6.93152251431823 -0.247395163478615 -0.312964714797661 -0.678423874284088 0 0 0 194 1 
1.41028079294989 4.77602727284512 6.9334142409935 0.545514039647494 0.0138013636422558 -0.678329287950325 0 0 0 195 1 
1.07850699092686 6.67547011321109 6.11072207032588 -0.471074650453656 -0.141226494339445 -0.0694638964837057 0 0 0 250 1 
0.467532045425879 7.21714596089826 7.29830335651749 0.648376602271294 0.135857298044913 0.339915167825875 0 0 0 132 0 
0.0710363760274478 7.61596281705265 6.9500798384732 0.128551818801372 -0.644201859147367 0.47250399192366 0 0 0 163 0 
3.20160527471198 7.89201602962372 6.34792740351549 -0.114919736264401 0.0196008014811857 -0.807603629824225 0 0 0 238 1 
0.597269513991113 7.08044907931314 5.4820678499874 -0.145136524300444 -0.870977546034343 -0.85089660750063 0 0 0 176 1 
2.5574587410674 4.90606484698506 4.99382569862234 0.10287293705337 -0.529696757650747 0.174691284931117 0 0 0 17 0 
3.09789369801783 7.17847832425702 7.72411728066713 -0.120105315099108 0.783923916212851 -0.588794135966643 0 0 0 254 0 
2.55136811529364 4.6806642063853 7.4270737141935 0.202568405764682 0.159033210319265 -0.803646314290325 0 0 0 54 1 
0.367606570346034 7.9697178043736 7.20708935015298 -0.806619671482698 -0.92651410978132 -0.314645532492351 0 0 0 165 0 
1.14219476377676 7.22275535591034 6.37672051672114 -0.617890261811162 -0.0138622322044832 -0.256163974163943 0 0 0 143 1 
0.0249337741339772 7.84166177957874 7.93555958222418 -0.873753311293301 -0.382916911021063 -0.578222020888791 0 0 0 50 0 
2.37591725500494 7.95110112040652 5.35233302054291 0.593795862750247 0.972555056020326 0.292616651027146 0 0 0 195 0 
1.41378804645532 4.08327926865061 7.20901602339195 -0.104310597677234 -0.22083603656747 0.785450801169597 0 0 0 192 1 
0.661411103545984 6.81689037841696 7.36755242758848 -0.591929444822701 0.765844518920848 -0.206622378620576 0 0 0 144 1 
0.570205697037508 5.33266092988313 7.35904605440009 -0.646489715148125 0.391633046494156 -0.857047697279995 0 0 0 59 1 
3.44956689516331 5.51118696213022 5.49553665449787 -0.152521655241834 -0.0994406518934892 -0.300223167275106 0 0 0 207 1 
2.41030197589301 5.76789152537177 4.82462716945213 0.34551509879465 0.163394576268589 0.216231358472606 0 0 0 73 0 
3.43282377639519 5.9016042249302 7.60868523365945 -0.0533588111802408 -0.97991978875349 0.955434261682972 0 0 0 201 1 
0.514267176119065 4.85302072757072 6.33635121954044 -0.749286641194047 -0.732348963621464 0.741817560977022 0 0 0 61 1 
0.247948707059836 5.87408276485234 5.42120094754211 0.137397435352992 0.668704138242617 0.246060047377106 0 0 0 143 0 
1.9116624276229 5.98004213927055 6.81834174210441 -0.929416878618855 0.724002106963527 0.56591708710522 0 0 0 205 1 
1.82475850385139 4.7277980593579 7.25239668196245 -0.783762074807431 -0.888610097032105 -0.212380165901878 0 0 0 138 1 
2.66165936798955 4.51158904922702 7.23512666135191 -0.491917031600523 -0.749420547538649 0.386756333067595 0 0 0 16 0 
1.93193572893266 6.3241089341885 4.1581653455025 -0.878403213553367 -0.958794553290575 -0.317091732724875 0 0 0 156 1 
2.26314162747507 5.76774940351032 6.99584266566452 -0.611842918626247 0.463387470175516 0.574792133283226 0 0 0 14 1 
3.7814340483134 6.63572381922056 5.29806860911166 0.61407170241567 0.106786190961028 0.539903430455583 0 0 0 212 1 
3.43764551780057 5.65342640833023 5.20366075180324 0.596882275890029 -0.242328679583489 0.585183037590162 0 0 0 232 1 
0.122701333647531 6.76146695416907 5.61003929289278 0.431135066682377 0.213073347708453 0.655501964644639 0 0 0 124 1 
3.2842932527635 7.65719639672753 4.9725453256037 0.789214662638175 0.357859819836376 0.473627266280185 0 0 0 4 1 
3.52816967585212 4.70966215307508 5.39215525433739 0.301408483792606 0.460483107653754 0.54460776271687 0 0 0 147 1 
2.20977388034968 6.89763484675269 5.46089448972425 -0.914511305982516 -0.230118257662365 -0.501955275513787 0 0 0 193 0 
2.67629999512018 7.74580512484326 6.98934153514923 -0.841185000243991 -0.387709743757837 0.324467076757462 0 0 0 4 0 
2.52568046845367 4.55102646899591 5.61720900114176 -0.848715976577317 -0.847448676550205 -0.444139549942912 0 0 0 152 0 
2.49036548216872 6.96978659430173 6.86794238382124 -0.850481725891564 0.623489329715086 -0.631602880808938 0 0 0 184 0 
2.8736548932412 4.7258564296935 4.31347008731796 -0.93131725533794 0.311292821484675 -0.059326495634102 0 0 0 86 1 
2.71012118693096 7.58294770419178 5.70017876267388 -0.839493940653452 0.304147385209589 0.710008938133694 0 0 0 56 1 
0.332438113201749 5.40512246528207 5.54545358131237 -0.158378094339912 -0.00474387673589671 0.802272679065619 0 0 0 152 1 
0.351353855498975 7.06487988629989 5.14066207224492 0.492567692774949 -0.721756005685005 0.782033103612246 0 0 0 215 1 
0.990753387084068 4.09379597372392 7.28927677292561 -0.175462330645797 0.179689798686196 -0.360536161353719 0 0 0 81 0 
2.70615644857843 4.36326538577094 5.90094819024061 0.260307822428921 0.543163269288547 -0.779952590487969 0 0 0 155 1 
0.99291661356239 4.30169273965188 5.74947065437351 -0.62535416932188 0.990084636982594 -0.337526467281325 0 0 0 51 0 
0.233169792515555 4.07325855278157 5.02652801679668 -0.863341510374222 0.578662927639078 -0.873673599160166 0 0 0 174 1 
1.93476904770521 4.01413764834482 7.65342600841021 -0.42826154761474 0.275706882417241 0.857671300420511 0 0 0 102 1 
3.61262682930396 4.99561590201572 4.31845000346691 -0.844368658534802 -0.925219204899214 -0.909077499826654 0 0 0 237 1 
3.85484331498533 4.97079111080537 7.37156055224049 -0.382257834250733 -0.426460444459732 -0.656421972387975 0 0 0 73 1 
3.45680203868425 7.03462153172419 5.16194388619316 -0.752159898065787 -0.72326892341379 0.0330971943096579 0 0 0 135 1 
3.89019127893939 6.02856947995962 6.306561135636 -0.830490436053031 0.376428473997981 -0.3096719432182 0 0 0 117 0 
3.52786024437415 6.30110006069186 5.73199936337372 -0.848606987781292 0.890055003034593 -0.788400031831314 0 0 0 209 1 
3.83583456158535 7.47696218707204 5.30126219300256 -0.483208271920732 0.0488481093536022 0.640063109650128 0 0 0 187 1 
1.65809910998564 5.96455400532676 4.24170268835951 -0.192095044500718 0.173227700266338 0.587085134417976 0 0 0 122 1 
1.78875217799301 4.68684930788588 4.21033497927715 -0.18556239110035 -0.440657534605706 0.785516748963857 0 0 0 74 1 
1.20650090613004 7.29210793286827 4.9188311483579 0.235325045306502 -0.360394603356587 0.970941557417895 0 0 0 24 0 
0.404794778302474 6.38015272982806 4.06967718010461 -0.304760261084876 -0.655992363508597 0.67848385900523 0 0 0 111 1 
0.538824683925532 6.74298600663748 4.10674676322723 -0.798058765803723 -0.387850699668126 0.980337338161362 0 0 0 5 0 
5.74490449695334 6.5206531849669 5.88596554186217 -0.287754775152333 -0.148967340751655 -0.180701722906892 0 0 0 233 1 
7.02953886713151 4.0423654854717 6.54496767139569 -0.123523056643425 -0.672881725726415 -0.447751616430216 0 0 0 71 0 
4.38393925896172 4.93351052835973 7.53405294648317 -0.805803037051914 -0.378324473582013 0.251702647324159 0 0 0 109 0 
6.99132466494673 6.81458815496011 6.56894855922837 -0.275433766752664 0.365729407748005 0.0534474279614185 0 0 0 20 1 
6.36206627743937 6.70963535902675 4.47805877048388 0.143103313871968 -0.739518232048662 -0.151097061475806 0 0 0 184 1 
4.92131563138299 7.41299614800254 7.39458139346331 -0.82893421843085 -0.654350192599873 0.194729069673166 0 0 0 242 0 
4.65165739675033 6.09023576657848 5.50912537809307 -0.942417130162484 -0.370488211671076 -0.349543731095347 0 0 0 124 0 
5.54347055801072 6.43926536717211 6.04551244415468 0.152173527900536 0.246963268358606 -0.822724377792266 0 0 0 39 1 
6.05248288928249 4.41097315329309 6.93885609370379 -0.872375855535876 -0.204451342335345 0.12194280468519 0 0 0 208 1 
7.920005558818 4.34442036657575 5.47865788058352 -0.6789997220591 -0.607778981671213 0.198932894029176 0 0 0 82 0 
7.62774756367934 6.28579337848041 4.99170372099301 -0.443612621816033 0.38928966892402 -0.67541481395035 0 0 0 37 0 
6.14341790368491 6.30771030140085 5.95256722309494 0.0321708951842454 -0.959614484929957 -0.777371638845253 0 0 0 218 1 
7.36993794728579 6.85500417378797 5.09806975371453 0.54349689736429 0.567750208689399 -0.720096512314274 0 0 0 180 0 
7.29785336288935 4.78440223653438 7.70845707061769 -0.810107331855533 -0.18577988817328 -0.0395771464691159 0 0 0 256 1 
7.98561744315718 5.87805510297056 7.57566305378777 -0.275719127842141 0.318902755148528 -0.846216847310612 0 0 0 51 1 
6.90849715737842 7.25410745220959 5.12365273219641 0.720424857868921 0.687705372610479 -0.818817363390179 0 0 0 220 1 
7.95190985625141 7.55482658192151 5.9191840301766 0.22259549281257 0.852741329096075 -0.32904079849117 0 0 0 188 0 
7.98207564871979 7.70848071568176 5.05760266940887 -0.12589621756401 -0.939575964215912 -0.572119866529556 0 0 0 198 0 
4.77374763785969 6.29067432268502 6.60147486247333 -0.786312618107015 0.489533716134251 -0.744926256876334 0 0 0 93 1 
7.77393929935194 4.58681343717384 6.98916044950526 -0.936303035032403 -0.845659328141308 -0.125541977524737 0 0 0 230 1 
5.57559627523162 5.30664143013853 4.73635854638761 -0.146220186238419 0.0903320715069265 0.16181792731938 0 0 0 96 0 
7.39770135673956 6.76690019983852 7.8121011516002 -0.755114932163022 -0.386654990008074 0.76560505758001 0 0 0 119 1 
6.36768250456214 5.76253580768781 7.42958140690196 0.193384125228107 0.513126790384391 -0.353520929654902 0 0 0 147 0 
5.17974782660643 6.5986549737996 5.12774831566026 -0.616012608669678 0.80493274868998 -0.268612584216987 0 0 0 154 1 
7.72727239737732 4.84532633133506 7.63689287583242 0.211363619868866 0.217266316566753 0.456844643791621 0 0 0 20 0 
5.07050807605758 7.17121555769809 5.82711259446307 0.0785254038028789 0.983560777884905 -0.833644370276847 0 0 0 48 1 
4.81786460183554 5.32359410505894 6.66030004629115 0.265893230091777 -0.358820294747053 -0.191984997685443 0 0 0 29 1 
7.37723483509895 6.57654477514257 6.3222980280526 0.943861741754948 0.103827238757129 0.0911149014026305 0 0 0 193 1 
5.64859045843241 5.72029617572132 6.11308219826223 0.507429522921621 0.311014808786066 -0.769345890086888 0 0 0 81 1 
7.4271043280276 7.1160795262147 7.17727595574871 0.89635521640138 -0.969196023689265 -0.716136202212565 0 0 0 214 1 
7.98313226275645 7.65535683958852 4.98412670216827 0.274156613137822 -0.592232158020574 0.274206335108414 0 0 0 15 0 
7.56985642972461 6.07952601325126 6.61618249049987 0.30349282148623 -0.921023699337437 0.705809124524993 0 0 0 190 1 
4.87775907867732 6.25032214256348 7.07820497149403 0.118887953933866 -0.912483892871826 0.878910248574702 0 0 0 159 1 
5.97717989550434 6.13217563033216 7.25729312692714 -0.0761410052247832 0.431608781516608 0.887864656346357 0 0 0 92 1 
5.03305425521901 5.73655864673719 6.57219238714878 0.22665271276095 0.811827932336859 -0.896390380642561 0 0 0 181 1 
6.93409543071115 4.93634248883789 7.70903316333138 -0.0782952284644429 0.321817124441894 -0.939548341833431 0 0 0 88 1 
5.27185180987048 7.83716680415068 6.9313424836152 0.538592590493524 -0.233141659792466 -0.17843287581924 0 0 0 94 1 
5.82223568436932 4.95203011621767 5.88648745525167 0.716111784218466 -0.777398494189117 -0.730675627237417 0 0 0 196 1 
6.27944801792211 4.09317106600957 7.46174327839237 0.788972400896105 -0.370341446699522 -0.751912836080382 0 0 0 227 1 
6.48180081160994 5.82228600998758 7.90260880690869 0.949090040580497 0.166114300499379 0.620130440345435 0 0 0 12 1 
5.26340592763863 5.29369354371861 6.41616989843174 0.438170296381932 -0.41031532281407 0.595808494921587 0 0 0 28 1 
4.59104994264982 5.61371749947629 5.16844900915841 -0.695447502867509 0.0556858749738145 0.58342245045792 0 0 0 163 1 
6.72377937506161 6.91797404239074 6.19546687262404 0.161188968753081 0.670898702119537 0.984773343631202 0 0 0 172 0 
4.55144717251635 4.72387778593284 6.28071220948119 -0.647427641374182 0.511193889296642 -0.810964389525941 0 0 0 166 1 
6.98783980790925 4.2189081827107 5.36253060154271 -0.825608009604538 0.185945409135535 -0.806873469922865 0 0 0 84 1 
4.80558415439882 5.30773385673031 6.09041648004038 0.565279207719941 -0.0596133071634842 0.0795208240020191 0 0 0 203 1 
4.80748071442967 6.0719323942965 4.20972902434227 -0.584625964278516 -0.0214033802851747 0.135486451217114 0 0 0 153 0 
7.25290711252158 4.62212039852672 4.51271904575055 -0.712354644373921 -0.443893980073664 0.400635952287528 0 0 0 122 0 
7.70827501928465 7.97671698876725 5.17276301012183 0.360413750964233 -0.776164150561638 0.833638150506091 0 0 0 141 1 
6.79728248600712 4.13740415519626 4.35223778736028 -0.935135875699644 -0.568129792240187 0.192611889368014 0 0 0 67 0 
4.2489003337659 4.07877920045171 6.22104062524302 0.287445016688295 0.878938960022586 0.636052031262151 0 0 0 42 1 
7.53418943457571 4.2735815388765 4.94689245341728 -0.598290528271215 0.438679076943825 -0.277655377329136 0 0 0 148 1 
7.42853561496009 4.10733011409359 6.01315054189016 0.596426780748005 0.230366505704679 -0.124342472905492 0 0 0 113 1 
6.88640528527875 4.05629488334401 6.55832296082557 0.219320264263938 0.3278147441672 0.802916148041278 0 0 0 43 1 
6.5141079145953 5.91061764202191 4.6719164477114 -0.449294604270235 0.220530882101095 0.95859582238557 0 0 0 21 0 
6.2918796051002 7.47709826387891 4.45174526132377 -0.0104060197449899 0.598854913193946 0.847587263066189 0 0 0 243 0 
6.85087911123568 5.18273549492173 4.03754305525586 0.517543955561784 -0.615863225253914 0.376877152762793 0 0 0 56 0 
5.79785347958469 6.58239002556857 4.07553196328848 0.564892673979235 0.804119501278428 0.0787765981644244 0 0 0 234 0 
6.86703160789328 6.52182705097141 4.17733944956702 0.768351580394664 0.80109135254857 0.983866972478351 0 0 0 204 0 
