512
2.27674918511098 0.695209628788058 0.827865477524029 0.0456911285359398 0.246777036987533 0.254580322207296 0 0 0 62 0 
2.26773456228236 0.719033550729061 0.564262253920838 0.162807915428374 -0.222409791133585 -0.113866926239951 0 0 0 161 0 
2.6239442244743 3.32821283011382 3.75833196618678 0.301408483792606 0.460483107653754 0.54460776271687 0 0 0 147 1 
3.32777394208147 1.28866198093677 2.77850127948326 0.695751408357734 -0.130078707003719 0.369323604675486 0 0 0 128 0 
3.46269389628324 0.289810793133721 1.59378398401031 0.703687876251955 0.399400634890219 0.476104940235901 0 0 0 236 1 
2.97109359799287 2.34079071269374 3.18506906054001 0.910064329293698 0.0494582772172791 0.0402981800317657 0 0 0 40 0 
1.22008417270676 2.84592131233685 0.778801044192273 -0.0164656368996022 0.667407136019815 0.663458884952487 0 0 0 158 1 
1.24836588361111 2.28770328430043 1.95577831823229 0.455786228447712 0.575747252017672 -0.267307157751042 0 0 0 239 1 
3.53088589251702 0.777185459799963 2.51982018705093 -0.0570067122048807 0.251599144694115 0.824695305120643 0 0 0 77 1 
0.246819907576291 1.67901150401699 1.24401149694086 0.279224700445664 0.716412441412764 0.690824205702404 0 0 0 213 1 
2.17617642085629 1.07843621385445 1.13028975910655 0.980951554168017 0.32814330669732 0.154722927006268 0 0 0 146 0 
1.09916367636292 0.140582161901048 0.107412618420601 0.741127275080172 -0.43290693165288 -0.0230933753870235 0 0 0 205 0 
1.39114931339178 3.37076568782825 2.28601314308573 0.875949959611281 -0.0664255477748089 0.869765479005043 0 0 0 179 0 
0.989958201760023 0.29819983580398 1.29294672848313 -0.265296576367058 -0.600105892011531 0.752526278146067 0 0 0 198 1 
1.25414648025765 0.498906865929703 0.121600032184865 0.809067440015156 0.646994521525277 -0.0222588216361844 0 0 0 136 0 
1.11713190697429 0.345904772275744 3.92614649463988 0.742184229822017 0.696817927780926 0.789773323214111 0 0 0 225 1 
1.16570004771203 3.71285275764265 1.68708042123892 0.862688238100708 0.306638397508391 0.363945907131701 0 0 0 7 1 
0.0104723055850435 3.39249337447197 2.14378958449254 0.73591013562265 -0.0651474485604725 0.626105269676032 0 0 0 180 1 
0.403385831466093 3.5271914927997 0.712259877245815 0.759022695968594 0.5898347936941 0.541897639837989 0 0 0 188 1 
1.65053897919439 0.598111369352224 1.53684826099668 -0.0499682953415065 -0.582464037096928 -0.233126572882548 0 0 0 151 1 
0.388642788857247 0.949476688260944 2.3846313278197 -0.888903365361338 0.261733922838879 0.522625372224689 0 0 0 45 1 
0.372954491489562 3.14956507484239 1.60958124173449 0.874879675969974 0.920562651461317 -0.0523775740156186 0 0 0 46 0 
3.65597490055114 0.345959591900855 2.63444216263713 0.244469111797126 0.932115270111815 0.360849538978654 0 0 0 49 0 
1.59308495928184 0.368046221766725 3.89151436689238 0.417240291722461 -0.77246786930784 0.611265550993669 0 0 0 106 1 
1.19496619445755 2.1998013348522 0.512777109601769 0.393821540850444 0.688223607932482 -0.705130758258719 0 0 0 250 0 
0.315629729533561 2.63011724843951 0.283322333891729 -0.42261001590979 -0.051169573621205 -0.777451627418134 0 0 0 112 0 
1.61978807442865 1.14651904046505 0.433508290368005 -0.52236540738655 0.273324649439121 -0.886264218213647 0 0 0 78 0 
1.76673216513867 3.57309300782873 3.47031445116936 0.839219539125804 -0.113347470127722 0.880606732421727 0 0 0 136 1 
3.06059782690538 0.622242917779149 0.993715841593652 0.385917519229728 -0.933985710718873 -0.44154612696508 0 0 0 52 1 
3.57366558586455 1.45993099980065 1.16241869109081 0.592568563874385 -0.825886411776433 0.862495217122989 0 0 0 99 0 
0.504364744618374 1.21778678382157 1.20605873813565 -0.705625603257743 -0.840130189186966 0.806238749302097 0 0 0 52 0 
1.09699967413289 2.48951943981438 2.3863540412243 -0.847235313286301 -0.412381209422684 0.463903178895547 0 0 0 153 1 
1.79540671877099 1.88876973491737 0.16977051633799 -0.806152545954648 0.31698645499514 -0.0782487931565888 0 0 0 29 0 
2.69745935000235 3.6320652096099 0.3300093223927 -0.517796508823392 0.184239129977053 -0.362940628094547 0 0 0 97 1 
2.85267280158487 0.831279344994314 0.435105611810047 -0.508666305789126 -0.156983567941511 0.525594447753532 0 0 0 125 1 
2.54249386344963 2.75081690038239 0.907427610343324 -0.644559184502963 0.897106876493082 0.612201624137843 0 0 0 47 1 
1.58799539868095 0.44343940517252 1.21686392504649 -0.818353211842297 0.879025847363089 -0.663713886761971 0 0 0 53 0 
2.42860857868687 0.59300969088215 0.600848737147316 -0.768905377724302 -0.170999429948109 -0.935244191932511 0 0 0 13 0 
2.82179977875068 3.22178561484558 1.00518085114822 0.430694104632393 -0.369306728538495 0.265010638302836 0 0 0 249 0 
2.14957696831325 2.19203310012375 2.1293834370137 0.214680998136074 0.158354888242573 -0.668859797822724 0 0 0 34 0 
3.4724838471665 0.607065368641483 1.66154871921731 0.763087285127441 0.241592080508323 -0.931673604751923 0 0 0 95 0 
2.54816593054403 3.71255507938377 2.00882456599244 -0.114813768791528 0.777209122316692 -0.911245613765151 0 0 0 217 0 
3.44247325755467 1.2416882452619 3.24396494469961 0.467204309267922 -0.544606573808124 -0.368002062076493 0 0 0 229 1 
1.03838537099811 1.15427048748101 3.79770581201083 0.443434433588124 -0.608572324265823 -0.100134952234657 0 0 0 211 1 
2.95080775249038 2.3605202851145 3.81104276322941 -0.738187779265272 0.109442369712617 0.783002515484083 0 0 0 33 1 
3.04107260419171 1.38052629373736 1.69806120039381 -0.497583964459311 -0.889380806250743 0.364591835317283 0 0 0 65 1 
2.89988140121548 3.04961388805067 0.155259359699509 -0.152948152869678 -0.555905065408784 -0.726161214135323 0 0 0 126 0 
2.50901084140758 3.1796770855451 3.17639092391761 -0.881822891681907 -0.548254289085582 0.0986112308186828 0 0 0 30 0 
1.821161685702 0.563135453697475 3.1806678011555 0.195362452100117 -0.23158026742956 -0.430548952873206 0 0 0 146 1 
1.72590412575633 2.06741793242992 2.76316630045676 -0.0455350514260984 -0.319563651033534 -0.866872570561367 0 0 0 159 0 
2.98197803091314 3.77288054834599 3.22380287719712 0.263645766524303 -0.21924232068553 -0.663305713106052 0 0 0 158 0 
3.92561475059044 2.8915283428185 2.49189028131071 0.201506750034732 -0.624027744540088 -0.765182924628781 0 0 0 9 0 
1.57024940303256 3.52572536355389 2.58649417030247 -0.525279446880438 -0.292604390379183 -0.877265048805737 0 0 0 222 0 
3.9991110787115 1.91001749359489 3.5246989276852 -0.323581701252265 0.494706911387935 0.648511701628541 0 0 0 251 1 
3.79743682716497 0.517877623338095 1.18961001764213 -0.86485665722559 -0.351889551568347 0.452330001037772 0 0 0 171 1 
3.9967756155601 1.16956287695953 2.10350633328215 -0.853130846143523 -0.842966889590616 0.035500372546009 0 0 0 19 0 
0.436141477324042 3.61867350885208 1.59730635503324 0.819773028077885 -0.581254499479289 0.182194491472544 0 0 0 27 0 
3.98144374646373 3.86319476741591 3.77937525063621 0.145967279203749 0.727246751024465 -0.4541543970214 0 0 0 142 1 
2.90726429112323 3.54396723122035 3.93669470412452 0.494544958301367 -0.0562372216929206 -0.327253252698558 0 0 0 226 1 
3.4373305755293 1.14030999577987 3.86326889409444 -0.1213334955571 -0.0211582355423606 -0.625690065053268 0 0 0 86 0 
3.95943452905829 2.79388931325668 3.87015542128819 0.615260854650488 -0.335653569808431 -0.742932034041871 0 0 0 207 0 
3.92679980005398 3.10140630003186 3.50707164473302 0.672164694120822 -0.670505511762832 -0.646642844427469 0 0 0 88 0 
5.28407995024814 0.175909691143138 1.87842104913787 -0.247995297044227 0.0985829230084199 0.257554179361051 0 0 0 103 0 
4.26791917889911 0.231446374363007 1.12951809380504 -0.0724753424176992 -0.0746208015080584 0.272324593753237 0 0 0 118 0 
4.79238038481058 0.381154802000248 2.65833994436179 -0.33574233030526 0.110656164823544 0.421078820256576 0 0 0 70 1 
6.89222197165691 1.29773502333198 1.60074513981231 -0.0357516487260645 -0.129544998627531 0.417690890577195 0 0 0 96 1 
7.32051901552612 3.11954128004739 2.58341334386828 -0.187028293204346 0.565855369414552 -0.11274039153716 0 0 0 202 1 
4.07813860146674 0.626302633750126 0.692764492907095 -0.671874199913721 -0.110217492132346 0.246633205465123 0 0 0 57 0 
6.54449245513718 0.345507168109972 0.844596036374215 -0.467971032050754 0.167382774594704 -0.215023762566223 0 0 0 10 1 
5.71210098997385 3.05326331701357 2.37089910631126 -0.575758765295656 0.0913684304125628 0.404170535665368 0 0 0 5 1 
4.77006624208744 1.83213252218073 0.834042627730361 -0.395878456347798 -0.156933381048193 0.490237801631198 0 0 0 241 1 
5.59412914415809 1.15558556249655 0.430192534009711 -0.229757109167171 -0.0790832022060853 -0.415871027411194 0 0 0 123 1 
6.40582275446273 0.692149494870696 2.74038071435939 0.170930750262514 -0.0475206179487826 0.778845924374082 0 0 0 24 1 
7.06702941925709 2.73816024086628 0.956004836232383 0.327472318779829 0.955185896521546 0.673882637425435 0 0 0 26 1 
6.58605437566426 1.21295764942986 1.76105319951137 -0.877290919078573 0.336056332319404 0.191826658794787 0 0 0 210 0 
7.9534363958325 2.50629689803265 1.69721304250869 -0.620386094362794 0.412135111648979 0.541012531912276 0 0 0 179 1 
5.21087918116009 2.03584493003858 3.33552447837197 -0.0758306364023476 0.91387323117874 -0.00967503068400177 0 0 0 123 0 
6.31013083737021 1.99404977889485 2.50563517153039 -0.305286421331164 0.970238222287932 0.470919715972376 0 0 0 85 1 
5.16044982978301 3.13082058201362 3.62341271792416 0.156497048810765 -0.13936349517567 0.360200748113186 0 0 0 167 0 
5.69484698582887 0.809036557632393 0.914819043394296 -0.22383253024536 0.0770021504489643 -0.446187115094453 0 0 0 115 1 
6.92281217835163 3.98421436600382 0.981599257899061 -0.269246342449904 0.557894962706107 -0.442258867182408 0 0 0 245 1 
6.71866516144339 3.61456965371865 0.288112962482505 0.0128626565554935 0.653798214924627 -0.600699237501029 0 0 0 223 1 
7.19131063961708 2.78478784359482 3.21930869936141 -0.900511138846054 -0.159718362141481 0.983488747021259 0 0 0 231 0 
7.27137903842313 1.4346880248609 1.59819206784214 -0.836977703622169 0.525569883815347 -0.405988701891638 0 0 0 254 1 
7.12675267830442 2.61930243690653 0.609045216433137 0.0956913340179071 0.0658413198180312 0.829943836260773 0 0 0 102 0 
6.44595619904647 0.0968658331168806 1.37606111130841 0.29093859994391 0.68216857841864 0.992709477135789 0 0 0 130 0 
6.90870830825485 1.41757230064678 1.1464241062109 0.671100488720873 -0.357789864667836 0.685083770953582 0 0 0 221 1 
7.93026919468131 0.663205983752442 3.51032072730951 0.61354524674596 -0.696282000955739 0.294724748665265 0 0 0 31 0 
7.73675176255368 3.40147194620844 1.18712418881902 0.543338338973746 -0.123442826693621 0.393360246401119 0 0 0 150 1 
4.6980781985932 0.4581829060298 1.75086942348411 -0.105995400082753 -0.355401005527659 -0.455831210383288 0 0 0 235 1 
7.13214934003172 2.61716272797764 1.74527931159954 -0.668697097645193 0.595127219292803 -0.456160040494145 0 0 0 175 1 
6.61458842385313 0.408297695617437 1.67699068535345 0.830269907285479 -0.82892366496368 0.363352393256085 0 0 0 72 1 
5.32805008449651 1.73789007556485 0.00525443226790046 -0.421879406794323 -0.691888819084421 -0.499690915748947 0 0 0 60 1 
7.17232551634855 2.69628457002549 2.30840155791869 0.333666206844032 -0.400218554704383 0.988729503406982 0 0 0 154 0 
6.04598333822742 0.03167821962071 0.310605735539101 0.0321166669545541 -0.145195398845841 -0.95231730967417 0 0 0 74 0 
7.33328096912585 3.17112411813071 1.59091030346218 0.284310645242697 0.980654359890041 -0.700534688031636 0 0 0 43 0 
6.43692674130561 3.19780699008643 1.80877396988609 0.525701573017977 0.688106293534495 -0.687719178241995 0 0 0 175 0 
6.23953077318242 1.6432262121288 3.2491286235219 0.749384163128378 0.596660365419341 0.985242860207171 0 0 0 239 0 
5.58949078289089 2.56809629484559 1.46816204887806 0.769970046052405 -0.525406100303201 0.880480120522239 0 0 0 228 0 
5.21716331697155 1.13127769179044 3.99194264210984 -0.369578628413438 -0.962866018129974 0.499526037771167 0 0 0 69 1 
4.44843564257655 0.179747927006241 2.79779352946283 0.173437390739797 -0.489426592529045 -0.570718027678657 0 0 0 190 0 
7.64071244066008 0.0882832594807866 2.28645771886779 -0.10936985643176 0.0346048976165169 -0.718443663596013 0 0 0 83 0 
5.41698604700817 1.43197257311877 2.33965795784489 -0.181353761940696 0.0548219160658101 -0.71531423777383 0 0 0 84 0 
6.24215440994094 3.9466649267534 2.066913604645 -0.191637975885827 0.438039113338435 -0.790181552667941 0 0 0 79 0 
7.06834993100982 3.72803833121618 2.49428809157043 -0.966567651117069 0.895766960659775 -0.706218347554681 0 0 0 212 0 
4.45900606061604 0.333488499858875 3.95503772059991 0.291706238859767 0.990205205874051 0.085590454152936 0 0 0 33 0 
4.03315794430732 0.978114230779874 1.09642807001089 0.0313622320180778 -0.148346221718831 -0.788445407646418 0 0 0 32 0 
7.81753260295557 2.86342613053903 1.45588900346828 -0.922498082179084 -0.743327874674175 0.82093464726284 0 0 0 116 0 
7.34909820171254 2.96701899486991 1.96223579694329 -0.891229517546321 -0.619587117948829 -0.796339070768041 0 0 0 75 0 
7.94851334830554 3.63494377938871 3.00661890275507 0.438147844017973 0.360879045846395 -0.911375358661466 0 0 0 41 0 
5.20857070123898 1.46288649103456 3.15554317480115 0.394621805955234 -0.531594912292084 -0.54967393089405 0 0 0 182 0 
4.2419293924958 1.35093840458302 3.06177292205465 0.573054670146812 0.755937553210766 -0.143425122232079 0 0 0 210 1 
4.56001759796728 0.0282349168592717 1.68253944361299 0.885883388115722 0.972249112756428 -0.165732973905118 0 0 0 66 1 
4.03629120556077 0.534759912510125 2.982365814162 0.443311247385928 -0.821484711028816 0.851903871421295 0 0 0 8 1 
4.38969187895315 1.68232240022974 3.63470311592657 0.81704069876195 -0.636333976457074 0.654982536230975 0 0 0 127 1 
5.34305861489595 3.95130565018289 0.879718081775071 -0.538643610888474 -0.738158491165712 0.728218710692651 0 0 0 2 1 
4.48353041009418 1.71761000768215 3.86632507275285 0.646090024123187 0.836330000451892 -0.919627936896891 0 0 0 127 0 
5.3851828456525 0.92246421049549 3.74302402726013 0.228540167391324 0.966027306499735 -0.691586821925875 0 0 0 2 0 
2.94855727708751 4.19759975384863 2.33787688481101 0.202856310416912 -0.311905896832434 -0.00953665383464652 0 0 0 169 0 
0.135190557331227 4.76551556262698 0.748461179659769 -0.374400555451104 -0.10202849631606 -0.103031695314131 0 0 0 235 0 
2.39131219395625 5.69155009032027 1.49036548412398 0.287724246703309 -0.694614700569396 0.234727381419058 0 0 0 39 0 
1.93921894106639 6.31536524633747 3.67835831774491 0.61407170241567 0.106786190961028 0.539903430455583 0 0 0 212 1 
1.64699869013048 6.38041244708069 3.44811163903275 0.596882275890029 -0.242328679583489 0.585183037590162 0 0 0 232 1 
2.56204681443587 5.98335624075721 0.708188234863586 0.0624733420256394 -0.0303908093672229 -0.340694809713907 0 0 0 170 1 
1.07697262354763 6.20611984984704 1.93754579808496 0.151586624914566 -0.664345891185468 -0.0919090707008845 0 0 0 54 0 
2.2343842434878 5.44487090452775 2.48044728510559 -0.192095044500718 0.173227700266338 0.587085134417976 0 0 0 122 1 
0.807572396221486 5.41935409548976 3.13863554411551 -0.158378094339912 -0.00474387673589671 0.802272679065619 0 0 0 152 1 
2.45390712940096 5.39382497328715 1.36652198456107 0.644347478200056 -0.476833825100756 -0.301969295025819 0 0 0 108 1 
2.40139186029911 6.52522380074557 1.72562273245933 -0.182271067041229 0.354424929455622 0.483860160732901 0 0 0 98 1 
3.33134348452844 7.25119862503084 0.933936093110944 0.990079028501673 0.0441881544135785 0.143172711359467 0 0 0 155 0 
3.61537117475143 4.88246616630121 0.696066354477858 -0.0520369897205044 -0.624560813746988 0.18800390320458 0 0 0 97 0 
3.56514654958388 7.11691314357897 1.46849163162766 0.180302738210817 -0.669593344495355 0.704028919507509 0 0 0 25 1 
2.81972483432501 7.11419440208721 1.1740641332714 0.136454402019118 0.271423200122777 -0.372113874513447 0 0 0 57 1 
2.34543935129406 6.008821911703 1.85378473238558 -0.18556239110035 -0.440657534605706 0.785516748963857 0 0 0 74 1 
1.1707038663996 6.12224691104371 3.64353339895886 -0.431135066682377 0.213073347708453 0.655501964644639 0 0 0 124 1 
2.3755215173975 5.47987056408437 2.03862975668853 0.9926777363175 -0.589419378583272 0.737566456275796 0 0 0 18 1 
0.916649264848973 6.5836169372184 3.55166352676315 0.789214662638175 0.357859819836376 0.473627266280185 0 0 0 4 1 
1.27838247936187 6.03471992433336 2.00815388007396 0.575198969374227 -0.96854588680392 0.912244345886703 0 0 0 236 0 
3.04184838233461 6.68613622946819 2.34833674249104 0.502461669549095 -0.165521398266577 -0.244215485735821 0 0 0 234 1 
0.500525770210537 7.62670825706197 2.00600647610422 0.235325045306502 0.360394603356587 0.970941557417895 0 0 0 24 0 
0.0392202725228374 6.54050916817789 0.550173213883918 -0.497692925145716 -0.527028872460124 -0.526460399183299 0 0 0 100 1 
1.31316274823177 7.21795647433831 2.09102300641711 -0.128637485398131 0.630468027902254 0.44653076508336 0 0 0 32 1 
1.3190755615571 7.65187017964615 2.03422560308892 -0.304760261084876 0.655992363508597 0.67848385900523 0 0 0 111 1 
0.688326510390107 5.04129638989213 3.17060690403539 -0.5771572640947 -0.438747271182816 0.0394474649432583 0 0 0 110 0 
0.582916133115544 7.51255189141227 2.46271553438095 0.769583301947973 -0.469849888740455 -0.237487321507003 0 0 0 36 1 
2.49609422636695 7.8526521112077 2.9200065938835 0.588005542727468 0.726626594776923 -0.210587847418617 0 0 0 228 1 
2.67221729082656 4.44353979976095 0.104847646477997 -0.0486931005396138 -0.415085894131709 -0.670303079618942 0 0 0 132 1 
0.00881042886225858 6.68519285355306 2.06608966803397 0.26522414287425 -0.106753361555703 -0.37846531364506 0 0 0 253 1 
3.65154258717157 6.33648158243792 0.188051713547824 0.832443681598328 0.0492047989669362 0.746355983149872 0 0 0 246 0 
1.53728002662225 7.74661539254124 0.20949752206942 0.708075295683661 -0.514904976909339 0.747617501298201 0 0 0 114 0 
2.01774028964223 5.70844484696219 1.39869341278465 0.265749428802484 0.365202638056599 -0.476547446306785 0 0 0 35 1 
2.65479923612064 7.76160015526344 0.22970828345269 -0.285011809639962 -0.925788226160974 0.337041663732511 0 0 0 224 1 
1.86576333357603 6.04453709037977 0.390509413524193 -0.507896274495528 -0.262086053507073 0.875912318442599 0 0 0 214 0 
3.4693788864402 5.49363669713023 0.377362292112561 -0.119448300797635 0.176096276301778 0.875138958359563 0 0 0 90 0 
1.68184436850815 6.85259527282483 0.502761973314406 0.245990845206362 -0.155729689833834 -0.705719883922682 0 0 0 187 0 
1.82768737738303 7.147167714307 0.0783304313666509 0.783981610434296 -0.60899013445253 -0.789509974625491 0 0 0 101 0 
0.996036571827448 6.62976183950574 0.143377670882282 0.323296268931026 -0.87471989179378 0.861375157110723 0 0 0 213 0 
3.8563922654334 6.84544505027406 0.675379554743227 0.0209642509078471 -0.862032644101526 -0.754389437956281 0 0 0 168 0 
2.22184754129934 6.20332127360782 1.04961847397637 0.454226325958785 0.570783604329872 0.620565792586845 0 0 0 110 1 
1.12634922282587 6.76985209664509 2.79456276140818 -0.492567692774949 0.721756005685005 0.782033103612246 0 0 0 215 1 
0.813682673268715 6.12137771926769 2.8666080894994 -0.981548078043017 -0.081095428278371 0.315682828794082 0 0 0 174 0 
3.1917077085827 7.90128418010271 0.644499489500403 -0.253428958318665 0.964781422358983 -0.344441206499976 0 0 0 240 1 
3.35731297100179 4.33182977720946 0.193205292589958 0.638665468882458 -0.421657071928856 -0.959223218082944 0 0 0 196 0 
2.47730901333869 7.4305663702827 1.12299860402235 -0.177805352156547 -0.827613742924547 -0.728058905645744 0 0 0 230 0 
3.20898605843517 4.08347747754335 0.676329768398391 -0.134765525974402 -0.495089560144509 -0.989627660682447 0 0 0 94 0 
1.12659672832018 5.64695958853822 3.28906647841917 0.625093925195304 0.65570350520813 0.105239204612892 0 0 0 215 0 
3.31679230598223 6.12042167262845 0.191812328889439 0.871576017998955 0.918848333684027 -0.0181286865359154 0 0 0 201 0 
3.43645089346073 4.80848892373898 1.03499861265314 0.702144170203572 0.371087583749352 0.854999918391361 0 0 0 104 0 
0.629673379076805 5.75239605117407 3.05366258486749 -0.874725095348423 0.838376238304357 -0.0262551420666183 0 0 0 189 0 
1.69295028373145 6.60825676155103 0.731702188625349 -0.871002924486385 -0.523043719908763 0.366570716977962 0 0 0 17 1 
2.16372842625321 7.99850285120832 0.516247239215104 -0.902133621985105 0.205794285365195 0.471543955247947 0 0 0 178 1 
3.68668722963403 4.87169251147049 2.5140025870244 -0.106665457080351 -0.860488675795854 -0.293293965469153 0 0 0 126 1 
1.5461677946634 7.73116059054705 1.15499746419799 -0.820813659137447 -0.92757878879135 -0.0202942668118828 0 0 0 157 0 
0.0144300279674723 6.25860387644716 1.41150082347445 -0.0285629395313252 0.985800228026304 -0.887558775089738 0 0 0 133 0 
3.9134985965451 4.27875840509808 2.00302816005924 0.789029329208535 -0.130661270288348 -0.793939519996515 0 0 0 203 0 
1.26079208186012 5.01538755624389 3.13327831179115 0.868281887168243 0.618552209190817 0.0960751948112444 0 0 0 151 0 
2.9330009813367 7.90653810564186 1.16573474874315 -0.798058765803723 -0.387850699668126 0.980337338161362 0 0 0 5 0 
2.40977781581787 6.99473886349469 2.21728480232966 0.994692812695169 -0.676780066853254 -0.898983246921784 0 0 0 26 0 
3.47746986345056 4.08099806814555 2.90451570257903 0.410439403732386 0.0929998863615029 0.200265629563472 0 0 0 12 0 
0.3560882884578 4.51631638237223 2.40714082932392 -0.949641865384835 0.706842140139543 0.288655342901407 0 0 0 173 0 
2.59925696754739 4.4675531657355 1.7384501534409 -0.81769076661486 0.645150186219735 -0.574208814503476 0 0 0 137 1 
3.52744967108755 7.86325552867595 0.188745858729405 -0.998385313465438 -0.331573204195532 0.628749756395848 0 0 0 89 1 
3.24001149387136 5.36151012783753 2.21990931130614 -0.897646382713449 0.109500595755149 -0.487064158158462 0 0 0 31 1 
3.63621437296649 6.18668676230044 2.98906376489456 -0.933163860413736 -0.841959602217621 -0.677113896182673 0 0 0 148 0 
1.63995256449986 4.41427110021462 3.30188408931832 -0.344708672676478 -0.0638664058697281 -0.952830347687157 0 0 0 248 0 
1.33072104102196 7.69582140661818 3.57770111948254 -0.480545821116356 -0.812010505493049 -0.760135228265733 0 0 0 199 0 
3.60241480525137 4.09074996194287 3.9511912881158 -0.523387364396978 -0.200544119885714 -0.73816521834613 0 0 0 144 0 
7.30012587470146 4.1727069721591 1.29829029413427 -0.0705808308999134 -0.431017236931818 0.282252370243192 0 0 0 244 0 
7.00394938013708 4.71214290238468 1.48876030260993 0.264938198831593 -0.340462182212666 0.0581623707417604 0 0 0 135 0 
5.28545937734755 7.33041785901124 3.38107286405217 -0.483208271920732 0.0488481093536022 0.640063109650128 0 0 0 187 1 
5.51301475273662 4.96293898983851 2.18033390254078 0.0595891031021543 -0.266885941774206 0.56943140603181 0 0 0 249 1 
6.56135860726522 6.13614253515202 3.80326967069093 -0.584625964278516 -0.0214033802851747 0.135486451217114 0 0 0 153 0 
6.93408830434637 6.75137543474576 2.69751079906609 -0.562700687979625 -0.338154386191426 0.364559458768594 0 0 0 61 0 
5.22860300889132 6.67050554856301 3.5701519482728 -0.839493940653452 0.304147385209589 0.710008938133694 0 0 0 56 1 
6.42781879873693 4.01862327860815 0.332433495916267 -0.533657717721357 -0.322433924787755 0.519554911524486 0 0 0 185 1 
6.67739245125235 5.44665987455485 3.41818165778465 -0.695447502867509 0.0556858749738145 0.58342245045792 0 0 0 163 1 
6.36561850636574 5.11245888992349 2.4207372792115 -0.596140087860839 -0.905149477063324 0.818866898777147 0 0 0 129 1 
7.78008640097 6.66869304275894 1.19350691608445 -0.336465505825294 0.245217237809349 0.687853348004968 0 0 0 27 1 
6.47592564114876 4.17276479756076 3.16650962195484 -0.824945550520661 -0.725131482496426 0.156853507173814 0 0 0 65 0 
7.86199172740601 5.24902499571862 1.79612898055469 -0.449294604270235 0.220530882101095 0.95859582238557 0 0 0 21 0 
7.39448580599848 5.27525677645448 0.586272571619475 -0.888559658470678 -0.483808424914442 -0.230219260492972 0 0 0 75 1 
7.21034777515783 6.63248103229729 0.703459600929895 -0.369979542637774 0.360734178370429 -0.635090611710006 0 0 0 3 1 
4.30996805961038 4.87316128247357 2.00717342459222 -0.364119525905272 0.19842125191021 -0.381930975023987 0 0 0 118 1 
4.50264336337981 5.97513819133595 0.106001599823678 0.117802550787048 -0.972050694627297 -0.258470494128019 0 0 0 139 1 
6.27253121366618 6.70386937560575 0.29481360709336 0.104266541980363 0.0708158456238677 0.929106682770198 0 0 0 197 0 
5.03778650915235 6.48522726787048 1.45370218256494 -0.850718440638097 0.705013368698264 0.64433542250382 0 0 0 168 1 
5.39980714171387 6.0868845241668 0.314481865902466 -0.182364285781536 0.681581442598047 -0.834442243182208 0 0 0 216 0 
6.61002895435666 5.95380233874771 3.31081118888797 0.712354644373921 -0.443893980073664 0.400635952287528 0 0 0 122 0 
7.14026603035066 6.44692495301868 0.557582327840174 0.978839178255921 -0.0619455909989007 0.238681313402363 0 0 0 255 0 
4.72489969646398 7.30643759907352 0.669807450767031 0.18969998214494 -0.305503670642734 -0.342952502896057 0 0 0 46 1 
6.59750402420259 7.29546066673439 1.54212426903772 0.829264942600152 -0.423796431368565 0.649536721708101 0 0 0 104 1 
7.48725378213362 7.21071990533095 0.0985338175666364 0.940426693066684 -0.899369417333474 -0.494203893084315 0 0 0 252 1 
7.3175116007751 7.06203795998969 2.52222311141246 0.930441858869123 -0.261056590588842 -0.351633934622796 0 0 0 244 1 
7.1759458440534 7.33639317446873 1.21725857890753 -0.372003185643917 0.402140774968749 -0.898984789476028 0 0 0 3 0 
5.93748695969551 4.81138983901765 1.9092565842283 -0.50367723766497 -0.981682950646021 -0.681808436221865 0 0 0 166 0 
4.56338879323918 5.46713775704741 2.11362025789261 -0.643330070985931 -0.825462484879564 -0.552139984829846 0 0 0 13 1 
6.04462933921596 7.28427285258939 1.03174033630749 -0.673845332987296 0.457898403093493 -0.792250568452501 0 0 0 18 0 
5.77758149701082 5.07759520444316 0.929774050672402 0.369269499824166 -0.67190616444452 -0.915895644078094 0 0 0 1 0 
7.69595010429536 5.64487442557757 1.36159107060877 -0.459061758570861 0.714404377975151 0.0506818276828687 0 0 0 137 0 
6.62703376639195 5.69479055954784 2.67184855860355 0.360413750964233 0.776164150561638 0.833638150506091 0 0 0 141 1 
6.32309766433517 5.68053352429708 1.9089834721252 -0.0104060197449899 0.598854913193946 0.847587263066189 0 0 0 243 0 
6.39730988689395 5.84179353191682 3.77440211925624 0.935135875699644 -0.568129792240187 0.192611889368014 0 0 0 67 0 
5.29824724455033 7.03032517068347 2.90691159696748 0.517543955561784 -0.615863225253914 0.376877152762793 0 0 0 56 0 
6.1306931626686 7.31549395796431 0.992193189772523 0.919452538980506 0.459734938703783 0.617187834692501 0 0 0 99 1 
5.96231986915381 4.6343845130911 1.27159851388502 0.850724698185518 0.12555203018183 -0.0722589109479397 0 0 0 108 0 
6.09831527255499 7.81958715523348 3.66333556784591 0.976371486620882 0.66585806795491 -0.0492155548325938 0 0 0 78 1 
6.74148355853391 7.03615699293126 0.888953969897437 0.955381385796113 0.737420999584192 -0.388885060594268 0 0 0 247 1 
6.18352313380671 7.47309014916393 1.56817203471002 0.922560184341571 -0.530994697108004 -0.643048703840587 0 0 0 115 0 
7.94259340558662 4.83051523660185 3.13231329953279 -0.856318034965493 0.313559719800109 -0.4333933353216 0 0 0 83 1 
6.2048939085959 7.41992453659221 1.99998377097648 0.806170229917406 0.642348502152483 -0.852942131119031 0 0 0 80 0 
5.01409950305184 6.62341905867759 1.7617721545142 -0.557994146879303 -0.463328290666024 -0.925778108557988 0 0 0 22 0 
5.76284107150665 7.32228061577285 2.35402546502845 -0.86689170167608 -0.892807022601597 -0.655645560880679 0 0 0 233 0 
6.85411559444525 6.01372934762199 2.43817451720831 0.844359740849721 0.0302193733895288 -0.650695616634805 0 0 0 232 0 
4.89725974807062 7.53607281613497 1.57732052624437 0.258662338121801 0.708004283302057 -0.818981145515037 0 0 0 129 0 
6.09414793456489 5.38585703528633 2.93634259088999 0.152596937327346 0.87563864913449 0.0844907406405877 0 0 0 156 0 
6.24021246880237 4.90527793603213 3.24114684173044 0.161188968753081 0.670898702119537 0.984773343631202 0 0 0 172 0 
4.90347706664667 5.08548200299795 1.88085996037664 -0.0350895843149014 0.975616588411645 -0.33053764938961 0 0 0 242 1 
5.39650576148375 4.97056397001099 0.478756546543589 -0.77079377873625 0.851209645294764 0.998750385090799 0 0 0 139 0 
5.80936016572224 5.53915939456714 3.56241481546139 -0.452390578486927 0.943479964386302 -0.172799128502271 0 0 0 167 1 
4.36156364236382 4.47399994359972 1.36080375142446 0.285974331903754 -0.354470591552958 0.932988455966145 0 0 0 149 0 
4.53002669290724 6.90080332545692 0.568937244986237 0.354707452523955 -0.447011569090769 0.82758454382272 0 0 0 38 0 
5.18108361729124 7.11131210768872 1.03216930667711 0.804769624546544 0.918312476922866 0.91365701803983 0 0 0 224 0 
4.88216777673969 6.56664653109772 2.72683696938818 0.669539280984688 0.298038031241042 -0.457244884153636 0 0 0 87 1 
5.67684552076732 6.40551319959028 2.89957762735178 -0.0484208517195701 -0.358499223553513 -0.917671904273425 0 0 0 111 0 
6.68016612175574 4.91654291259485 3.48413159426216 -0.812931404602604 -0.269615122788538 -0.41269814151399 0 0 0 217 1 
5.09192865623485 6.406563568482 2.24888991100003 -0.318121843750891 -0.946672731265765 -0.897124122882351 0 0 0 218 0 
4.91985304740581 7.15681133966052 3.7044862075278 0.436461943965048 0.509224196450619 -0.223265517204247 0 0 0 55 1 
4.10317545764699 4.17003152173328 3.83920216879521 0.564892673979235 0.804119501278428 0.0787765981644244 0 0 0 234 0 
4.56197686670929 4.1185529933257 1.22573853213197 0.768351580394664 0.80109135254857 0.983866972478351 0 0 0 204 0 
7.63144049305955 4.30612961577661 0.128300527287545 0.831261205474091 0.635654683280977 0.860488266311032 0 0 0 219 0 
7.47391623825247 4.55511094695353 3.90096208295739 -0.530946103632208 0.767947702761972 -0.0940610539436829 0 0 0 157 1 
4.01196297082339 7.21223748307044 0.956481338598188 0.265409586519023 -0.663986030407621 -0.0319716859648126 0 0 0 25 0 
4.27786020817878 7.83608109341904 0.350427138250132 0.928109424010517 -0.39199522979888 0.579436890485302 0 0 0 101 1 
4.8294018603162 5.04437058558739 0.162246937351686 0.960553050606835 -0.0268017302595656 0.744838055138335 0 0 0 245 0 
4.19488694205414 4.57329985872188 0.0379017585731262 0.393816878944361 0.121958815218934 0.0316412799160662 0 0 0 11 0 
4.29007602252836 6.54106541810493 1.85037569297777 0.340592707207551 -0.232878504817357 -0.861742606295425 0 0 0 134 0 
4.96410540932826 4.64487955553561 2.59914321664337 0.968476788784015 -0.167948261439082 -0.935344516668037 0 0 0 237 0 
6.9963996697623 5.22620630990328 3.30685471001539 0.0291999805742527 -0.133752570005689 -0.834890899410859 0 0 0 223 0 
6.58811963805257 4.98048855905635 3.50612464004432 0.358124684591328 -0.971735967114333 -0.940816197644452 0 0 0 181 0 
6.21251489753099 7.99048738549328 3.49941256241914 0.394853817501823 -0.677030153794513 -0.882387496328286 0 0 0 45 0 
7.24406180309099 6.36889818924868 3.62838526992398 0.690827164887705 0.0511116581910986 -0.580683219416236 0 0 0 229 0 
7.26574404177267 7.54494342486462 3.85517258831928 0.927396708339569 -0.644415092655022 -0.449695730098866 0 0 0 76 1 
5.05888386730627 4.00105967059418 3.99086881551854 0.856404933370957 -0.499937666435636 -0.38289006967538 0 0 0 95 1 
1.40053940060772 1.40412930906941 5.45805468640065 0.229443494153395 0.0531840770040832 -0.00246737138819697 0 0 0 19 1 
1.51714037902146 3.55472657766533 7.62911474301323 -0.175462330645797 0.179689798686196 0.360536161353719 0 0 0 81 0 
0.960430292907859 1.97276546881064 4.25175355975763 0.49767237017105 0.498397968753567 -0.48519096707308 0 0 0 252 0 
3.67958260101219 2.51885268526947 6.56416543130113 0.951740153000717 0.00110898148643934 0.0037744371353603 0 0 0 44 1 
2.1933631503462 1.75200520021967 4.97386145864373 0.0407860676674237 -0.279293811751784 -0.207419914197428 0 0 0 186 1 
1.95118871239115 1.03919509638446 7.0857640207982 0.850069924258303 0.443482064493203 -0.494955057600106 0 0 0 140 0 
0.756051439608454 3.24368818415023 4.15964325500712 -0.39670285649362 0.926099304950014 -0.314138632058404 0 0 0 112 1 
2.39719054110675 1.25208405072667 7.18512261908341 0.0527759141827502 0.161887297101569 0.452066036416671 0 0 0 6 0 
1.16903375536153 3.39871814040003 5.03677574241698 0.215825515021266 0.46463047884706 -0.909601426916648 0 0 0 131 1 
2.53995450654311 1.08588549472776 7.68567174325832 0.23764438273783 0.681522676160456 0.540333631956372 0 0 0 150 0 
0.91757434904322 0.541995087644968 6.3646062889084 0.906916138179013 -0.232823818373825 -0.184434924181858 0 0 0 162 1 
1.57976776522197 3.42799866992924 5.6535998422234 -0.465896013810472 0.995764627642896 -0.990964715163329 0 0 0 107 1 
0.466026593015622 0.238257626276682 4.86382243921393 -0.178469023940257 -0.721278963160195 0.0214013199537599 0 0 0 16 1 
0.558389543772498 2.91426651758305 6.59545452614169 0.885787620221911 0.0831921480931206 -0.935561498462253 0 0 0 38 1 
0.739996606794024 2.84745063926113 5.63681160547769 -0.809411964306234 -0.0383852565140511 -0.168422846736607 0 0 0 62 1 
0.818042264097178 2.22972638582179 5.44221171834705 -0.687173984464872 -0.251192565539895 0.0554242187262972 0 0 0 140 1 
3.28277154266827 3.40418933424532 6.52310014443713 0.575457149568722 -0.123282980338511 -0.175111756209581 0 0 0 231 1 
0.677992359816947 2.29477787631465 7.40943442109803 -0.63658868471665 -0.365013066099138 0.229966730652825 0 0 0 253 0 
1.62264163762504 0.23178225459407 6.10298847383378 -0.463374021316174 0.866575426740828 -0.964530089774484 0 0 0 103 1 
1.92523298129166 2.73377557790529 7.75919403829548 0.260307822428921 0.543163269288547 0.779952590487969 0 0 0 155 1 
1.72746632477747 2.18868065581508 4.32283581285716 -0.751325510307208 0.51109886210677 -0.539833187478991 0 0 0 170 0 
2.75564412367352 1.53307408481264 5.20850082650525 -0.337903286842734 0.413710240283097 -0.605382304323221 0 0 0 200 0 
0.641977552570008 0.25592634359315 6.99535004442676 -0.991648379260588 0.397407431976068 0.20560882614275 0 0 0 186 0 
0.630264088803419 1.05982071973588 4.85723329690223 -0.933513877129211 -0.614128192956713 -0.97898627665281 0 0 0 145 1 
0.51920312201492 1.65350506093747 7.68299753483638 -0.940046875175593 0.185500297702204 0.775470443225669 0 0 0 21 1 
1.01128558008811 0.779058881514272 5.64386954727783 -0.381689083524229 -0.865937712852102 0.361404091016343 0 0 0 68 0 
0.56467841233149 0.465294428846191 7.69537112493923 -0.231489505156971 -0.119688563009048 0.952668889702308 0 0 0 121 1 
1.62442115508906 0.981644767292581 4.77510690730539 0.53673065618171 -0.736373837218083 0.251476876900317 0 0 0 76 0 
2.62221004637463 0.973268299109653 6.67812402903388 -0.522222938448551 -0.207454805934726 0.186948472296111 0 0 0 241 0 
1.66327597600765 1.82729693837577 4.06124011281409 -0.990395530823079 0.842782172845633 -0.261103522775641 0 0 0 63 1 
2.30001962407775 0.908536895567825 5.91214078597571 -0.599998845642485 0.847560993856931 -0.740462306707311 0 0 0 44 0 
2.3667245580206 0.0524680843832455 6.34971027834188 -0.772545614234082 0.679556946140191 0.755865310490699 0 0 0 161 1 
1.27234832137929 1.80928009988703 4.37037051256064 0.633667548316428 -0.746512935300763 -0.595860558084669 0 0 0 87 0 
0.798074611072145 1.44394730912489 7.36742729017803 0.311651447710126 -0.885650158286772 -0.713680747636587 0 0 0 113 0 
0.499017706332695 2.02276971200825 5.22363409196011 0.823471629784276 -0.969248840470103 -0.428021524002347 0 0 0 59 0 
0.258851766458368 2.39452468442637 6.87793510065788 -0.484773425502449 -0.594439724445508 0.904584417685758 0 0 0 128 1 
0.164243598999139 3.86797035012449 4.6830208054108 -0.137397435352992 0.668704138242617 0.246060047377106 0 0 0 143 0 
2.85905145558975 0.611698211937895 5.45717202820681 -0.684761679082956 0.300688130113994 -0.826048704223128 0 0 0 178 0 
2.86897912152803 1.3314388287041 6.76205005621749 -0.62535416932188 0.990084636982594 -0.337526467281325 0 0 0 51 0 
3.10649854140105 1.06048913423953 7.17036338799575 -0.729029497564644 -0.378794756809439 -0.960566859529662 0 0 0 189 1 
2.82319432363822 2.33726976986433 7.64754881427718 -0.863341510374222 0.578662927639078 -0.873673599160166 0 0 0 174 1 
2.10913004789559 2.90690452191319 4.99548763799505 -0.0229923501237885 -0.564299734005107 -0.500265433059114 0 0 0 47 0 
2.48262145887627 3.64839832720795 5.895141147693 -0.05984579653669 -0.226564804281885 0.199714185158412 0 0 0 176 0 
3.5436156183987 2.8920864063304 7.89625458109435 0.531977389317571 -0.741641976098211 0.611544387123197 0 0 0 98 0 
2.46660093774953 3.07568805839124 6.79867689175931 0.292152996338208 -0.907312467153457 -0.805960182837688 0 0 0 11 1 
0.374051619102953 2.34169256977248 4.87596502586681 -0.183879316523356 -0.89166514295456 0.25740970740393 0 0 0 8 0 
3.21955369054943 3.1870170010931 5.08041210714868 -0.42826154761474 0.275706882417241 0.857671300420511 0 0 0 102 1 
3.76769919143226 2.61473762463666 5.56654164063184 -0.866605929915749 -0.228544845609609 0.180384802390108 0 0 0 171 0 
1.30646887128992 3.96984766992198 4.99002525721993 0.341556992428819 -0.619420725298707 0.264119132777643 0 0 0 69 0 
2.07174334140481 3.93452428500134 5.87485047534902 0.857161373023812 -0.445027983235216 0.904402969138178 0 0 0 164 1 
1.18786500758791 1.9687735504702 4.22192776902511 -0.0771844113183578 0.0275749147335409 0.277760457001477 0 0 0 7 0 
3.38656528370101 1.44196232038396 4.31288453145657 0.287445016688295 0.878938960022586 0.636052031262151 0 0 0 42 1 
3.33608841212556 3.59874070064303 4.65932279017165 0.166828730125033 -0.700074076432763 0.774077811186568 0 0 0 49 1 
5.50386126605733 2.08284316192685 5.95987454769441 -0.529184631408392 0.269579009525109 0.144698502805553 0 0 0 58 0 
4.70826051330511 2.73778875694736 5.49484617075147 -0.399514087452641 -0.103659484885449 -0.529714931132266 0 0 0 209 0 
4.02927659244224 2.70734436689587 4.24171679109588 -0.0276896122092806 0.60043202158211 -0.603428424053184 0 0 0 221 0 
6.53517203222819 0.907302465723922 4.89464267249481 -0.5861663510454 -0.0348645608397693 -0.153256313382659 0 0 0 53 1 
5.7046066293193 0.367057421618453 4.58445275960421 -0.105611374745923 0.521591613036379 -0.700914543552693 0 0 0 208 0 
5.00225933548257 2.5473826089849 5.74414407656764 -0.735161215559849 -0.173683375942065 -0.338579760201903 0 0 0 134 1 
5.10883796781543 0.651720038911892 5.75570420889985 -0.140656590128504 0.00892470817128777 -0.749664458300009 0 0 0 100 0 
7.50321741062721 2.09323541628721 5.07021590985773 -0.470398975845458 0.505484436252189 -0.848810828831899 0 0 0 185 0 
6.16723904511764 0.577351944955581 5.68859073387859 -0.0783977032283739 0.416314820291505 -0.871259368595377 0 0 0 204 1 
5.66760665925502 3.79197796523948 4.49144957422026 -0.93131725533794 0.311292821484675 -0.059326495634102 0 0 0 86 1 
6.87140781156318 1.38893453094122 7.12691626736193 -0.389917187555107 0.816996148878895 -0.31606374897871 0 0 0 63 0 
7.91718358267818 0.502582807892263 5.8168226048733 -0.798989201018931 -0.117495128947514 0.19510721205137 0 0 0 106 0 
6.97902295620336 2.25812860638043 6.79378730200092 0.204648409188433 0.574007565081202 0.487869841294172 0 0 0 160 0 
4.3025048259965 0.784183718317002 7.34932861630458 -0.776323245529618 0.722599042253941 0.579372271547328 0 0 0 162 0 
6.67093898061065 2.95754430804503 5.77985858540469 0.598290528271215 0.438679076943825 -0.277655377329136 0 0 0 148 1 
7.38526888159507 1.97820493698888 4.64593254891019 0.69913346362324 -0.0306938272359479 -0.462003967711166 0 0 0 121 0 
7.91917047341873 2.0325204303857 6.327284719411 0.848186498436396 0.207795319434453 0.107487336435941 0 0 0 71 1 
4.37770070997441 1.33874947417701 5.02509822803708 -0.771899958236799 -0.538897089754294 -0.204405986586054 0 0 0 182 1 
7.93410475654291 0.4973917006707 6.30477651017047 -0.150935014321005 -0.823682841137018 0.341457441774733 0 0 0 70 0 
4.1964119738553 1.45614520426148 6.92842932132043 -0.547269883890865 0.291537953191851 0.672260548312966 0 0 0 15 1 
4.88804889401432 0.163629348380977 7.72670317065784 -0.212467712116804 0.333154667551822 -0.986664519373068 0 0 0 248 1 
6.4937300966389 3.19029611804292 7.28639462194099 -0.647427641374182 0.511193889296642 0.810964389525941 0 0 0 166 1 
6.07368120771803 3.63093505158808 7.90280054113234 -0.848606987781292 0.890055003034593 0.788400031831314 0 0 0 209 1 
7.41223928869497 3.00922029852544 6.64752832925368 0.877190546393822 0.147601194030908 -0.108968921808608 0 0 0 116 1 
5.43009889558606 3.24794963331572 4.01812053636855 0.466476405622709 0.279291154900925 -0.793051733154791 0 0 0 23 0 
7.09772950257189 0.824622851446064 5.20492001999481 0.799866441327758 0.66615428537918 -0.840887057647364 0 0 0 247 0 
6.56177907353131 1.65338152652229 7.67218264445405 0.709516416090077 -0.402742263145748 -0.46045984444388 0 0 0 206 0 
6.53533616327714 3.6610719553041 7.7831510113113 0.825608009604538 0.185945409135535 -0.806873469922865 0 0 0 84 1 
6.55539187181182 2.35228619400791 6.22523793452027 0.356199521871283 -0.538100812117182 -0.369103650910572 0 0 0 177 0 
5.06090768524563 0.222434625986399 7.01256697804376 -0.908181900867904 0.218966742705082 0.794856881061398 0 0 0 109 1 
5.63925527271608 3.41623059697955 6.38617796060663 0.596426780748005 0.230366505704679 -0.124342472905492 0 0 0 113 1 
5.90448607997268 2.59384831064868 6.85544481008114 0.259087416468981 -0.58271480525596 -0.56732677587758 0 0 0 14 0 
5.65187272923045 1.9891381363877 5.91155234302844 -0.814595721809974 0.322890478611041 0.788914843707555 0 0 0 64 1 
5.9616767859322 1.37243267743757 6.13515044722024 -0.208136659651047 0.75720192220221 0.860891202777661 0 0 0 243 1 
6.87078353016066 1.69728627157356 5.47206445822193 0.72769314883298 -0.341336101672144 0.645415556365996 0 0 0 222 1 
5.72377560336351 3.30845361197174 6.07128809344815 -0.22213084686097 -0.246561552236957 0.798311064320479 0 0 0 255 1 
4.65455215196414 1.08659953493741 6.85436407005772 0.479679538350832 -0.377258850886035 0.197315533532807 0 0 0 192 0 
4.33680496256229 1.44049368821405 6.04641849507809 0.225694409562488 -0.41526507716388 -0.2031518532307 0 0 0 173 1 
4.35309611693616 3.30107484972661 6.73863647092354 0.22665271276095 0.811827932336859 0.896390380642561 0 0 0 181 1 
5.12047246136779 2.86963266888423 6.63966947132625 0.918851321256929 -0.507668666536222 -0.521195913451397 0 0 0 194 0 
5.27973037366981 2.82746975263846 4.91487094372429 0.869395904333518 -0.804266485138914 -0.387360532722101 0 0 0 67 1 
6.22638700248678 3.28541099737409 6.81092850108122 -0.663153705736072 -0.600858176625054 -0.0993571469952228 0 0 0 58 1 
6.38821271062158 2.78841300293083 6.00304501615342 -0.830105134669319 -0.983034529239363 0.323708530361966 0 0 0 77 0 
6.60554873871513 3.37662675620648 6.05069149776813 -0.699673603604993 -0.419021955517266 0.561805382221655 0 0 0 183 0 
7.16898111610447 3.9708911155122 5.47232181116833 -0.0782952284644429 0.321817124441894 0.939548341833431 0 0 0 88 1 
4.69991306347947 3.80803581837997 5.12059048078875 -0.929416878618855 0.724002106963527 0.56591708710522 0 0 0 205 1 
5.14869986575523 2.65726472372582 5.09983681218074 0.214629403867955 0.185721454336813 0.682343341892985 0 0 0 34 1 
6.79403407689037 2.52562297007394 5.4587503579826 0.429060828052375 -0.527904531172121 0.821102962234271 0 0 0 177 1 
6.45199918840735 2.92437893578172 5.61345478663524 -0.532235341858391 -0.916213003777546 0.889026752155014 0 0 0 41 1 
4.73907603174318 0.444639474780739 6.0068021411557 0.778769178337834 -0.591491795601133 -0.852541050520253 0 0 0 200 1 
4.38314268840223 1.588070685023 6.74434641634825 0.463714275788366 -0.347760547939823 -0.86797962256775 0 0 0 160 1 
4.08780776924667 0.334540897945617 7.35155979386652 0.681635751132157 -0.774438770709081 0.344209399639207 0 0 0 92 0 
5.5234964019617 3.39468360858395 4.93936263047347 0.766088023644806 -0.829724493612709 -0.856508080560384 0 0 0 120 0 
6.22844449248694 3.07285065084241 4.14957451670173 0.219320264263938 0.3278147441672 0.802916148041278 0 0 0 43 1 
4.50246394596094 1.48163538695555 4.05491212650485 -0.705737414943474 -0.530492036061438 0.62087718391205 0 0 0 165 1 
4.95454910112594 2.49788638428028 4.14551300818228 0.0855617118309377 -0.70600668327763 0.802677235775428 0 0 0 40 1 
3.8096549690851 4.56430699690599 6.83735535517973 0.429979704063829 -0.290334882534941 -0.156626155577663 0 0 0 172 1 
0.680646478528184 6.24564216446227 5.90089513939296 0.187096851678129 -0.0737857550316313 -0.152888521212179 0 0 0 191 1 
3.65607403838991 7.46340821647192 7.46664111107292 0.538592590493524 0.233141659792466 -0.17843287581924 0 0 0 94 1 
1.88968374672704 5.8304813873738 7.74745046192671 0.317040220395708 -0.451148153683894 -0.279561737533723 0 0 0 60 0 
1.05190632072255 5.20420461792829 6.54669693810632 0.267759195336621 0.10024733046637 0.17921746694743 0 0 0 64 0 
3.109746531239 5.48657377822076 5.85185400803432 0.565279207719941 -0.0596133071634842 0.0795208240020191 0 0 0 203 1 
0.503510083565579 6.43114536605349 7.04747620600278 0.176677063739152 -0.533462037290971 -0.379560223176308 0 0 0 35 0 
2.34767513659274 4.90351003446693 7.87207848047132 0.696922066858396 -0.505675880325475 -0.331054207031099 0 0 0 107 0 
1.63055713578622 4.50589054044404 6.64291641818348 -0.0511436978949282 0.000346502379061642 -0.579828445989207 0 0 0 131 0 
2.24547069715637 6.30150937565732 6.05663604846488 0.0438512174797863 0.282441727979842 0.0327432969685226 0 0 0 22 1 
0.967698722519006 6.92615971440362 6.55803656637729 0.615746983677588 -0.327872957976258 0.121060974492782 0 0 0 79 1 
1.38780022137988 7.70255796159875 7.69297098279034 0.16987060125764 0.0707387036234557 0.423115940164138 0 0 0 138 0 
0.323205379550724 5.46990611109909 4.39950282658357 -0.128046742379369 -0.119417287582407 -0.888264539612731 0 0 0 191 0 
2.30796301641314 5.06830387747999 7.60592241464388 -0.0112962931521684 -0.966570360148236 -0.052592799138595 0 0 0 183 1 
3.51229290530617 5.5289068929238 7.94682692948932 0.82425252384154 -0.880652535710365 -0.326657239441805 0 0 0 226 0 
2.97728089233152 5.9241497940184 7.67000905324116 0.616310640725383 -0.9162264827048 0.127647591367128 0 0 0 216 1 
1.15426819647695 6.32707191551242 7.44193942033482 -0.432101870795473 -0.0689957696757402 -0.297532975274422 0 0 0 256 0 
3.231993145178 7.67891660466828 4.58396607577999 0.278352537951647 0.65758332968637 -0.348001995542353 0 0 0 30 1 
1.99400228112754 5.99458530327711 7.01405443498864 0.0290589577133848 0.382034429604536 -0.0285850332359621 0 0 0 50 1 
1.84235228960859 5.34146180354731 7.55233944114971 0.373079546447564 0.225968341385136 0.00307879065586536 0 0 0 117 1 
2.2501523662032 6.88340973168942 4.91097505069994 0.161773668600188 -0.97744648637121 -0.681707349958827 0 0 0 141 0 
0.0139080235000961 7.24835980323968 7.30829755851045 0.677288707264711 0.573432929602334 0.282841032853556 0 0 0 105 0 
1.01557813088409 4.80939648195413 4.90724476030748 -0.557907168771524 -0.334741383414463 -0.15251501409956 0 0 0 246 1 
1.53686568973369 7.25480980224234 7.8344624497705 0.355109746454923 -0.190893541044568 0.725556614692382 0 0 0 197 1 
1.66242131599959 6.97686704631949 7.67671730646809 0.0683777244705643 0.0868745321364404 -0.813134276090112 0 0 0 149 1 
1.86218616208059 6.1668938385017 5.3097568478065 -0.155165519877612 -0.725476833029312 0.224103343988618 0 0 0 89 0 
3.67390033171392 7.28422559878502 7.92148566303608 0.716111784218466 -0.777398494189117 0.730675627237417 0 0 0 196 1 
0.664761794277811 7.48850826837104 5.86272010402329 0.421456576133989 0.764029898139473 -0.331604699763336 0 0 0 199 1 
2.61128782565616 6.19159046533893 4.06380209926291 0.535958107391539 0.511270027372878 -0.790364582396299 0 0 0 91 0 
1.7178750606543 4.93037407520258 6.33770239514404 -0.516595584667394 -0.621742701458672 -0.244841035579762 0 0 0 82 1 
0.90444514178783 7.63487515525172 6.39340956609437 -0.740914991659539 -0.580301461455781 -0.359211201994449 0 0 0 55 0 
2.16127832539905 6.06781019592418 7.99435962373266 -0.372865980858879 0.445165305642599 -0.912096492721608 0 0 0 120 1 
1.29428222086355 6.17959984843976 7.0332058628295 -0.247395163478615 -0.312964714797661 0.678423874284088 0 0 0 194 1 
0.949879869061669 5.51603824645439 7.87514359559983 0.320581168768334 -0.763762456090918 -0.860285670847069 0 0 0 105 1 
0.22626132599259 4.73462318191835 7.03159789515552 -0.545514039647494 0.0138013636422558 0.678329287950325 0 0 0 195 1 
3.83802814874057 6.19702009023512 5.70429316034212 -0.03893952066232 -0.782528229986169 0.42378195060836 0 0 0 93 0 
2.49173094228783 7.09914959622943 6.319113759777 -0.471074650453656 -0.141226494339445 -0.0694638964837057 0 0 0 250 1 
0.645486974211821 5.42331185182594 4.56168417074287 -0.873794883869893 -0.710393420480827 -0.29048916642689 0 0 0 37 1 
1.477597761388 6.80957406676352 6.27855785303987 -0.648376602271294 0.135857298044913 0.339915167825875 0 0 0 132 0 
1.22643294401867 5.02245747425898 7.95395780482176 -0.780798062116549 -0.498678972102413 0.61493869440128 0 0 0 42 0 
0.31461908037667 6.45143160550524 5.53256786270222 -0.128551818801372 0.644201859147367 0.47250399192366 0 0 0 163 0 
3.91253081523379 5.20419540610813 6.28251821336649 0.788972400896105 -0.370341446699522 0.751912836080382 0 0 0 227 1 
3.63453068986845 5.32394310848944 6.04221748587239 0.949090040580497 0.166114300499379 0.620130440345435 0 0 0 12 1 
1.61639927000229 6.06102310276881 4.65411508013516 0.595082310000135 -0.9669986410136 0.185536181184421 0 0 0 220 0 
3.54636448350518 7.83321362518016 7.22926170701183 -0.114919736264401 0.0196008014811857 0.807603629824225 0 0 0 238 1 
1.03267908689245 6.30661828258383 7.96524232751071 -0.145136524300444 0.870977546034343 0.85089660750063 0 0 0 176 1 
3.30043374474389 6.51364622833989 4.5913429941822 -0.247033309132712 0.177273307549405 -0.406391588577518 0 0 0 80 1 
2.24883992990729 6.4951551199373 4.46975184382899 0.10287293705337 -0.529696757650747 0.174691284931117 0 0 0 17 0 
1.89127843236972 4.84304095525564 5.60862452081411 0.964192848962925 0.431943585603273 -0.640669145834464 0 0 0 10 0 
3.45820964331516 4.82670657561847 6.50950031143294 -0.120105315099108 0.783923916212851 0.588794135966643 0 0 0 254 0 
1.94366289799959 4.20356457542751 6.16198734293552 0.202568405764682 0.159033210319265 0.803646314290325 0 0 0 54 1 
2.78746558479413 5.25073986628244 7.84897405236997 -0.806619671482698 0.92651410978132 0.314645532492351 0 0 0 165 0 
2.99586554921024 7.26434205252379 7.14521243921297 -0.617890261811162 -0.0138622322044832 -0.256163974163943 0 0 0 143 1 
2.90171384171662 4.22444884913954 7.13489832516868 -0.976369774016669 -0.486797126521203 0.566758725009922 0 0 0 48 0 
2.64619370801388 7.00958748735807 6.32977435510945 -0.873753311293301 0.382916911021063 0.578222020888791 0 0 0 50 0 
0.594529666754202 5.03343595234554 4.47448306746148 0.593795862750247 0.972555056020326 0.292616651027146 0 0 0 195 0 
3.94889503849283 6.52463951216082 4.62874441366698 0.438170296381932 -0.41031532281407 0.595808494921587 0 0 0 28 1 
1.72671983948703 4.74578737835302 4.85266361988315 -0.104310597677234 -0.22083603656747 0.785450801169597 0 0 0 192 1 
1.22015507001209 4.37426531168967 4.07964188711968 0.101185592353653 0.816133253628804 -0.318844594875313 0 0 0 169 1 
0.668527135726398 4.41268065908594 6.10051612323709 0.656972184454494 0.700745921122703 -0.847028463338994 0 0 0 206 1 
2.43719943801409 4.51935682165442 7.98741956345021 -0.591929444822701 0.765844518920848 -0.206622378620576 0 0 0 144 1 
2.50967484248188 4.15776179040066 6.06981085375992 -0.646489715148125 0.391633046494156 0.857047697279995 0 0 0 59 1 
3.90713186088882 5.80950891781069 6.39620615632319 -0.152521655241834 -0.0994406518934892 -0.300223167275106 0 0 0 207 1 
3.96604096132641 4.83690448753209 5.79765473179447 -0.325527002274917 -0.0978291477922298 -0.806020309894443 0 0 0 251 0 
3.9238570701106 7.07120444022595 5.94195510915029 -0.328008407640553 -0.789929150574944 -0.738708522991159 0 0 0 227 0 
3.15759662492009 7.02431786321099 6.43218071073018 -0.902494316181171 0.501430462541823 -0.886342311133519 0 0 0 23 1 
1.37375667950906 5.27770779656601 4.17593309403431 0.34551509879465 0.163394576268589 0.216231358472606 0 0 0 73 0 
3.59290020993591 7.15863640880933 4.74238244861053 -0.0533588111802408 0.97991978875349 0.955434261682972 0 0 0 201 1 
2.76212709970121 7.05006761843511 4.11089853660937 -0.749286641194047 -0.732348963621464 0.741817560977022 0 0 0 61 1 
6.60816882241034 6.96755520722186 6.42807071058284 -0.287754775152333 -0.148967340751655 -0.180701722906892 0 0 0 233 1 
6.52742446628293 7.26177065629126 5.0084687035896 -0.468975031395122 -0.0140134908063967 -0.617148899788847 0 0 0 142 0 
5.44302201845146 4.52762165619488 5.56208468294746 -0.59158694009109 -0.821904608459125 0.0624755695851447 0 0 0 9 1 
4.66013680749232 7.56736889017106 4.93058662559327 0.00941981220543053 -0.407801829989938 -0.739377257318043 0 0 0 85 0 
7.40010803706178 6.06101066265094 7.88822252068634 -0.123523056643425 -0.672881725726415 -0.447751616430216 0 0 0 71 0 
4.67090066614189 7.42548092157526 4.07307878586332 -0.872299960815183 0.289734171857368 -0.789818894949217 0 0 0 28 0 
4.46205004936611 5.81387499912051 6.54094057779616 0.0565911793744773 -0.628595588287029 0.237702386929186 0 0 0 36 0 
4.97291771362874 5.52366087704271 5.87396914253697 0.0866422184487494 -0.880961124879841 -0.448590050439001 0 0 0 164 0 
4.95330779829723 7.58798961973979 6.96676031626561 -0.914511305982516 -0.230118257662365 -0.501955275513787 0 0 0 193 0 
4.11875942030788 5.543543341179 6.12273009497446 -0.66948473998189 -0.938615097577706 -0.316309994413266 0 0 0 133 1 
6.80134837011746 6.06848394910577 6.7789450045107 -0.805803037051914 -0.378324473582013 0.251702647324159 0 0 0 109 0 
5.19985499585215 7.09106564388323 6.01594030487684 -0.841185000243991 0.387709743757837 0.324467076757462 0 0 0 4 0 
4.17604472827368 7.39362835045421 7.88953717966808 -0.783762074807431 -0.888610097032105 -0.212380165901878 0 0 0 138 1 
5.07182839818562 7.09337249864652 6.94962765097049 -0.848715976577317 -0.847448676550205 -0.444139549942912 0 0 0 152 0 
4.13741046279112 6.75985069184296 6.07485766214912 -0.491917031600523 -0.749420547538649 0.386756333067595 0 0 0 16 0 
7.81762596520472 5.71739993171609 6.40860627534412 -0.275433766752664 0.365729407748005 0.0534474279614185 0 0 0 20 1 
5.93275633582346 7.07180994482726 4.9313499549113 0.143103313871968 0.739518232048662 -0.151097061475806 0 0 0 184 1 
4.0678170484339 7.45465599877872 4.47903105254591 -0.3783637030333 -0.943843764777723 -0.530645232203182 0 0 0 238 0 
7.40811828667554 6.62395327419785 6.81039418444382 -0.82893421843085 0.654350192599873 0.194729069673166 0 0 0 242 0 
6.14573280490837 7.77127351671336 7.04568250294688 -0.844368658534802 -0.925219204899214 -0.909077499826654 0 0 0 237 1 
7.47890878723778 7.2017004015917 6.55775657137911 -0.942417130162484 -0.370488211671076 -0.349543731095347 0 0 0 124 0 
7.88772815770313 7.94397852131041 5.1993048763755 -0.977192461311581 0.379057560077083 -0.664746771977911 0 0 0 72 0 
5.58472323244535 5.98372128023158 5.26536199734124 0.357924896026197 0.0872777223665637 -0.719684588391692 0 0 0 145 0 
7.76128538617781 5.02817388355167 5.99245523813846 -0.925806741989541 -0.674813300967549 -0.853384985991855 0 0 0 68 1 
5.18565713590811 5.62304466540787 4.56570619277595 0.275626890347536 0.301355568553404 -0.937311400424944 0 0 0 1 1 
7.06363200916791 6.89885756123942 5.16993746977159 0.739037177009877 0.552873974190554 -0.960591913542848 0 0 0 90 1 
5.00161681773753 6.25017244418456 6.65917353059558 -0.382257834250733 -0.426460444459732 0.656421972387975 0 0 0 73 1 
5.08694997430911 5.6983755620963 7.48631442246853 0.152173527900536 0.246963268358606 0.822724377792266 0 0 0 39 1 
6.21752978586576 6.52370369276162 5.20775146272787 -0.0754394243608369 0.824923746633036 -0.48777932572189 0 0 0 240 0 
6.82088535075533 7.30782881727541 4.84027068722264 0.0776991382797252 0.988695812780906 -0.62704290075161 0 0 0 202 0 
5.71328173288161 6.79557169803444 5.06265230326418 -0.752159898065787 0.72326892341379 0.0330971943096579 0 0 0 135 1 
5.45601030902231 7.24405895967588 6.50116165864581 -0.2378817465281 0.984944644686816 -0.882284608314952 0 0 0 219 1 
7.33038954410989 5.02432718029913 6.57302767964822 0.872375855535876 -0.204451342335345 0.12194280468519 0 0 0 208 1 
6.0429952750047 6.16775731158939 4.881859198496 0.6789997220591 -0.607778981671213 0.198932894029176 0 0 0 82 0 
4.56714536959276 6.79950740593977 5.10944054367712 -0.878403213553367 0.958794553290575 -0.317091732724875 0 0 0 156 1 
6.38166258709848 4.89928405796568 7.2355769652906 -0.830490436053031 0.376428473997981 -0.3096719432182 0 0 0 117 0 
7.04141457087256 5.11792437170835 7.01794816284405 0.443612621816033 0.38928966892402 -0.67541481395035 0 0 0 37 0 
6.04690521813218 6.81344624380928 7.7153178603693 0.0321708951842454 0.959614484929957 0.777371638845253 0 0 0 218 1 
5.73944725519292 5.15175354771977 7.25835929065735 0.54349689736429 0.567750208689399 -0.720096512314274 0 0 0 180 0 
6.27182464154405 5.34174190105423 7.82718851002504 0.810107331855533 -0.18577988817328 -0.0395771464691159 0 0 0 256 1 
7.1872251733164 4.92134683752498 5.88568640428039 0.275719127842141 0.318902755148528 0.846216847310612 0 0 0 51 1 
4.57471493723657 5.4652125636168 5.61922965795135 -0.583840297809613 -0.884399260963717 0.595248803408903 0 0 0 130 1 
4.74722258377166 5.19099133437815 7.58010482236695 0.720424857868921 0.687705372610479 -0.818817363390179 0 0 0 220 1 
7.2841233778137 4.99660259463329 6.90630642565011 0.22259549281257 0.852741329096075 -0.32904079849117 0 0 0 188 0 
4.58973642176216 5.17472179119411 4.02558119446341 -0.112368445778697 0.9808659877173 -0.616142282678623 0 0 0 211 0 
7.64023569858818 5.4727913916705 6.77396226899754 0.12589621756401 0.939575964215912 -0.572119866529556 0 0 0 198 0 
5.04181065984342 5.09931860515647 7.23724897375195 -0.850481725891564 0.623489329715086 0.631602880808938 0 0 0 184 0 
7.13268549218074 4.82207317428227 7.16374636689767 -0.786312618107015 0.489533716134251 0.744926256876334 0 0 0 93 1 
4.4906331808739 4.22000158590829 7.60842167724157 0.352390187110229 -0.604705789064218 -0.228916371926966 0 0 0 6 1 
5.36283122578296 4.8662901405844 7.55255184882306 0.933107719163703 -0.625512344671506 0.00309128522488589 0 0 0 114 1 
5.41715159555085 7.12379142159776 7.36578638207947 0.936303035032403 -0.845659328141308 -0.125541977524737 0 0 0 230 1 
5.75645888057658 4.51970222552868 6.93782060732309 0.897438757680975 -0.528252810263018 0.731636506313123 0 0 0 91 1 
6.01425683394688 5.03564521561775 4.25090476442947 -0.146220186238419 0.0903320715069265 0.16181792731938 0 0 0 96 0 
7.32588288839313 5.90921929197026 4.05987845386853 -0.127889241859227 -0.681810629884102 0.0329340266981486 0 0 0 119 0 
6.08400789764699 5.5225225101871 4.42842266224963 -0.906823064844295 -0.645733969988994 0.231083686014684 0 0 0 66 0 
6.33695384677138 7.92686516986274 5.51528597886017 0.755114932163022 -0.386654990008074 0.76560505758001 0 0 0 119 1 
5.78753012887782 4.22315543653464 7.50985580413333 0.193384125228107 0.513126790384391 0.353520929654902 0 0 0 147 0 
7.02778565261546 4.18385672772966 5.93358606831122 -0.616012608669678 0.80493274868998 -0.268612584216987 0 0 0 154 1 
7.09318153777072 4.1935273816348 6.26635894445756 0.211363619868866 0.217266316566753 0.456844643791621 0 0 0 20 0 
4.83493186464894 4.22053322404338 7.67195429470639 0.0785254038028789 0.983560777884905 0.833644370276847 0 0 0 48 1 
4.09867038335381 4.37758699298377 5.27146626581484 -0.611842918626247 0.463387470175516 0.574792133283226 0 0 0 14 1 
4.02018491156021 6.4000549893001 7.23625503934748 0.265893230091777 -0.358820294747053 -0.191984997685443 0 0 0 29 1 
4.54564960983411 6.26506305887119 6.04895332384471 0.943861741754948 0.103827238757129 0.0911149014026305 0 0 0 193 1 
4.96024865601666 6.26829499311951 4.59807529330515 0.968249920942156 -0.366570882757676 -0.876583806276168 0 0 0 125 0 
4.25999207159342 5.92998306791096 7.43803885090309 0.927058357152554 -0.857059819534649 0.290472873582535 0 0 0 225 0 
4.12630188966755 4.78725174936312 7.5788801314771 0.507429522921621 0.311014808786066 0.769345890086888 0 0 0 81 1 
4.73803867882346 5.97633240271751 6.6743154376136 0.89635521640138 0.969196023689265 0.716136202212565 0 0 0 214 1 
7.16066242334298 6.56794668634976 4.16150769684303 0.274156613137822 0.592232158020574 0.274206335108414 0 0 0 15 0 
6.65937796526592 7.15740288873643 4.49875511692489 0.30349282148623 0.921023699337437 0.705809124524993 0 0 0 190 1 
4.52109521687572 7.01222617882105 4.44147422576993 0.118887953933866 0.912483892871826 0.878910248574702 0 0 0 159 1 
6.20560291117869 4.83734928578234 4.59369915788807 -0.0761410052247832 0.431608781516608 0.887864656346357 0 0 0 92 1 
