512
2.32244031364692 0.941986665775591 1.08244579973132 0.0456911285359398 0.246777036987533 0.254580322207296 0 0 0 62 0 
2.43054247771074 0.496623759595476 0.450395327680887 0.162807915428374 -0.222409791133585 -0.113866926239951 0 0 0 161 0 
3.88115792728657 2.39024898991102 3.22536724057178 0.910064329293698 0.0494582772172791 0.0402981800317657 0 0 0 40 0 
1.20361853580716 3.51332844835667 1.44225992914476 -0.0164656368996022 0.667407136019815 0.663458884952487 0 0 0 158 1 
1.70415211205882 2.8634505363181 1.68847116048125 0.455786228447712 0.575747252017672 -0.267307157751042 0 0 0 239 1 
3.47387918031214 1.02878460449408 3.34451549217157 -0.0570067122048807 0.251599144694115 0.824695305120643 0 0 0 77 1 
0.526044608021955 2.39542394542975 1.93483570264327 0.279224700445664 0.716412441412764 0.690824205702404 0 0 0 213 1 
3.15712797502431 1.40657952055177 1.28501268611282 0.980951554168017 0.32814330669732 0.154722927006268 0 0 0 146 0 
1.84029095144309 0.292324769751832 0.0843192430335771 0.741127275080172 0.43290693165288 -0.0230933753870235 0 0 0 205 0 
2.26709927300306 3.30434014005344 3.15577862209077 0.875949959611281 -0.0664255477748089 0.869765479005043 0 0 0 179 0 
0.724661625392966 0.30190605620755 2.0454730066292 -0.265296576367058 0.600105892011531 0.752526278146067 0 0 0 198 1 
2.0632139202728 1.14590138745498 0.0993412105486804 0.809067440015156 0.646994521525277 -0.0222588216361844 0 0 0 136 0 
0.746382441207693 3.32734592591149 2.76989485416857 0.73591013562265 -0.0651474485604725 0.626105269676032 0 0 0 180 1 
1.60057068385288 0.0156473322552957 1.30372168811414 -0.0499682953415065 -0.582464037096928 -0.233126572882548 0 0 0 151 1 
0.500260576504091 1.21121061109982 2.90725670004439 0.888903365361338 0.261733922838879 0.522625372224689 0 0 0 45 1 
3.90044401234826 1.27807486201267 2.99529170161578 0.244469111797126 0.932115270111815 0.360849538978654 0 0 0 49 0 
1.588787735308 2.88802494278468 0.19235364865695 0.393821540850444 0.688223607932482 0.705130758258719 0 0 0 250 0 
0.106980286376229 2.57894767481831 0.494129293526404 0.42261001590979 -0.051169573621205 0.777451627418134 0 0 0 112 0 
1.0974226670421 1.41984368990417 0.452755927845641 -0.52236540738655 0.273324649439121 0.886264218213647 0 0 0 78 0 
3.44651534613511 0.311742792939725 0.552169714628572 0.385917519229728 0.933985710718873 -0.44154612696508 0 0 0 52 1 
0.201260858639369 0.377656594634602 2.01229748743775 0.705625603257743 -0.840130189186966 0.806238749302097 0 0 0 52 0 
0.249764360846591 2.0771382303917 2.85025722011984 -0.847235313286301 -0.412381209422684 0.463903178895547 0 0 0 153 1 
0.989254172816342 2.20575618991251 0.0915217231814016 -0.806152545954648 0.31698645499514 -0.0782487931565888 0 0 0 29 0 
2.17966284117896 3.81630433958695 0.0329313057018471 -0.517796508823392 0.184239129977053 0.362940628094547 0 0 0 97 1 
2.34400649579574 0.674295777052804 0.960700059563579 -0.508666305789126 -0.156983567941511 0.525594447753532 0 0 0 125 1 
1.89793467894666 3.64792377687547 1.51962923448117 -0.644559184502963 0.897106876493082 0.612201624137843 0 0 0 47 1 
0.769642186838657 1.32246525253561 0.553150038284521 -0.818353211842297 0.879025847363089 -0.663713886761971 0 0 0 53 0 
1.65970320096257 0.422010260934041 0.334395454785195 -0.768905377724302 -0.170999429948109 0.935244191932511 0 0 0 13 0 
3.25249388338308 2.85247888630709 1.27019148945106 0.430694104632393 -0.369306728538495 0.265010638302836 0 0 0 249 0 
2.36425796644933 2.35038798836632 1.46052363919097 0.214680998136074 0.158354888242573 -0.668859797822724 0 0 0 34 0 
3.90967756682259 0.697081671453774 2.87596288262311 0.467204309267922 -0.544606573808124 -0.368002062076493 0 0 0 229 1 
1.48181980458624 0.545698163215191 3.69757085977617 0.443434433588124 -0.608572324265823 -0.100134952234657 0 0 0 211 1 
2.5434886397324 0.491145487486619 2.06265303571109 -0.497583964459311 -0.889380806250743 0.364591835317283 0 0 0 65 1 
2.7469332483458 2.49370882264188 0.570901854435814 -0.152948152869678 -0.555905065408784 0.726161214135323 0 0 0 126 0 
1.62718794972568 2.63142279645952 3.27500215473629 -0.881822891681907 -0.548254289085582 0.0986112308186828 0 0 0 30 0 
2.01652413780211 0.331555186267915 2.75011884828229 0.195362452100117 -0.23158026742956 -0.430548952873206 0 0 0 146 1 
1.68036907433023 1.74785428139638 1.89629372989539 -0.0455350514260984 -0.319563651033534 -0.866872570561367 0 0 0 159 0 
3.24562379743745 3.55363822766046 2.56049716409107 0.263645766524303 -0.21924232068553 -0.663305713106052 0 0 0 158 0 
1.04496995615212 3.2331209731747 1.70922912149674 -0.525279446880438 -0.292604390379183 -0.877265048805737 0 0 0 222 0 
2.93258016993938 0.165988071769748 1.6419400186799 -0.86485665722559 -0.351889551568347 0.452330001037772 0 0 0 171 1 
3.14364476941658 0.326595987368912 2.13900670582816 -0.853130846143523 -0.842966889590616 0.035500372546009 0 0 0 19 0 
1.25591450540193 3.03741900937279 1.77950084650578 0.819773028077885 -0.581254499479289 0.182194491472544 0 0 0 27 0 
3.4018092494246 3.48773000952743 3.60944145142596 0.494544958301367 -0.0562372216929206 -0.327253252698558 0 0 0 226 1 
3.3159970799722 1.11915176023751 3.23757882904117 -0.1213334955571 -0.0211582355423606 -0.625690065053268 0 0 0 86 0 
3.40626440155302 0.51608514161778 0.939397698372218 -0.671874199913721 -0.110217492132346 0.246633205465123 0 0 0 57 0 
3.15141358750442 3.8856938570162 2.32834023097636 0.202856310416912 -0.311905896832434 -0.00953665383464652 0 0 0 169 0 
3.99597843988425 3.9101727052806 0.766017925492985 0.638665468882458 -0.421657071928856 0.959223218082944 0 0 0 196 0 
3.07422053246077 3.58838791739884 0.313297892284056 -0.134765525974402 -0.495089560144509 0.989627660682447 0 0 0 94 0 
3.0790274408544 3.89020584205715 3.21302606976967 -0.523387364396978 -0.200544119885714 -0.73816521834613 0 0 0 144 0 
1.45810266307891 2.4711634375642 3.76656259268455 0.49767237017105 0.498397968753567 -0.48519096707308 0 0 0 252 0 
0.976140814470263 2.69977951792185 3.78300262537817 -0.751325510307208 0.51109886210677 -0.539833187478991 0 0 0 170 0 
0.303249788325791 0.445692526779169 3.87824702024942 0.933513877129211 -0.614128192956713 -0.97898627665281 0 0 0 145 1 
0.672880445184573 2.6700791112214 3.80013659003845 -0.990395530823079 0.842782172845633 -0.261103522775641 0 0 0 63 1 
1.90601586969571 1.06276716458626 3.77450995447597 0.633667548316428 -0.746512935300763 -0.595860558084669 0 0 0 87 0 
5.03608465320391 0.274492614151558 2.13597522849892 -0.247995297044227 0.0985829230084199 0.257554179361051 0 0 0 103 0 
4.19544383648141 0.156825572854948 1.40184268755827 -0.0724753424176992 -0.0746208015080584 0.272324593753237 0 0 0 118 0 
4.45663805450532 0.491810966823792 3.07941876461837 -0.33574233030526 0.110656164823544 0.421078820256576 0 0 0 70 1 
6.85647032293084 1.16819002470445 2.0184360303895 -0.0357516487260645 -0.129544998627531 0.417690890577195 0 0 0 96 1 
7.13349072232177 3.68539664946194 2.47067295233112 -0.187028293204346 0.565855369414552 -0.11274039153716 0 0 0 202 1 
6.07652142308642 0.512889942704676 0.629572273807993 -0.467971032050754 0.167382774594704 -0.215023762566223 0 0 0 10 1 
5.1363422246782 3.14463174742613 2.77506964197663 -0.575758765295656 0.0913684304125628 0.404170535665368 0 0 0 5 1 
4.37418778573964 1.67519914113253 1.32428042936156 -0.395878456347798 -0.156933381048193 0.490237801631198 0 0 0 241 1 
5.36437203499091 1.07650236029046 0.0143215065985174 -0.229757109167171 -0.0790832022060853 -0.415871027411194 0 0 0 123 1 
6.57675350472525 0.644628876921913 3.51922663873348 0.170930750262514 -0.0475206179487826 0.778845924374082 0 0 0 24 1 
7.39450173803691 3.69334613738783 1.62988747365782 0.327472318779829 0.955185896521546 0.673882637425435 0 0 0 26 1 
5.70876345658569 1.54901398174927 1.95287985830616 -0.877290919078573 0.336056332319404 0.191826658794787 0 0 0 210 0 
7.33305030146971 2.91843200968163 2.23822557442097 -0.620386094362794 0.412135111648979 0.541012531912276 0 0 0 179 1 
5.13504854475774 2.94971816121732 3.32584944768797 -0.0758306364023476 0.91387323117874 -0.00967503068400177 0 0 0 123 0 
6.00484441603904 2.96428800118278 2.97655488750276 -0.305286421331164 0.970238222287932 0.470919715972376 0 0 0 85 1 
5.31694687859377 2.99145708683795 3.98361346603735 0.156497048810765 -0.13936349517567 0.360200748113186 0 0 0 167 0 
5.47101445558351 0.886038708081357 0.468631928299843 -0.22383253024536 0.0770021504489643 -0.446187115094453 0 0 0 115 1 
6.43440133480096 1.96025790867624 1.1922033659505 -0.836977703622169 0.525569883815347 -0.405988701891638 0 0 0 254 1 
7.22244401232233 2.68514375672456 1.43898905269391 0.0956913340179071 0.0658413198180312 0.829943836260773 0 0 0 102 0 
6.73689479899038 0.779034411535521 2.3687705884442 0.29093859994391 0.68216857841864 0.992709477135789 0 0 0 130 0 
7.57980879697572 1.05978243597895 1.83150787716448 0.671100488720873 -0.357789864667836 0.685083770953582 0 0 0 221 1 
7.45618555857273 0.0330760172032967 3.80504547597477 -0.61354524674596 0.696282000955739 0.294724748665265 0 0 0 31 0 
7.71990989847258 3.27802911951482 1.58048443522013 -0.543338338973746 -0.123442826693621 0.393360246401119 0 0 0 150 1 
4.59208279851045 0.102781900502141 1.29503821310082 -0.105995400082753 -0.355401005527659 -0.455831210383288 0 0 0 235 1 
6.46345224238653 3.21228994727045 1.2891192711054 -0.668697097645193 0.595127219292803 -0.456160040494145 0 0 0 175 1 
7.44485833113861 0.420625969346243 2.04034307860953 0.830269907285479 0.82892366496368 0.363352393256085 0 0 0 72 1 
4.90617067770218 1.04600125648043 0.494436483481046 -0.421879406794323 -0.691888819084421 0.499690915748947 0 0 0 60 1 
7.50599172319259 2.29606601532111 3.29713106132568 0.333666206844032 -0.400218554704383 0.988729503406982 0 0 0 154 0 
6.07810000518197 0.113517179225131 0.64171157413507 0.0321166669545541 0.145195398845841 0.95231730967417 0 0 0 74 0 
6.96262831432358 3.88591328362092 1.12105479164409 0.525701573017977 0.688106293534495 -0.687719178241995 0 0 0 175 0 
6.35946082894329 2.04269019454239 2.3486421694003 0.769970046052405 -0.525406100303201 0.880480120522239 0 0 0 228 0 
4.62187303331634 0.309678665522803 2.22707550178417 0.173437390739797 0.489426592529045 -0.570718027678657 0 0 0 190 0 
7.53134258422832 0.122888157097303 1.56801405527177 -0.10936985643176 0.0346048976165169 -0.718443663596013 0 0 0 83 0 
5.23563228506747 1.48679448918458 1.62434372007106 -0.181353761940696 0.0548219160658101 -0.71531423777383 0 0 0 84 0 
4.0645201763254 0.829768009061043 0.307982662364473 0.0313622320180778 -0.148346221718831 -0.788445407646418 0 0 0 32 0 
6.89503452077648 2.12009825586485 2.27682365073112 -0.922498082179084 -0.743327874674175 0.82093464726284 0 0 0 116 0 
6.45786868416622 2.34743187692108 1.16589672617525 -0.891229517546321 -0.619587117948829 -0.796339070768041 0 0 0 75 0 
7.61333880767649 3.99582282523511 2.09524354409361 -0.438147844017973 0.360879045846395 -0.911375358661466 0 0 0 41 0 
5.60319250719421 0.931291578742478 2.6058692439071 0.394621805955234 -0.531594912292084 -0.54967393089405 0 0 0 182 0 
4.81498406264261 2.10687595779378 2.91834779982257 0.573054670146812 0.755937553210766 -0.143425122232079 0 0 0 210 1 
5.445900986083 1.0004840296157 1.51680646970787 0.885883388115722 0.972249112756428 -0.165732973905118 0 0 0 66 1 
4.4796024529467 0.286724798518691 3.8342696855833 0.443311247385928 0.821484711028816 0.851903871421295 0 0 0 8 1 
4.80441500400747 3.21314715901718 1.60793679246772 -0.538643610888474 -0.738158491165712 0.728218710692651 0 0 0 2 1 
5.12962043421737 2.55394000813405 2.94669713585596 0.646090024123187 0.836330000451892 -0.919627936896891 0 0 0 127 0 
5.61372301304383 1.88849151699522 3.05143720533425 0.228540167391324 0.966027306499735 -0.691586821925875 0 0 0 2 0 
4.02352535043921 1.15858327393305 3.14782488415874 0.695751408357734 -0.130078707003719 0.369323604675486 0 0 0 128 0 
4.16638177253519 0.68921142802394 2.06988892424621 0.703687876251955 0.399400634890219 0.476104940235901 0 0 0 236 1 
4.16623414973893 0.634044588024217 2.0249139082138 0.592568563874385 -0.825886411776433 0.862495217122989 0 0 0 99 0 
4.23557113229394 0.848657449149806 0.729875114465386 0.763087285127441 0.241592080508323 -0.931673604751923 0 0 0 95 0 
4.12712150062517 2.26750059827841 1.72670735668193 0.201506750034732 -0.624027744540088 -0.765182924628781 0 0 0 9 0 
4.57469538370878 2.45823574344825 3.12722338724632 0.615260854650488 -0.335653569808431 -0.742932034041871 0 0 0 207 0 
4.59896449417481 2.43090078826903 2.86042880030555 0.672164694120822 -0.670505511762832 -0.646642844427469 0 0 0 88 0 
7.22954504380155 3.74168973522728 1.58054266437746 -0.0705808308999134 -0.431017236931818 0.282252370243192 0 0 0 244 0 
5.89416108101558 3.69618935382039 0.851988407440753 -0.533657717721357 -0.322433924787755 0.519554911524486 0 0 0 185 1 
5.6509800906281 3.44763331506433 3.32336312912865 -0.824945550520661 -0.725131482496426 0.156853507173814 0 0 0 65 0 
5.43380972203054 3.82970688837163 1.22744814800643 -0.50367723766497 -0.981682950646021 -0.681808436221865 0 0 0 166 0 
5.91528880067723 3.50112200415854 3.60797874584316 0.856404933370957 -0.499937666435636 -0.38289006967538 0 0 0 95 1 
4.00158698023296 3.30777638847798 3.63828836704269 -0.0276896122092806 0.60043202158211 -0.603428424053184 0 0 0 221 0 
5.59899525457337 0.888649034654832 3.88353821605152 -0.105611374745923 0.521591613036379 -0.700914543552693 0 0 0 208 0 
5.89657530120876 3.52724078821665 3.22506880321376 0.466476405622709 0.279291154900925 -0.793051733154791 0 0 0 23 0 
0.239209998119877 4.66348706631092 0.645429484345637 0.374400555451104 -0.10202849631606 -0.103031695314131 0 0 0 235 0 
2.67903644065956 4.99693538975087 1.72509286554304 0.287724246703309 -0.694614700569396 0.234727381419058 0 0 0 39 0 
2.62452015646151 5.95296543138999 0.367493425149679 0.0624733420256394 -0.0303908093672229 -0.340694809713907 0 0 0 170 1 
1.2285592484622 5.54177395866157 1.84563672738408 0.151586624914566 -0.664345891185468 -0.0919090707008845 0 0 0 54 0 
2.04228919898708 5.61809860479408 3.06753241952356 -0.192095044500718 0.173227700266338 0.587085134417976 0 0 0 122 1 
0.649194301881574 5.41461021875386 3.94090822318113 -0.158378094339912 -0.00474387673589671 0.802272679065619 0 0 0 152 1 
3.09825460760101 4.9169911481864 1.06455268953525 0.644347478200056 -0.476833825100756 -0.301969295025819 0 0 0 108 1 
2.21912079325788 6.87964873020119 2.20948289319223 -0.182271067041229 0.354424929455622 0.483860160732901 0 0 0 98 1 
3.56333418503092 4.25790535255422 0.884070257682438 -0.0520369897205044 -0.624560813746988 0.18800390320458 0 0 0 97 0 
3.7454492877947 6.44731979908361 2.17252055113517 0.180302738210817 -0.669593344495355 0.704028919507509 0 0 0 25 1 
2.95617923634413 7.38561760220999 0.801950258757952 0.136454402019118 0.271423200122777 -0.372113874513447 0 0 0 57 1 
2.15987696019371 5.56816437709729 2.63930148134943 -0.18556239110035 -0.440657534605706 0.785516748963857 0 0 0 74 1 
3.368199253715 4.8904511855011 2.77619621296433 0.9926777363175 -0.589419378583272 0.737566456275796 0 0 0 18 1 
1.85358144873609 5.06617403752944 2.92039822596066 0.575198969374227 -0.96854588680392 0.912244345886703 0 0 0 236 0 
3.5443100518837 6.52061483120161 2.10412125675522 0.502461669549095 -0.165521398266577 -0.244215485735821 0 0 0 234 1 
0.735850815517039 7.98710286041856 2.97694803352211 0.235325045306502 0.360394603356587 0.970941557417895 0 0 0 24 0 
0.458472652622878 6.01348029571777 0.0237128147006187 0.497692925145716 -0.527028872460124 -0.526460399183299 0 0 0 100 1 
1.18452526283364 7.84842450224057 2.53755377150047 -0.128637485398131 0.630468027902254 0.44653076508336 0 0 0 32 1 
1.01431530047223 7.69213745684525 2.71270946209415 -0.304760261084876 -0.655992363508597 0.67848385900523 0 0 0 111 1 
0.111169246295407 4.60254911870931 3.21005436897865 -0.5771572640947 -0.438747271182816 0.0394474649432583 0 0 0 110 0 
1.35249943506352 7.04270200267182 2.22522821287395 0.769583301947973 -0.469849888740455 -0.237487321507003 0 0 0 36 1 
3.08409976909442 7.42072129401538 2.70941874646489 0.588005542727468 -0.726626594776923 -0.210587847418617 0 0 0 228 1 
2.62352419028695 4.02845390562925 0.565455433140944 -0.0486931005396138 -0.415085894131709 0.670303079618942 0 0 0 132 1 
0.274034571736509 6.57843949199736 1.68762435438891 0.26522414287425 -0.106753361555703 -0.37846531364506 0 0 0 253 1 
2.24535532230591 7.2317104156319 0.957115023367622 0.708075295683661 -0.514904976909339 0.747617501298201 0 0 0 114 0 
2.28348971844471 6.07364748501879 0.922145966477864 0.265749428802484 0.365202638056599 -0.476547446306785 0 0 0 35 1 
2.36978742648068 6.83581192910246 0.566749947185201 -0.285011809639962 -0.925788226160974 0.337041663732511 0 0 0 224 1 
1.35786705908051 5.78245103687269 1.26642173196679 -0.507896274495528 -0.262086053507073 0.875912318442599 0 0 0 214 0 
3.34993058564257 5.66973297343201 1.25250125047212 -0.119448300797635 0.176096276301778 0.875138958359563 0 0 0 90 0 
1.92783521371451 6.69686558299099 0.202957910608276 0.245990845206362 -0.155729689833834 0.705719883922682 0 0 0 187 0 
2.61166898781732 6.53817757985447 0.71117954325884 0.783981610434296 -0.60899013445253 0.789509974625491 0 0 0 101 0 
1.31933284075847 5.75504194771196 1.004752827993 0.323296268931026 -0.87471989179378 0.861375157110723 0 0 0 213 0 
3.87735651634125 5.98341240617254 0.0790098832130539 0.0209642509078471 -0.862032644101526 0.754389437956281 0 0 0 168 0 
2.67607386725812 6.77410487793769 1.67018426656321 0.454226325958785 0.570783604329872 0.620565792586845 0 0 0 110 1 
0.633781530050922 7.4916081023301 3.57659586502043 -0.492567692774949 0.721756005685005 0.782033103612246 0 0 0 215 1 
0.167865404774302 6.04028229098932 3.18229091829348 0.981548078043017 -0.081095428278371 0.315682828794082 0 0 0 174 0 
2.93827875026403 7.13393439753831 0.300058283000427 -0.253428958318665 -0.964781422358983 -0.344441206499976 0 0 0 240 1 
2.29950366118214 6.60295262735815 0.394939698376606 -0.177805352156547 -0.827613742924547 -0.728058905645744 0 0 0 230 0 
1.75169065351548 6.30266309374635 3.39430568303206 0.625093925195304 0.65570350520813 0.105239204612892 0 0 0 215 0 
0.245051716271618 6.59077228947842 3.02740744280087 0.874725095348423 0.838376238304357 -0.0262551420666183 0 0 0 189 0 
0.821947359245067 6.08521304164226 1.09827290560331 -0.871002924486385 -0.523043719908763 0.366570716977962 0 0 0 17 1 
1.26159480426811 7.79570286342648 0.987791194463051 -0.902133621985105 -0.205794285365195 0.471543955247947 0 0 0 178 1 
3.58002177255368 4.01120383567464 2.22070862155525 -0.106665457080351 -0.860488675795854 -0.293293965469153 0 0 0 126 1 
0.725354135525953 6.8035818017557 1.13470319738611 -0.820813659137447 -0.92757878879135 -0.0202942668118828 0 0 0 157 0 
0.0141329115638529 7.24440410447347 0.523942048384708 0.0285629395313252 0.985800228026304 -0.887558775089738 0 0 0 133 0 
2.12907396902837 5.6339397654347 3.2293535066024 0.868281887168243 0.618552209190817 0.0960751948112444 0 0 0 151 0 
2.13494221553298 7.51868740597373 2.14607208690451 -0.798058765803723 -0.387850699668126 0.980337338161362 0 0 0 5 0 
3.40447062851304 6.31795879664143 1.31830155540788 0.994692812695169 -0.676780066853254 -0.898983246921784 0 0 0 26 0 
3.88790926718295 4.17399795450706 3.1047813321425 0.410439403732386 0.0929998863615029 0.200265629563472 0 0 0 12 0 
0.593553576927035 5.22315852251177 2.69579617222533 0.949641865384835 0.706842140139543 0.288655342901407 0 0 0 173 0 
1.78156620093253 5.11270335195524 1.16424133893742 -0.81769076661486 0.645150186219735 -0.574208814503476 0 0 0 137 1 
2.52906435762211 7.53168232448042 0.817495615125252 -0.998385313465438 -0.331573204195532 0.628749756395848 0 0 0 89 1 
2.34236511115791 5.47101072359268 1.73284515314768 -0.897646382713449 0.109500595755149 -0.487064158158462 0 0 0 31 1 
2.70305051255275 5.34472716008282 2.31194986871188 -0.933163860413736 -0.841959602217621 -0.677113896182673 0 0 0 148 0 
1.29524389182339 4.3504046943449 2.34905374163116 -0.344708672676478 -0.0638664058697281 -0.952830347687157 0 0 0 248 0 
0.8501752199056 6.88381090112513 2.81756589121681 -0.480545821116356 -0.812010505493049 -0.760135228265733 0 0 0 199 0 
2.02838828581274 4.01949115515104 2.05102632837062 0.862688238100708 0.306638397508391 0.363945907131701 0 0 0 7 1 
1.16240852743469 4.1170262864938 1.2541575170838 0.759022695968594 0.5898347936941 0.541897639837989 0 0 0 188 1 
1.24783416745954 4.07012772630371 1.55720366771887 0.874879675969974 0.920562651461317 -0.0523775740156186 0 0 0 46 0 
2.4333521617525 4.48976420170047 1.09757895222728 -0.114813768791528 0.777209122316692 -0.911245613765151 0 0 0 217 0 
3.94584853370511 5.07158253438377 1.62524244956823 -0.364119525905272 0.19842125191021 -0.381930975023987 0 0 0 118 1 
3.92005872225324 4.64167527216785 1.56148027306276 -0.643330070985931 -0.825462484879564 -0.552139984829846 0 0 0 13 1 
0.359348583114833 4.16978748910024 3.84550462294872 -0.39670285649362 0.926099304950014 -0.314138632058404 0 0 0 112 1 
0.195158637171355 5.35048882351669 3.51123828697084 -0.128046742379369 -0.119417287582407 -0.888264539612731 0 0 0 191 0 
3.14724593304769 6.70286049271181 3.27343751686661 0.535958107391539 0.511270027372878 -0.790364582396299 0 0 0 91 0 
1.32134066236575 5.19039856531847 3.76079729224437 0.101185592353653 0.816133253628804 -0.318844594875313 0 0 0 169 1 
3.79860070532671 7.71521509343263 3.2832598909141 -0.872299960815183 0.289734171857368 -0.789818894949217 0 0 0 28 0 
3.6894533454006 6.510812234001 3.94838582034273 -0.3783637030333 -0.943843764777723 -0.530645232203182 0 0 0 238 0 
7.26888757896867 4.37168072017201 1.54692267335169 0.264938198831593 -0.340462182212666 0.0581623707417604 0 0 0 135 0 
5.57260385583878 4.6960530480643 2.74976530857259 0.0595891031021543 -0.266885941774206 0.56943140603181 0 0 0 249 1 
5.9767326429867 6.11473915486685 3.93875612190805 -0.584625964278516 -0.0214033802851747 0.135486451217114 0 0 0 153 0 
6.37138761636675 6.41322104855434 3.06207025783469 -0.562700687979625 -0.338154386191426 0.364559458768594 0 0 0 61 0 
5.7694784185049 4.20730941286017 3.23960417798864 -0.596140087860839 -0.905149477063324 0.818866898777147 0 0 0 129 1 
7.44362089514471 6.91391028056829 1.88136026408942 -0.336465505825294 0.245217237809349 0.687853348004968 0 0 0 27 1 
7.41269712313577 5.46955587781972 2.75472480294026 -0.449294604270235 0.220530882101095 0.95859582238557 0 0 0 21 0 
6.5059261475278 4.79144835154004 0.356053311126503 -0.888559658470678 -0.483808424914442 -0.230219260492972 0 0 0 75 1 
6.84036823252006 6.99321521066771 0.0683689892198887 -0.369979542637774 0.360734178370429 -0.635090611710006 0 0 0 3 1 
4.62044591416686 5.00308749670865 0.152468894304341 0.117802550787048 -0.972050694627297 0.258470494128019 0 0 0 139 1 
6.37679775564655 6.77468522122961 1.22392028986356 0.104266541980363 0.0708158456238677 0.929106682770198 0 0 0 197 0 
4.18706806851425 7.19024063656875 2.09803760506876 -0.850718440638097 0.705013368698264 0.64433542250382 0 0 0 168 1 
5.21744285593234 6.76846596676485 0.519960377279742 -0.182364285781536 0.681581442598047 0.834442243182208 0 0 0 216 0 
7.32238359873058 5.50990835867405 3.7114471411755 0.712354644373921 -0.443893980073664 0.400635952287528 0 0 0 122 0 
7.88089479139342 6.38497936201978 0.796263641242537 -0.978839178255921 -0.0619455909989007 0.238681313402363 0 0 0 255 0 
4.91459967860891 7.00093392843079 0.326854947870974 0.18969998214494 -0.305503670642734 -0.342952502896057 0 0 0 46 1 
7.42676896680275 6.87166423536583 2.19166099074582 0.829264942600152 -0.423796431368565 0.649536721708101 0 0 0 104 1 
7.5723195247997 6.31135048799747 0.395670075517679 -0.940426693066684 -0.899369417333474 0.494203893084315 0 0 0 252 1 
7.75204654035578 6.80098136940085 2.17058917678966 -0.930441858869123 -0.261056590588842 -0.351633934622796 0 0 0 244 1 
6.80394265840949 7.73853394943748 0.3182737894315 -0.372003185643917 0.402140774968749 -0.898984789476028 0 0 0 3 0 
5.37078400622867 7.74217125568288 0.239489767854991 -0.673845332987296 0.457898403093493 -0.792250568452501 0 0 0 18 0 
6.14685099683498 4.40568903999864 0.0138784065943078 0.369269499824166 -0.67190616444452 -0.915895644078094 0 0 0 1 0 
7.2368883457245 6.35927880355272 1.41227289829164 -0.459061758570861 0.714404377975151 0.0506818276828687 0 0 0 137 0 
6.98744751735618 6.47095471010948 3.50548670910965 0.360413750964233 0.776164150561638 0.833638150506091 0 0 0 141 1 
6.31269164459018 6.27938843749102 2.75657073519139 -0.0104060197449899 0.598854913193946 0.847587263066189 0 0 0 243 0 
7.3324457625936 5.27366373967664 3.96701400862425 0.935135875699644 -0.568129792240187 0.192611889368014 0 0 0 67 0 
5.81579120011211 6.41446194542956 3.28378874973027 0.517543955561784 -0.615863225253914 0.376877152762793 0 0 0 56 0 
7.05014570164911 7.7752288966681 1.60938102446502 0.919452538980506 0.459734938703783 0.617187834692501 0 0 0 99 1 
6.81304456733932 4.75993654327293 1.19933960293708 0.850724698185518 0.12555203018183 -0.0722589109479397 0 0 0 108 0 
7.07468675917587 7.51455477681161 3.61412001301331 0.976371486620882 -0.66585806795491 -0.0492155548325938 0 0 0 78 1 
7.69686494433003 7.77357799251545 0.500068909303169 0.955381385796113 0.737420999584192 -0.388885060594268 0 0 0 247 1 
7.10608331814828 6.94209545205593 0.925123330869433 0.922560184341571 -0.530994697108004 -0.643048703840587 0 0 0 115 0 
7.08627537062113 5.14407495640196 2.69891996421119 -0.856318034965493 0.313559719800109 -0.4333933353216 0 0 0 83 1 
7.0110641385133 7.9377269612553 1.14704163985745 0.806170229917406 -0.642348502152483 -0.852942131119031 0 0 0 80 0 
4.45610535617254 6.16009076801156 0.835994045956207 -0.557994146879303 -0.463328290666024 -0.925778108557988 0 0 0 22 0 
4.89594936983057 6.42947359317125 1.69837990414777 -0.86689170167608 -0.892807022601597 -0.655645560880679 0 0 0 233 0 
7.69847533529498 6.04394872101152 1.7874789005735 0.844359740849721 0.0302193733895288 -0.650695616634805 0 0 0 232 0 
5.15592208619243 7.75592290056297 0.758339380729331 0.258662338121801 -0.708004283302057 -0.818981145515037 0 0 0 129 0 
6.24674487189223 6.26149568442082 3.02083333153058 0.152596937327346 0.87563864913449 0.0844907406405877 0 0 0 156 0 
4.86838748233177 6.0610985914096 1.55032231098703 -0.0350895843149014 0.975616588411645 -0.33053764938961 0 0 0 242 1 
4.6257119827475 5.82177361530575 1.47750693163439 -0.77079377873625 0.851209645294764 0.998750385090799 0 0 0 139 0 
5.35696958723531 6.48263935895344 3.38961568695911 -0.452390578486927 0.943479964386302 -0.172799128502271 0 0 0 167 1 
4.64753797426757 4.11952935204676 2.2937922073906 0.285974331903754 -0.354470591552958 0.932988455966145 0 0 0 149 0 
4.88473414543119 6.45379175636615 1.39652178880896 0.354707452523955 -0.447011569090769 0.82758454382272 0 0 0 38 0 
5.98585324183779 7.97037541538841 1.94582632471694 0.804769624546544 -0.918312476922866 0.91365701803983 0 0 0 224 0 
5.55170705772438 6.86468456233877 2.26959208523454 0.669539280984688 0.298038031241042 -0.457244884153636 0 0 0 87 1 
5.62842466904775 6.04701397603677 1.98190572307835 -0.0484208517195701 -0.358499223553513 -0.917671904273425 0 0 0 111 0 
5.86723471715313 4.64692778980631 3.07143345274817 -0.812931404602604 -0.269615122788538 -0.41269814151399 0 0 0 217 1 
4.77380681248396 5.45989083721623 1.35176578811768 -0.318121843750891 -0.946672731265765 -0.897124122882351 0 0 0 218 0 
5.35631499137086 7.66603553611114 3.48122069032355 0.436461943965048 0.509224196450619 -0.223265517204247 0 0 0 55 1 
4.66806813162622 4.97415102301171 3.91797876695964 0.564892673979235 0.804119501278428 0.0787765981644244 0 0 0 234 0 
5.33032844710395 4.91964434587427 2.20960550461032 0.768351580394664 0.80109135254857 0.983866972478351 0 0 0 204 0 
7.53729830146635 4.94178429905759 0.988788793598578 -0.831261205474091 0.635654683280977 0.860488266311032 0 0 0 219 0 
6.94297013462026 5.3230586497155 3.8069010290137 -0.530946103632208 0.767947702761972 -0.0940610539436829 0 0 0 157 1 
4.27737255734242 6.54825145266282 0.924509652633375 0.265409586519023 -0.663986030407621 -0.0319716859648126 0 0 0 25 0 
5.2059696321893 7.44408586362016 0.929864028735434 0.928109424010517 -0.39199522979888 0.579436890485302 0 0 0 101 1 
5.78995491092303 5.01756885532782 0.907084992490021 0.960553050606835 -0.0268017302595656 0.744838055138335 0 0 0 245 0 
4.5887038209985 4.69525867394082 0.0695430384891924 0.393816878944361 0.121958815218934 0.0316412799160662 0 0 0 11 0 
4.63066872973591 6.30818691328757 0.988633086682348 0.340592707207551 -0.232878504817357 -0.861742606295425 0 0 0 134 0 
5.93258219811227 4.47693129409653 1.66379869997533 0.968476788784015 -0.167948261439082 -0.935344516668037 0 0 0 237 0 
7.02559965033656 5.09245373989759 2.47196381060454 0.0291999805742527 -0.133752570005689 -0.834890899410859 0 0 0 223 0 
6.9462443226439 4.00875259194201 2.56530844239987 0.358124684591328 -0.971735967114333 -0.940816197644452 0 0 0 181 0 
6.60736871503282 7.31345723169876 2.61702506609086 0.394853817501823 -0.677030153794513 -0.882387496328286 0 0 0 45 0 
7.93488896797869 6.42000984743978 3.04770205050774 0.690827164887705 0.0511116581910986 -0.580683219416236 0 0 0 229 0 
7.80685924988776 6.9005283322096 3.40547685822041 -0.927396708339569 -0.644415092655022 -0.449695730098866 0 0 0 76 1 
4.12741102566748 4.59044151844037 3.32522085361481 0.145967279203749 0.727246751024465 -0.4541543970214 0 0 0 142 1 
6.65356583590173 4.54210932870992 0.539340390716653 -0.269246342449904 0.557894962706107 -0.442258867182408 0 0 0 245 1 
6.73152781799889 4.26836786864328 0.312586275018524 0.0128626565554935 0.653798214924627 0.600699237501029 0 0 0 223 1 
7.61759161436855 4.15177847802075 0.890375615430546 0.284310645242697 0.980654359890041 -0.700534688031636 0 0 0 43 0 
6.05051643405511 4.38470404009184 1.27673205197706 -0.191637975885827 0.438039113338435 -0.790181552667941 0 0 0 79 0 
6.10178227989275 4.62380529187595 1.78806974401575 -0.966567651117069 0.895766960659775 -0.706218347554681 0 0 0 212 0 
4.32142251303011 7.29538677944442 1.07710880447041 0.990079028501673 0.0441881544135785 0.143172711359467 0 0 0 155 0 
4.4839862687699 6.38568638140486 0.934407696697696 0.832443681598328 0.0492047989669362 0.746355983149872 0 0 0 246 0 
4.18836832398118 7.03927000631248 0.173683642353523 0.871576017998955 0.918848333684027 -0.0181286865359154 0 0 0 201 0 
4.13859506366431 5.17957650748833 1.8899985310445 0.702144170203572 0.371087583749352 0.854999918391361 0 0 0 104 0 
4.70252792575363 4.14809713480973 1.20908864006273 0.789029329208535 -0.130661270288348 -0.793939519996515 0 0 0 203 0 
5.46128402625565 5.92440023396127 3.62839479235101 0.275626890347536 0.301355568553404 -0.937311400424944 0 0 0 1 1 
4.47736797598346 6.15558777891141 3.40943891178479 -0.112368445778697 0.9808659877173 -0.616142282678623 0 0 0 211 0 
5.92849857695882 5.90172411036183 3.72149148702898 0.968249920942156 -0.366570882757676 -0.876583806276168 0 0 0 125 0 
1.62998289476112 1.4573133860735 5.45558731501246 0.229443494153395 0.0531840770040832 -0.00246737138819697 0 0 0 19 1 
1.34167804837566 3.73441637635153 7.98965090436695 -0.175462330645797 0.179689798686196 0.360536161353719 0 0 0 81 0 
2.23414921801362 1.47271138846789 4.7664415444463 0.0407860676674237 -0.279293811751784 -0.207419914197428 0 0 0 186 1 
2.80125863664946 1.48267716087766 6.59080896319809 0.850069924258303 0.443482064493203 -0.494955057600106 0 0 0 140 0 
2.4499664552895 1.41397134782824 7.63718865550008 0.0527759141827502 0.161887297101569 0.452066036416671 0 0 0 6 0 
1.3848592703828 3.86334861924709 4.12717431550033 0.215825515021266 0.46463047884706 -0.909601426916648 0 0 0 131 1 
2.77759888928094 1.76740817088822 7.77399462478531 0.23764438273783 0.681522676160456 -0.540333631956372 0 0 0 150 0 
1.82449048722223 0.309171269271143 6.18017136472655 0.906916138179013 -0.232823818373825 -0.184434924181858 0 0 0 162 1 
0.287557569075365 0.483021336883513 4.88522375916769 -0.178469023940257 0.721278963160195 0.0214013199537599 0 0 0 16 1 
1.44417716399441 2.99745866567617 5.65989302767944 0.885787620221911 0.0831921480931206 -0.935561498462253 0 0 0 38 1 
0.0694153575122101 2.80906538274708 5.46838875874108 0.809411964306234 -0.0383852565140511 -0.168422846736607 0 0 0 62 1 
0.130868279632306 1.97853382028189 5.49763593707335 -0.687173984464872 -0.251192565539895 0.0554242187262972 0 0 0 140 1 
3.85822869223699 3.28090635390681 6.34798838822755 0.575457149568722 -0.123282980338511 -0.175111756209581 0 0 0 231 1 
0.0414036751002973 1.92976481021552 7.63940115175086 -0.63658868471665 -0.365013066099138 0.229966730652825 0 0 0 253 0 
1.15926761630887 1.0983576813349 5.13845838405929 -0.463374021316174 0.866575426740828 -0.964530089774484 0 0 0 103 1 
2.18554080372058 3.27693884719384 7.46085337121655 0.260307822428921 0.543163269288547 -0.779952590487969 0 0 0 155 1 
2.41774083683078 1.94678432509574 4.60311852218203 -0.337903286842734 0.413710240283097 -0.605382304323221 0 0 0 200 0 
0.34967082669058 0.653333775569218 7.20095887056951 0.991648379260588 0.397407431976068 0.20560882614275 0 0 0 186 0 
0.420843753160672 1.83900535863968 7.54153202193795 0.940046875175593 0.185500297702204 -0.775470443225669 0 0 0 21 1 
0.629596496563881 0.0868788313378299 6.00527363829418 -0.381689083524229 0.865937712852102 0.361404091016343 0 0 0 68 0 
0.333188907174518 0.345605865837144 7.35195998535846 -0.231489505156971 -0.119688563009048 -0.952668889702308 0 0 0 121 1 
2.16115181127077 0.245270930074498 5.02658378420571 0.53673065618171 -0.736373837218083 0.251476876900317 0 0 0 76 0 
2.09998710792608 0.765813493174927 6.86507250132999 -0.522222938448551 -0.207454805934726 0.186948472296111 0 0 0 241 0 
1.70002077843527 1.75609788942476 5.1716784792684 -0.599998845642485 0.847560993856931 -0.740462306707311 0 0 0 44 0 
1.59417894378652 0.732025030523436 7.10557558883258 -0.772545614234082 0.679556946140191 0.755865310490699 0 0 0 161 1 
1.10972605878227 0.558297150838114 6.65374654254144 0.311651447710126 -0.885650158286772 -0.713680747636587 0 0 0 113 0 
1.32248933611697 1.05352087153815 4.79561256795776 0.823471629784276 -0.969248840470103 -0.428021524002347 0 0 0 59 0 
0.225921659044081 1.80008495998086 7.78251951834364 0.484773425502449 -0.594439724445508 0.904584417685758 0 0 0 128 1 
2.17428977650679 0.912386342051889 4.63112332398368 -0.684761679082956 0.300688130113994 -0.826048704223128 0 0 0 178 0 
2.24362495220615 2.32152346568669 6.42452358893616 -0.62535416932188 0.990084636982594 -0.337526467281325 0 0 0 51 0 
2.3774690438364 0.681694377430094 6.20979652846609 -0.729029497564644 -0.378794756809439 -0.960566859529662 0 0 0 189 1 
1.959852813264 2.91593269750341 6.77387521511701 -0.863341510374222 0.578662927639078 -0.873673599160166 0 0 0 174 1 
2.08613769777181 2.34260478790808 4.49522220493594 -0.0229923501237885 -0.564299734005107 -0.500265433059114 0 0 0 47 0 
2.42277566233958 3.42183352292607 6.09485533285141 -0.05984579653669 -0.226564804281885 0.199714185158412 0 0 0 176 0 
2.75875393408774 2.16837559123778 5.99271670892162 0.292152996338208 -0.907312467153457 -0.805960182837688 0 0 0 11 1 
0.190172302579598 1.45002742681792 5.13337473327074 -0.183879316523356 -0.89166514295456 0.25740970740393 0 0 0 8 0 
2.79129214293469 3.46272388351034 5.93808340756919 -0.42826154761474 0.275706882417241 0.857671300420511 0 0 0 102 1 
2.90109326151651 2.38619277902705 5.74692644302195 -0.866605929915749 -0.228544845609609 0.180384802390108 0 0 0 171 0 
1.64802586371874 3.35042694462327 5.25414438999758 0.341556992428819 -0.619420725298707 0.264119132777643 0 0 0 69 0 
2.92890471442862 3.48949630176612 6.7792534444872 0.857161373023812 -0.445027983235216 0.904402969138178 0 0 0 164 1 
1.11068059626956 1.99634846520374 4.49968822602659 -0.0771844113183578 0.0275749147335409 0.277760457001477 0 0 0 7 0 
3.67401030038931 2.32090128040654 4.94893656271872 0.287445016688295 0.878938960022586 0.636052031262151 0 0 0 42 1 
3.5029171422506 2.89866662421027 5.43340060135822 0.166828730125033 -0.700074076432763 0.774077811186568 0 0 0 49 1 
3.52618158046688 1.50678276057094 7.92870088785191 -0.776323245529618 0.722599042253941 0.579372271547328 0 0 0 162 0 
3.60580075173761 0.79985238442272 4.82069224145102 -0.771899958236799 -0.538897089754294 -0.204405986586054 0 0 0 182 1 
3.64914208996444 1.74768315745333 7.60068986963339 -0.547269883890865 0.291537953191851 0.672260548312966 0 0 0 15 1 
3.79672653101746 0.951143350894114 4.6757893104169 -0.705737414943474 -0.530492036061438 0.62087718391205 0 0 0 165 1 
1.92534406769995 3.73765172261834 7.7016570501786 -0.976369774016669 -0.486797126521203 0.566758725009922 0 0 0 48 0 
2.92535270826691 3.78869593776757 4.30293972890365 0.301408483792606 0.460483107653754 0.54460776271687 0 0 0 147 1 
1.85931613679631 1.04272270005667 4.715919817854 0.742184229822017 0.696817927780926 0.789773323214111 0 0 0 225 1 
2.0103252510043 0.404421647541114 4.50277991788604 0.417240291722461 0.77246786930784 0.611265550993669 0 0 0 106 1 
2.60595170426448 3.45974553770101 4.35092118359109 0.839219539125804 -0.113347470127722 0.880606732421727 0 0 0 136 1 
2.21261997322511 2.46996265482711 4.59404527871349 -0.738187779265272 0.109442369712617 0.783002515484083 0 0 0 33 1 
3.67552937745923 2.40472440498283 4.17321062931374 -0.323581701252265 0.494706911387935 0.648511701628541 0 0 0 251 1 
4.97467663464894 2.35242217145196 6.10457305049996 -0.529184631408392 0.269579009525109 0.144698502805553 0 0 0 58 0 
4.30874642585247 2.63412927206191 4.9651312396192 -0.399514087452641 -0.103659484885449 -0.529714931132266 0 0 0 209 0 
5.94900568118279 0.872437904884153 4.74138635911215 -0.5861663510454 -0.0348645608397693 -0.153256313382659 0 0 0 53 1 
4.26709811992272 2.37369923304284 5.40556431636574 -0.735161215559849 -0.173683375942065 -0.338579760201903 0 0 0 134 1 
4.96818137768692 0.66064474708318 5.00603975059984 -0.140656590128504 0.00892470817128777 -0.749664458300009 0 0 0 100 0 
7.03281843478175 2.5987198525394 4.22140508102583 -0.470398975845458 0.505484436252189 -0.848810828831899 0 0 0 185 0 
6.08884134188927 0.993666765247086 4.81733136528322 -0.0783977032283739 0.416314820291505 -0.871259368595377 0 0 0 204 1 
6.48149062400807 2.20593067982012 6.81085251838322 -0.389917187555107 0.816996148878895 -0.31606374897871 0 0 0 63 0 
7.11819438165924 0.385087678944749 6.01192981692467 -0.798989201018931 -0.117495128947514 0.19510721205137 0 0 0 106 0 
7.18367136539179 2.83213617146163 7.28165714329509 0.204648409188433 0.574007565081202 0.487869841294172 0 0 0 160 0 
7.26922950888186 3.39622338498885 5.50220320807555 0.598290528271215 0.438679076943825 -0.277655377329136 0 0 0 148 1 
7.91559765478169 1.94751110975294 4.18392858119902 -0.69913346362324 -0.0306938272359479 -0.462003967711166 0 0 0 121 0 
7.23264302814487 2.24031574982016 6.43477205584694 -0.848186498436396 0.207795319434453 0.107487336435941 0 0 0 71 1 
7.7831697422219 0.326291140466317 6.6462339519452 -0.150935014321005 0.823682841137018 0.341457441774733 0 0 0 70 0 
4.67558118189751 0.496784015932799 6.74003865128477 -0.212467712116804 0.333154667551822 -0.986664519373068 0 0 0 248 1 
5.84630245526471 3.70149000733956 7.90264098853307 -0.647427641374182 0.511193889296642 -0.810964389525941 0 0 0 166 1 
7.71057016491121 3.15682149255635 6.53855940744507 -0.877190546393822 0.147601194030908 -0.108968921808608 0 0 0 116 1 
7.89759594389965 1.49077713682524 4.36403296234744 0.799866441327758 0.66615428537918 -0.840887057647364 0 0 0 247 0 
7.27129548962138 1.25063926337654 7.21172280001017 0.709516416090077 -0.402742263145748 -0.46045984444388 0 0 0 206 0 
7.36094417288168 3.84701736443963 6.97627754138844 0.825608009604538 0.185945409135535 -0.806873469922865 0 0 0 84 1 
6.9115913936831 1.81418538189073 5.85613428360969 0.356199521871283 -0.538100812117182 -0.369103650910572 0 0 0 177 0 
4.15272578437773 0.441401368691481 7.80742385910516 -0.908181900867904 0.218966742705082 0.794856881061398 0 0 0 109 1 
6.23568205346408 3.64659710268423 6.26183548770114 0.596426780748005 0.230366505704679 -0.124342472905492 0 0 0 113 1 
6.16357349644166 2.01113350539272 6.28811803420356 0.259087416468981 -0.58271480525596 -0.56732677587758 0 0 0 14 0 
4.83727700742048 2.31202861499874 6.70046718673599 -0.814595721809974 0.322890478611041 0.788914843707555 0 0 0 64 1 
5.75354012628115 2.12963459963978 6.9960416499979 -0.208136659651047 0.75720192220221 0.860891202777661 0 0 0 243 1 
7.59847667899364 1.35595016990141 6.11748001458793 0.72769314883298 -0.341336101672144 0.645415556365996 0 0 0 222 1 
5.50164475650254 3.06189205973478 6.86959915776863 -0.22213084686097 -0.246561552236957 0.798311064320479 0 0 0 255 1 
5.13423169031497 0.709340684051373 7.05167960359052 0.479679538350832 -0.377258850886035 0.197315533532807 0 0 0 192 0 
4.56249937212478 1.02522861105017 5.84326664184739 0.225694409562488 -0.41526507716388 -0.2031518532307 0 0 0 173 1 
6.03932378262472 2.36196400234801 6.11847355787486 0.918851321256929 -0.507668666536222 -0.521195913451397 0 0 0 194 0 
6.14912627800333 2.02320326749954 4.52751041100219 0.869395904333518 -0.804266485138914 -0.387360532722101 0 0 0 67 1 
5.56323329675071 2.68455282074903 6.71157135408599 -0.663153705736072 -0.600858176625054 -0.0993571469952228 0 0 0 58 1 
5.55810757595226 1.80537847369146 6.32675354651538 -0.830105134669319 -0.983034529239363 0.323708530361966 0 0 0 77 0 
5.90587513511013 2.95760480068921 6.61249687998979 -0.699673603604993 -0.419021955517266 0.561805382221655 0 0 0 183 0 
5.36332926962318 2.84298617806263 5.78218015407373 0.214629403867955 0.185721454336813 0.682343341892985 0 0 0 34 1 
7.22309490494275 1.99771843890182 6.27985332021687 0.429060828052375 -0.527904531172121 0.821102962234271 0 0 0 177 1 
5.91976384654896 2.00816593200417 6.50248153879026 -0.532235341858391 -0.916213003777546 0.889026752155014 0 0 0 41 1 
5.51784521008101 0.146852320820394 5.15426109063544 0.778769178337834 0.591491795601133 -0.852541050520253 0 0 0 200 1 
4.84685696419059 1.24031013708318 5.8763667937805 0.463714275788366 -0.347760547939823 -0.86797962256775 0 0 0 160 1 
4.76944352037883 0.439897872763464 7.69576919350573 0.681635751132157 0.774438770709081 0.344209399639207 0 0 0 92 0 
6.28958442560651 2.56495911497124 4.08285454991309 0.766088023644806 -0.829724493612709 -0.856508080560384 0 0 0 120 0 
6.44776475675088 3.40066539500961 4.95249066474301 0.219320264263938 0.3278147441672 0.802916148041278 0 0 0 43 1 
5.04011081295688 1.79187970100265 4.94819024395771 0.0855617118309377 -0.70600668327763 0.802677235775428 0 0 0 40 1 
4.6313227540129 2.5199616667559 6.56793986843649 0.951740153000717 0.00110898148643934 0.0037744371353603 0 0 0 44 1 
4.07559300771627 2.15044443023219 7.49220103178246 0.531977389317571 -0.741641976098211 -0.611544387123197 0 0 0 98 0 
4.85143507836037 3.70571704773575 5.6245602525326 -0.59158694009109 -0.821904608459125 0.0624755695851447 0 0 0 9 1 
4.84302336798412 3.61529579684407 7.3795053053146 0.352390187110229 -0.604705789064218 -0.228916371926966 0 0 0 6 1 
6.65389763825755 3.99144941526567 7.66945711363621 0.897438757680975 -0.528252810263018 0.731636506313123 0 0 0 91 1 
6.29079950077102 2.62506948145334 4.20279744638267 -0.900511138846054 -0.159718362141481 0.983488747021259 0 0 0 231 0 
6.9889149363108 2.23988657754814 4.23437148372907 0.749384163128378 0.596660365419341 0.985242860207171 0 0 0 239 0 
4.84758468855811 0.168411673660469 4.49146867988101 -0.369578628413438 -0.962866018129974 0.499526037771167 0 0 0 69 1 
4.75071229947581 1.32369370573293 4.04062817475285 0.291706238859767 0.990205205874051 0.085590454152936 0 0 0 33 0 
5.2067325777151 1.04598842377267 4.28968565215754 0.81704069876195 -0.636333976457074 0.654982536230975 0 0 0 127 1 
0.867743330206312 6.17185640943064 5.74800661818078 0.187096851678129 -0.0737857550316313 -0.152888521212179 0 0 0 191 1 
2.20672396712275 5.37933323368991 7.46788872439298 0.317040220395708 -0.451148153683894 -0.279561737533723 0 0 0 60 0 
1.31966551605917 5.30445194839466 6.72591440505375 0.267759195336621 0.10024733046637 0.17921746694743 0 0 0 64 0 
3.67502573895894 5.42696047105728 5.93137483203634 0.565279207719941 -0.0596133071634842 0.0795208240020191 0 0 0 203 1 
0.68018714730473 5.89768332876252 6.66791598282647 0.176677063739152 -0.533462037290971 -0.379560223176308 0 0 0 35 0 
3.04459720345114 4.39783415414145 7.54102427344022 0.696922066858396 -0.505675880325475 -0.331054207031099 0 0 0 107 0 
1.57941343789129 4.50623704282311 6.06308797219427 -0.0511436978949282 0.000346502379061642 -0.579828445989207 0 0 0 131 0 
2.28932191463615 6.58395110363716 6.08937934543341 0.0438512174797863 0.282441727979842 0.0327432969685226 0 0 0 22 1 
1.58344570619659 6.59828675642736 6.67909754087007 0.615746983677588 -0.327872957976258 0.121060974492782 0 0 0 79 1 
1.55767082263752 7.77329666522221 7.88391307704552 0.16987060125764 0.0707387036234557 -0.423115940164138 0 0 0 138 0 
2.29666672326097 4.10173351733176 7.55332961550529 -0.0112962931521684 -0.966570360148236 -0.052592799138595 0 0 0 183 1 
3.5935915330569 5.0079233113136 7.79765664460829 0.616310640725383 -0.9162264827048 0.127647591367128 0 0 0 216 1 
0.72216632568148 6.25807614583668 7.1444064450604 -0.432101870795473 -0.0689957696757402 -0.297532975274422 0 0 0 256 0 
3.51034568312965 7.66350006564535 4.23596408023764 0.278352537951647 -0.65758332968637 -0.348001995542353 0 0 0 30 1 
2.02306123884093 6.37661973288165 6.98546940175268 0.0290589577133848 0.382034429604536 -0.0285850332359621 0 0 0 50 1 
2.21543183605615 5.56743014493245 7.55541823180558 0.373079546447564 0.225968341385136 0.00307879065586536 0 0 0 117 1 
2.41192603480338 5.90596324531821 4.22926770074111 0.161773668600188 -0.97744648637121 -0.681707349958827 0 0 0 141 0 
0.691196730764807 7.82179273284201 7.591138591364 0.677288707264711 0.573432929602334 0.282841032853556 0 0 0 105 0 
0.457670962112569 4.47465509853967 4.75472974620792 -0.557907168771524 -0.334741383414463 -0.15251501409956 0 0 0 246 1 
1.89197543618862 7.06391626119777 7.43998093553712 0.355109746454923 -0.190893541044568 -0.725556614692382 0 0 0 197 1 
1.73079904047016 7.06374157845593 6.86358303037798 0.0683777244705643 0.0868745321364404 -0.813134276090112 0 0 0 149 1 
1.70702064220298 5.44141700547239 5.53386019179512 -0.155165519877612 -0.725476833029312 0.224103343988618 0 0 0 89 0 
1.0862183704118 7.74746183348949 5.53111540425996 0.421456576133989 -0.764029898139473 -0.331604699763336 0 0 0 199 1 
1.20127947598691 4.30863137374391 6.09286135956428 -0.516595584667394 -0.621742701458672 -0.244841035579762 0 0 0 82 1 
0.163530150128291 7.05457369379594 6.03419836409992 -0.740914991659539 -0.580301461455781 -0.359211201994449 0 0 0 55 0 
1.78841234454017 6.51297550156678 7.08226313101105 -0.372865980858879 0.445165305642599 -0.912096492721608 0 0 0 120 1 
1.04688705738493 5.8666351336421 7.71162973711359 -0.247395163478615 -0.312964714797661 0.678423874284088 0 0 0 194 1 
1.27046103783 4.75227579036348 7.01485792475276 0.320581168768334 -0.763762456090918 -0.860285670847069 0 0 0 105 1 
0.319252713654905 4.7484245455606 7.70992718310585 0.545514039647494 0.0138013636422558 0.678329287950325 0 0 0 195 1 
3.79908862807825 5.41449186024895 6.12807511095048 -0.03893952066232 -0.782528229986169 0.42378195060836 0 0 0 93 0 
2.02065629183418 6.95792310188998 6.2496498632933 -0.471074650453656 -0.141226494339445 -0.0694638964837057 0 0 0 250 1 
0.228307909658072 4.71291843134511 4.27119500431598 0.873794883869893 -0.710393420480827 -0.29048916642689 0 0 0 37 1 
0.829221159116709 6.94543136480843 6.61847302086574 -0.648376602271294 0.135857298044913 0.339915167825875 0 0 0 132 0 
0.445634881902116 4.52377850215657 7.43110350077695 -0.780798062116549 -0.498678972102413 -0.61493869440128 0 0 0 42 0 
0.186067261575297 7.09563346465261 6.00507185462588 -0.128551818801372 0.644201859147367 0.47250399192366 0 0 0 163 0 
2.21148158000242 5.09402446175521 4.83965126131958 0.595082310000135 -0.9669986410136 0.185536181184421 0 0 0 220 0 
3.43144474724078 7.85281442666135 7.96313466316394 -0.114919736264401 0.0196008014811857 -0.807603629824225 0 0 0 238 1 
0.887542562592002 7.17759582861818 7.18386106498866 -0.145136524300444 0.870977546034343 -0.85089660750063 0 0 0 176 1 
3.05340043561118 6.69091953588929 4.18495140560468 -0.247033309132712 0.177273307549405 -0.406391588577518 0 0 0 80 1 
2.35171286696066 5.96545836228655 4.64444312876011 0.10287293705337 -0.529696757650747 0.174691284931117 0 0 0 17 0 
2.85547128133264 5.27498454085891 4.96795537497964 0.964192848962925 0.431943585603273 -0.640669145834464 0 0 0 10 0 
3.33810432821605 5.61063049183132 7.09829444739958 -0.120105315099108 0.783923916212851 0.588794135966643 0 0 0 254 0 
2.14623130376427 4.36259778574677 6.96563365722585 0.202568405764682 0.159033210319265 0.803646314290325 0 0 0 54 1 
1.98084591331143 6.17725397606376 7.83638041513768 -0.806619671482698 0.92651410978132 -0.314645532492351 0 0 0 165 0 
2.37797528739908 7.25047982031931 6.88904846504902 -0.617890261811162 -0.0138622322044832 -0.256163974163943 0 0 0 143 1 
1.77244039672058 7.39250439837914 6.90799637599824 -0.873753311293301 0.382916911021063 0.578222020888791 0 0 0 50 0 
1.18832552950445 6.00599100836587 4.76709971848862 0.593795862750247 0.972555056020326 0.292616651027146 0 0 0 195 0 
1.62240924180979 4.52495134178555 5.63811442105275 -0.104310597677234 -0.22083603656747 0.785450801169597 0 0 0 192 1 
1.32549932018089 5.11342658020865 5.2534876598981 0.656972184454494 0.700745921122703 -0.847028463338994 0 0 0 206 1 
1.84526999319139 5.28520134057526 7.78079718482963 -0.591929444822701 0.765844518920848 -0.206622378620576 0 0 0 144 1 
1.86318512733376 4.54939483689481 6.92685855103992 -0.646489715148125 0.391633046494156 0.857047697279995 0 0 0 59 1 
3.75461020564698 5.7100682659172 6.09598298904808 -0.152521655241834 -0.0994406518934892 -0.300223167275106 0 0 0 207 1 
3.64051395905149 4.73907533973986 4.99163442190003 -0.325527002274917 -0.0978291477922298 -0.806020309894443 0 0 0 251 0 
3.59584866247005 6.281275289651 5.20324658615913 -0.328008407640553 -0.789929150574944 -0.738708522991159 0 0 0 227 0 
2.25510230873892 7.52574832575281 5.54583839959666 -0.902494316181171 0.501430462541823 -0.886342311133519 0 0 0 23 1 
1.71927177830371 5.4411023728346 4.39216445250691 0.34551509879465 0.163394576268589 0.216231358472606 0 0 0 73 0 
3.53954139875567 7.86144380243718 5.6978167102935 -0.0533588111802408 -0.97991978875349 0.955434261682972 0 0 0 201 1 
2.01284045850716 6.31771865481365 4.8527160975864 -0.749286641194047 -0.732348963621464 0.741817560977022 0 0 0 61 1 
1.11387175141149 4.42376329757213 4.66263512706007 -0.465896013810472 0.995764627642896 -0.990964715163329 0 0 0 107 1 
0.0268461636461472 4.53667448836711 4.9290808527879 -0.137397435352992 0.668704138242617 0.246060047377106 0 0 0 143 0 
3.77049618486061 4.53203792534349 5.68650756789397 -0.929416878618855 0.724002106963527 0.56591708710522 0 0 0 205 1 
3.44927468032599 4.6049282436013 5.8064201005612 -0.66948473998189 -0.938615097577706 -0.316309994413266 0 0 0 133 1 
3.39228265346625 6.50501825342211 7.6771570137662 -0.783762074807431 -0.888610097032105 -0.212380165901878 0 0 0 138 1 
3.6454934311906 6.01043014430432 6.46161399521672 -0.491917031600523 -0.749420547538649 0.386756333067595 0 0 0 16 0 
3.6887421560394 7.75830195923035 4.79234881095225 -0.878403213553367 0.958794553290575 -0.317091732724875 0 0 0 156 1 
3.99087463942695 4.58081330265309 6.21447846136025 -0.583840297809613 -0.884399260963717 0.595248803408903 0 0 0 130 1 
3.48682746472756 4.84097446315928 5.84625839909807 -0.611842918626247 0.463387470175516 0.574792133283226 0 0 0 14 1 
2.55329064348206 6.4221514372985 4.21826174820049 0.61407170241567 0.106786190961028 0.539903430455583 0 0 0 212 1 
2.24388096602051 6.1380837674972 4.03329467662291 0.596882275890029 -0.242328679583489 0.585183037590162 0 0 0 232 1 
0.739568799717222 6.33532025875217 4.2990353636035 -0.431135066682377 0.213073347708453 0.655501964644639 0 0 0 124 1 
1.70586392748715 6.94147675705477 4.02529079304333 0.789214662638175 0.357859819836376 0.473627266280185 0 0 0 4 1 
6.32041404725801 6.81858786647021 6.24736898767595 -0.287754775152333 -0.148967340751655 -0.180701722906892 0 0 0 233 1 
6.05844943488781 7.24775716548486 4.39131980380075 -0.468975031395122 -0.0140134908063967 -0.617148899788847 0 0 0 142 0 
4.66955661969775 7.15956706018113 4.19120936827523 0.00941981220543053 -0.407801829989938 -0.739377257318043 0 0 0 85 0 
7.27658498041836 5.38812893692453 7.44047090425612 -0.123523056643425 -0.672881725726415 -0.447751616430216 0 0 0 71 0 
4.51864122874059 5.18527941083348 6.77864296472535 0.0565911793744773 -0.628595588287029 0.237702386929186 0 0 0 36 0 
5.05955993207749 4.64269975216287 5.42537909209797 0.0866422184487494 -0.880961124879841 -0.448590050439001 0 0 0 164 0 
4.03879649231472 7.35787136207743 6.46480504075183 -0.914511305982516 -0.230118257662365 -0.501955275513787 0 0 0 193 0 
5.99554533306555 5.69015947552376 7.03064765183485 -0.805803037051914 -0.378324473582013 0.251702647324159 0 0 0 109 0 
4.35866999560816 7.47877538764106 6.34040738163431 -0.841185000243991 0.387709743757837 0.324467076757462 0 0 0 4 0 
4.2231124216083 6.24592382209632 6.50548810102758 -0.848715976577317 -0.847448676550205 -0.444139549942912 0 0 0 152 0 
7.54219219845205 6.0831293394641 6.46205370330553 -0.275433766752664 0.365729407748005 0.0534474279614185 0 0 0 20 1 
6.07585964969543 7.81132817687592 4.7802528934355 0.143103313871968 0.739518232048662 -0.151097061475806 0 0 0 184 1 
6.57918406824469 7.27830346679772 7.00512325411698 -0.82893421843085 0.654350192599873 0.194729069673166 0 0 0 242 0 
5.30136414637357 6.84605431181414 6.13660500312022 -0.844368658534802 -0.925219204899214 -0.909077499826654 0 0 0 237 1 
6.5364916570753 6.83121218992063 6.20821284028376 -0.942417130162484 -0.370488211671076 -0.349543731095347 0 0 0 124 0 
6.91053569639155 7.67696391861251 4.53455810439759 -0.977192461311581 -0.379057560077083 -0.664746771977911 0 0 0 72 0 
5.94264812847154 6.07099900259814 4.54567740894955 0.357924896026197 0.0872777223665637 -0.719684588391692 0 0 0 145 0 
6.83547864418826 4.35336058258412 5.1390702521466 -0.925806741989541 -0.674813300967549 -0.853384985991855 0 0 0 68 1 
7.80266918617779 7.45173153542998 4.20934555622874 0.739037177009877 0.552873974190554 -0.960591913542848 0 0 0 90 1 
4.6193589834868 5.82371199972483 7.31559550298356 -0.382257834250733 -0.426460444459732 0.656421972387975 0 0 0 73 1 
5.23912350220965 5.9453388304549 7.69096119973921 0.152173527900536 0.246963268358606 -0.822724377792266 0 0 0 39 1 
6.14209036150493 7.34862743939466 4.71997213700598 -0.0754394243608369 0.824923746633036 -0.48777932572189 0 0 0 240 0 
6.89858448903506 7.70347536994368 4.21322778647103 0.0776991382797252 -0.988695812780906 -0.62704290075161 0 0 0 202 0 
4.96112183481582 7.51884062144823 5.09574949757384 -0.752159898065787 0.72326892341379 0.0330971943096579 0 0 0 135 1 
5.21812856249421 7.7709963956373 5.61887705033086 -0.2378817465281 -0.984944644686816 -0.882284608314952 0 0 0 219 1 
7.79723460035424 4.81987583796378 6.69497048433341 -0.872375855535876 -0.204451342335345 0.12194280468519 0 0 0 208 1 
6.7219949970638 5.55997832991817 5.08079209252517 0.6789997220591 -0.607778981671213 0.198932894029176 0 0 0 82 0 
5.55117215104545 5.27571253196366 6.9259050220724 -0.830490436053031 0.376428473997981 -0.3096719432182 0 0 0 117 0 
7.4850271926886 5.50721404063237 6.3425333488937 0.443612621816033 0.38928966892402 -0.67541481395035 0 0 0 37 0 
6.07907611331642 7.77306072873923 7.50731050078545 0.0321708951842454 0.959614484929957 -0.777371638845253 0 0 0 218 1 
6.28294415255721 5.71950375640917 6.53826277834308 0.54349689736429 0.567750208689399 -0.720096512314274 0 0 0 180 0 
7.08193197339959 5.15596201288094 7.78761136355592 0.810107331855533 -0.18577988817328 -0.0395771464691159 0 0 0 256 1 
7.46294430115854 5.24024959267351 6.731903251591 0.275719127842141 0.318902755148528 0.846216847310612 0 0 0 51 1 
5.46764744164058 5.87869670698863 6.76128745897677 0.720424857868921 0.687705372610479 -0.818817363390179 0 0 0 220 1 
7.50671887062627 5.84934392372936 6.57726562715894 0.22259549281257 0.852741329096075 -0.32904079849117 0 0 0 188 0 
7.76613191615219 6.41236735588642 6.20184240246799 0.12589621756401 0.939575964215912 -0.572119866529556 0 0 0 198 0 
4.19132893395185 5.72280793487156 7.86885185456088 -0.850481725891564 0.623489329715086 0.631602880808938 0 0 0 184 0 
6.34637287407372 5.31160689041652 7.90867262377401 -0.786312618107015 0.489533716134251 0.744926256876334 0 0 0 93 1 
6.29593894494666 4.24077779591289 7.55564313404795 0.933107719163703 -0.625512344671506 0.00309128522488589 0 0 0 114 1 
6.35345463058326 6.27813209345645 7.24024440455474 0.936303035032403 -0.845659328141308 -0.125541977524737 0 0 0 230 1 
5.86803664770846 5.12597728712468 4.41272269174885 -0.146220186238419 0.0903320715069265 0.16181792731938 0 0 0 96 0 
7.19799364653391 5.22740866208616 4.09281248056667 -0.127889241859227 -0.681810629884102 0.0329340266981486 0 0 0 119 0 
5.1771848328027 4.87678854019811 4.65950634826431 -0.906823064844295 -0.645733969988994 0.231083686014684 0 0 0 66 0 
7.0920687789344 7.54021017985467 6.28089103644018 0.755114932163022 -0.386654990008074 0.76560505758001 0 0 0 119 1 
5.98091425410593 4.73628222691903 7.86337673378824 0.193384125228107 0.513126790384391 0.353520929654902 0 0 0 147 0 
6.41177304394579 4.98878947641964 5.66497348409424 -0.616012608669678 0.80493274868998 -0.268612584216987 0 0 0 154 1 
7.30454515763959 4.41079369820155 6.72320358824918 0.211363619868866 0.217266316566753 0.456844643791621 0 0 0 20 0 
4.91345726845182 5.20409400192828 7.49440133501676 0.0785254038028789 0.983560777884905 -0.833644370276847 0 0 0 48 1 
4.28607814165199 6.04123469455304 7.04427004166204 0.265893230091777 -0.358820294747053 -0.191984997685443 0 0 0 29 1 
5.48951135158905 6.36889029762832 6.14006822524734 0.943861741754948 0.103827238757129 0.0911149014026305 0 0 0 193 1 
5.18705042874598 5.07292324837631 7.72851172448562 0.927058357152554 -0.857059819534649 0.290472873582535 0 0 0 225 0 
4.63373141258917 5.09826655814918 7.65177397843601 0.507429522921621 0.311014808786066 -0.769345890086888 0 0 0 81 1 
5.63439389522484 6.94552842640677 7.39045163982616 0.89635521640138 0.969196023689265 0.716136202212565 0 0 0 214 1 
7.43481903648081 7.16017884437033 4.43571403195144 0.274156613137822 0.592232158020574 0.274206335108414 0 0 0 15 0 
6.96287078675215 7.92157341192614 5.20456424144988 0.30349282148623 -0.921023699337437 0.705809124524993 0 0 0 190 1 
4.63998317080959 7.92471007169287 5.32038447434463 0.118887953933866 0.912483892871826 0.878910248574702 0 0 0 159 1 
6.1294619059539 5.26895806729895 5.48156381423443 -0.0761410052247832 0.431608781516608 0.887864656346357 0 0 0 92 1 
4.73628940391708 4.10327078672415 4.43212307858616 -0.93131725533794 0.311292821484675 -0.059326495634102 0 0 0 86 1 
5.22507421993674 4.52099005462267 7.30879942703635 -0.848606987781292 0.890055003034593 -0.788400031831314 0 0 0 209 1 
4.57974882969711 4.11290278206347 7.6350268515661 0.22665271276095 0.811827932336859 0.896390380642561 0 0 0 181 1 
7.09068588764003 4.2927082399541 6.41187015300176 -0.0782952284644429 0.321817124441894 0.939548341833431 0 0 0 88 1 
4.23963467314893 4.27397211437105 6.68072919960207 0.429979704063829 -0.290334882534941 -0.156626155577663 0 0 0 172 1 
4.19466662888344 7.69654987626439 7.28820823525368 0.538592590493524 0.233141659792466 -0.17843287581924 0 0 0 94 1 
4.33654542914771 4.64825435721344 7.62016969004751 0.82425252384154 -0.880652535710365 -0.326657239441805 0 0 0 226 0 
4.39001211593239 6.5068271045959 7.3478387097265 0.716111784218466 -0.777398494189117 -0.730675627237417 0 0 0 196 1 
4.7015032161299 4.83385395940861 7.03443104944687 0.788972400896105 -0.370341446699522 0.751912836080382 0 0 0 227 1 
4.58362073044894 5.49005740898882 6.66234792621782 0.949090040580497 0.166114300499379 0.620130440345435 0 0 0 12 1 
4.38706533487477 6.11432418934675 5.22455290858857 0.438170296381932 -0.41031532281407 0.595808494921587 0 0 0 28 1 
4.80225110542682 7.37926596836484 4.0211359737023 -0.483208271920732 0.0488481093536022 0.640063109650128 0 0 0 187 1 
4.38910906823787 6.9746529337726 4.28016088640649 -0.839493940653452 0.304147385209589 0.710008938133694 0 0 0 56 1 
5.98194494838484 5.50234574952866 4.00160410824257 -0.695447502867509 0.0556858749738145 0.58342245045792 0 0 0 163 1 
6.40140143755545 5.57617663815167 4.22592018536164 0.161188968753081 0.670898702119537 0.984773343631202 0 0 0 172 0 
