512
1.49660265286135 1.85847389153603 3.1108859410192 -0.0771844113183578 0.0275749147335409 0.277760457001477 0 0 0 7 0 
1.83571224852102 3.70899852269954 2.10345318432514 0.410439403732386 0.0929998863615029 0.200265629563472 0 0 0 12 0 
2.09398467096722 0.291898519162073 0.190455811305155 0.0456911285359398 -0.246777036987533 -0.254580322207296 0 0 0 62 0 
0.828826355582159 3.87462416891577 3.64255189500758 -0.128551818801372 0.644201859147367 0.47250399192366 0 0 0 163 0 
1.61650290056887 1.6086727152634 1.01972995888064 0.162807915428374 -0.222409791133585 -0.113866926239951 0 0 0 161 0 
1.41831028930388 1.4862803994988 1.57990091531931 0.301408483792606 0.460483107653754 0.54460776271687 0 0 0 147 1 
1.13338927494087 3.56743173415045 2.94740208577422 0.202568405764682 0.159033210319265 0.803646314290325 0 0 0 54 1 
1.49063643295937 0.944048680882382 3.88469556613 -0.231489505156971 -0.119688563009048 0.952668889702308 0 0 0 121 1 
0.713833340411106 1.19315379715402 3.69878061590237 -0.137397435352992 0.668704138242617 0.246060047377106 0 0 0 143 0 
0.544768308650538 1.80897680895164 1.30120686078131 0.695751408357734 -0.130078707003719 0.369323604675486 0 0 0 128 0 
1.84360476173005 0.953553516619571 3.52409577613751 0.564892673979235 0.804119501278428 0.0787765981644244 0 0 0 234 0 
0.647942391275417 1.30779174642716 0.310635776933291 0.703687876251955 -0.399400634890219 -0.476104940235901 0 0 0 236 1 
1.15261781321794 2.09954830796045 3.80977062876334 0.89635521640138 0.969196023689265 0.716136202212565 0 0 0 214 1 
1.37377897246104 3.02414556770569 2.8681096599676 -0.625093925195304 0.65570350520813 0.105239204612892 0 0 0 215 0 
0.169511766013591 2.44502833789235 0.2643270750331 -0.871576017998955 0.918848333684027 -0.0181286865359154 0 0 0 201 0 
3.44648526589235 0.0537631203791715 3.1530749483533 0.22665271276095 0.811827932336859 0.896390380642561 0 0 0 181 1 
0.4049422374642 3.92018685628833 1.43264469637101 0.454226325958785 0.570783604329872 -0.620565792586845 0 0 0 110 1 
0.669163719181922 2.14295760382463 3.02387634041295 -0.910064329293698 0.0494582772172791 0.0402981800317657 0 0 0 40 0 
1.78065378424679 1.14321572826424 3.30401646335289 -0.593795862750247 0.972555056020326 0.292616651027146 0 0 0 195 0 
3.80633545465687 3.23895725379537 0.920645401878642 -0.0533588111802408 0.97991978875349 0.955434261682972 0 0 0 201 1 
1.28594672030517 0.176292768257593 1.87503449561767 -0.0164656368996022 0.667407136019815 -0.663458884952487 0 0 0 158 1 
0.574779030179742 0.0152857237702602 3.02500694923646 -0.455786228447712 -0.575747252017672 -0.267307157751042 0 0 0 239 1 
3.24199412066891 0.743415249548565 0.691842817306779 0.749384163128378 -0.596660365419341 -0.985242860207171 0 0 0 239 0 
3.75891274133655 0.229211118976499 0.778961033431643 -0.0570067122048807 -0.251599144694115 -0.824695305120643 0 0 0 77 1 
0.870078894206366 1.18663826163407 1.51928532586875 -0.279224700445664 -0.716412441412764 -0.690824205702404 0 0 0 213 1 
1.74762979581577 0.234137012934836 0.511398051081482 -0.980951554168017 -0.32814330669732 0.154722927006268 0 0 0 146 0 
2.21233546681285 2.54117871948062 2.74897753254618 -0.868281887168243 0.618552209190817 0.0960751948112444 0 0 0 151 0 
1.86534542395777 1.87220988851257 0.199786119968695 -0.741127275080172 -0.43290693165288 -0.0230933753870235 0 0 0 205 0 
2.11265052505334 3.63646787892748 1.19304877293444 -0.875949959611281 -0.0664255477748089 -0.869765479005043 0 0 0 179 0 
3.96001093482874 3.06263067826213 2.89040223275795 0.72769314883298 -0.341336101672144 0.645415556365996 0 0 0 222 1 
2.23678521694783 2.07379351970639 1.76867640640796 0.287445016688295 -0.878938960022586 0.636052031262151 0 0 0 42 1 
2.05114450722825 2.6986234038501 1.71715838410113 -0.265296576367058 -0.600105892011531 -0.752526278146067 0 0 0 198 1 
1.98212327980298 2.0890712201714 0.210635318729603 -0.809067440015156 -0.646994521525277 -0.0222588216361844 0 0 0 136 0 
1.85160501231377 2.44136693884796 0.767053201783441 -0.742184229822017 -0.696817927780926 0.789773323214111 0 0 0 225 1 
1.94971071190855 1.67281180826005 3.63547341098297 0.573054670146812 -0.755937553210766 -0.143425122232079 0 0 0 210 1 
2.2850529046908 2.48629916760908 0.231296792712113 -0.862688238100708 0.306638397508391 0.363945907131701 0 0 0 7 1 
2.93316823690555 3.65308316871386 0.360631494211588 -0.73591013562265 -0.0651474485604725 -0.626105269676032 0 0 0 180 1 
3.09661999392567 3.88282807390507 0.333569653040801 -0.492567692774949 0.721756005685005 -0.782033103612246 0 0 0 215 1 
2.63270495240828 1.1678523180233 1.45533068210614 -0.759022695968594 0.5898347936941 -0.541897639837989 0 0 0 188 1 
1.85041216056041 2.92796751773994 2.46935455252688 -0.0499682953415065 -0.582464037096928 -0.233126572882548 0 0 0 151 1 
1.96200511910507 3.43806219999726 2.62245876548221 0.804769624546544 0.918312476922866 -0.91365701803983 0 0 0 224 0 
0.627874212646444 3.32413858874157 2.3850010609123 0.702144170203572 0.371087583749352 -0.854999918391361 0 0 0 104 0 
1.48857054513063 0.914187583131414 2.70972935778143 0.768351580394664 0.80109135254857 -0.983866972478351 0 0 0 204 0 
3.9442562503026 0.0974590030945719 0.294129838920949 -0.888903365361338 -0.261733922838879 0.522625372224689 0 0 0 45 1 
3.12656421239034 0.532685531002877 1.81909153779696 -0.874879675969974 -0.920562651461317 -0.0523775740156186 0 0 0 46 0 
2.67809845336263 3.3825014885464 1.19104400672251 0.244469111797126 -0.932115270111815 0.360849538978654 0 0 0 49 0 
3.29218110517697 3.62733232363733 3.61267590398817 0.291706238859767 -0.990205205874051 0.085590454152936 0 0 0 33 0 
3.29350879471122 3.72399235547216 0.223581112329108 0.830269907285479 -0.82892366496368 0.363352393256085 0 0 0 72 1 
0.0758762076080082 3.45791769899808 1.4464521629177 -0.417240291722461 -0.77246786930784 0.611265550993669 0 0 0 106 1 
0.522501469637778 3.92714011616491 3.76919939970412 -0.53673065618171 -0.736373837218083 0.251476876900317 0 0 0 76 0 
1.01648404550439 3.86076153416644 2.34547133923346 0.885883388115722 -0.972249112756428 -0.165732973905118 0 0 0 66 1 
2.26304621601706 3.82069875662539 0.425249671523174 0.443311247385928 -0.821484711028816 -0.851903871421295 0 0 0 8 1 
0.380319968944223 0.553093096877732 3.33330014263665 -0.393821540850444 -0.688223607932482 -0.705130758258719 0 0 0 250 0 
2.00606979317272 2.83479554292433 3.39312884356426 -0.42261001590979 -0.051169573621205 -0.777451627418134 0 0 0 112 0 
3.70924970397485 0.0532204427085707 3.97856516322259 -0.52236540738655 0.273324649439121 -0.886264218213647 0 0 0 78 0 
6.27606113842505 0.218422000890542 0.848204331693665 -0.247995297044227 -0.0985829230084199 0.257554179361051 0 0 0 103 0 
4.55782054856991 0.52992958039524 0.0402197187920872 -0.0724753424176992 -0.0746208015080584 0.272324593753237 0 0 0 118 0 
6.13534970603162 0.0614698572939278 0.974024663335489 -0.33574233030526 -0.110656164823544 0.421078820256576 0 0 0 70 1 
7.03522856656116 1.8159150178421 0.0700184224964697 -0.0357516487260645 -0.129544998627531 -0.417690890577195 0 0 0 96 1 
5.02001690258958 0.620823914936813 0.482765688964346 -0.806152545954648 0.31698645499514 -0.0782487931565888 0 0 0 29 0 
6.5460420578588 2.52403711228171 2.97229773268194 -0.611842918626247 0.463387470175516 0.574792133283226 0 0 0 14 1 
4.15465574999714 1.68894782181406 1.25251945771829 -0.949641865384835 0.706842140139543 0.288655342901407 0 0 0 173 0 
7.9313678116565 0.85611980238918 3.03437491001692 0.187028293204346 0.565855369414552 -0.11274039153716 0 0 0 202 1 
6.76563540112163 1.06717260227951 0.293768328953398 -0.671874199913721 -0.110217492132346 -0.246633205465123 0 0 0 57 0 
7.58362341665981 0.324023930268845 1.70469108663911 0.467971032050754 -0.167382774594704 -0.215023762566223 0 0 0 10 1 
4.1285737604705 2.39889109795664 3.15868315313396 -0.874725095348423 0.838376238304357 -0.0262551420666183 0 0 0 189 0 
6.08434866194783 3.64573581693087 2.50081901503795 0.275719127842141 0.318902755148528 0.846216847310612 0 0 0 51 1 
5.09563370307438 2.59122960442403 2.64162006463994 -0.646489715148125 0.391633046494156 0.857047697279995 0 0 0 59 1 
5.29343788372056 0.0688101519568478 0.930652121171035 -0.323581701252265 -0.494706911387935 0.648511701628541 0 0 0 251 1 
7.98486394884353 2.68778959536332 0.754216963649786 0.575758765295656 0.0913684304125628 0.404170535665368 0 0 0 5 1 
5.4837601852555 1.88330243874837 2.59837962832764 0.152596937327346 0.87563864913449 0.0844907406405877 0 0 0 156 0 
5.35116343543119 1.7615916741736 0.93790992453662 0.219320264263938 0.3278147441672 0.802916148041278 0 0 0 43 1 
7.48216202996224 2.68362261774463 1.71412844383461 -0.0782952284644429 0.321817124441894 0.939548341833431 0 0 0 88 1 
4.76864538529592 2.89510868970169 1.78177183477089 -0.517796508823392 0.184239129977053 -0.362940628094547 0 0 0 97 1 
4.93259988100839 2.08418947142413 1.64972690546664 -0.42826154761474 0.275706882417241 0.857671300420511 0 0 0 102 1 
6.46780286142119 2.78725691367697 1.15886375987729 0.459061758570861 0.714404377975151 0.0506818276828687 0 0 0 137 0 
7.25686345606733 1.92543582961148 0.619709986508959 -0.86485665722559 -0.351889551568347 -0.452330001037772 0 0 0 171 1 
6.51016693207782 3.11091415971591 1.04224053250264 -0.0761410052247832 0.431608781516608 0.887864656346357 0 0 0 92 1 
6.35358006747863 2.4598660463735 1.12690857879443 -0.395878456347798 -0.156933381048193 -0.490237801631198 0 0 0 241 1 
5.90355886955147 1.92275080626403 0.679032701293075 -0.738187779265272 0.109442369712617 0.783002515484083 0 0 0 33 1 
5.445406679321 3.47330809138668 1.67551861882491 0.30349282148623 0.921023699337437 0.705809124524993 0 0 0 190 1 
7.55933972829526 3.66517379307743 1.12363950745034 0.850718440638097 0.705013368698264 -0.64433542250382 0 0 0 168 1 
6.51315758082677 1.47191837132089 2.09367664365449 -0.229757109167171 -0.0790832022060853 -0.415871027411194 0 0 0 123 1 
4.88733802474137 1.45921361676036 1.66727217920408 -0.508666305789126 -0.156983567941511 -0.525594447753532 0 0 0 125 1 
5.72209975341268 0.882231966665826 0.375002983136935 0.170930750262514 -0.0475206179487826 -0.778845924374082 0 0 0 24 1 
7.30636471128275 0.65343234483393 3.83313945379817 0.908181900867904 -0.218966742705082 0.794856881061398 0 0 0 109 1 
7.08974438352965 0.697576221943536 2.75589296819822 0.814595721809974 0.322890478611041 0.788914843707555 0 0 0 64 1 
7.58241942204511 0.912027390525857 2.85692213236787 0.929416878618855 0.724002106963527 0.56591708710522 0 0 0 205 1 
5.18537876253502 2.59013395730129 0.66270404342081 0.360413750964233 0.776164150561638 -0.833638150506091 0 0 0 141 1 
6.79422342453639 1.65637501137127 2.69158563610959 -0.208136659651047 -0.75720192220221 0.860891202777661 0 0 0 243 1 
5.12073060146148 0.837610605589937 1.54137888620805 -0.644559184502963 -0.897106876493082 -0.612201624137843 0 0 0 47 1 
5.59545659379005 2.22168312755398 0.697946532794371 0.161188968753081 0.670898702119537 -0.984773343631202 0 0 0 172 0 
5.75714014413777 1.0825833452199 1.73952571346936 0.327472318779829 -0.955185896521546 -0.673882637425435 0 0 0 26 1 
5.90478194802145 0.131267679847753 0.993746564332226 0.877290919078573 -0.336056332319404 0.191826658794787 0 0 0 210 0 
5.56501922671632 0.85775645143673 0.466837085140411 0.620386094362794 0.412135111648979 -0.541012531912276 0 0 0 179 1 
5.51420172676948 1.61964799467638 3.37422460110798 -0.0758306364023476 -0.91387323117874 -0.00967503068400177 0 0 0 123 0 
7.53127652269486 1.88690311025688 0.621956307640886 -0.305286421331164 -0.970238222287932 0.470919715972376 0 0 0 85 1 
4.53446163453995 3.68827456271629 2.18260972547142 0.156497048810765 -0.13936349517567 0.360200748113186 0 0 0 167 0 
6.59017710681032 0.501027955836536 2.69956750377211 -0.22383253024536 0.0770021504489643 -0.446187115094453 0 0 0 115 1 
6.36472174331513 3.28511387152129 1.48136558013955 -0.0104060197449899 0.598854913193946 -0.847587263066189 0 0 0 243 0 
7.99979754815125 1.75263451517939 2.75063472662869 -0.269246342449904 0.557894962706107 -0.442258867182408 0 0 0 245 1 
6.66721453522142 0.999376794020146 2.69090991248662 0.0128626565554935 0.653798214924627 -0.600699237501029 0 0 0 223 1 
5.04383540390628 1.18301564935138 3.20301055793508 -0.0350895843149014 0.975616588411645 -0.33053764938961 0 0 0 242 1 
4.29018225028341 1.91437890637857 2.3704634446088 0.214629403867955 0.185721454336813 0.682343341892985 0 0 0 34 1 
5.2066448049987 3.42366129216074 0.714646288723628 0.900511138846054 -0.159718362141481 -0.983488747021259 0 0 0 231 0 
5.45690701495693 2.66575970017752 3.32624903637909 -0.772545614234082 -0.679556946140191 0.755865310490699 0 0 0 161 1 
5.38071014708819 0.667591510400491 3.2221468754087 0.836977703622169 -0.525569883815347 -0.405988701891638 0 0 0 254 1 
6.74398734223279 2.35593715763441 2.71073012860995 0.0956913340179071 0.0658413198180312 -0.829943836260773 0 0 0 102 0 
5.28220179927083 2.63180848055768 2.59477679723474 0.29093859994391 -0.68216857841864 -0.992709477135789 0 0 0 130 0 
4.04554340114026 3.36229060733374 0.925833231471121 0.118887953933866 0.912483892871826 0.878910248574702 0 0 0 159 1 
4.22430635337135 2.84873175931813 1.59391097760343 0.671100488720873 -0.357789864667836 -0.685083770953582 0 0 0 221 1 
7.32541360573483 3.6036035312013 1.57140339085665 -0.705737414943474 -0.530492036061438 0.62087718391205 0 0 0 165 1 
5.47608820769747 3.4483339875754 2.33142173264845 0.61354524674596 -0.696282000955739 0.294724748665265 0 0 0 31 0 
5.56339840665869 3.89524325298293 0.386316796785459 0.543338338973746 -0.123442826693621 -0.393360246401119 0 0 0 150 1 
4.30639567116319 1.7635108826527 3.31365253795658 0.831261205474091 0.635654683280977 -0.860488266311032 0 0 0 219 0 
6.12926428484002 3.36055875377461 3.6522508386313 -0.182364285781536 0.681581442598047 -0.834442243182208 0 0 0 216 0 
5.12205979892421 1.87978692814043 3.57419426501726 -0.105995400082753 -0.355401005527659 -0.455831210383288 0 0 0 235 1 
7.52031912357125 1.56572538883193 3.51624499381961 0.77079377873625 0.851209645294764 -0.998750385090799 0 0 0 139 0 
6.19306226938751 0.236653850806434 3.56991947357612 0.668697097645193 0.595127219292803 -0.456160040494145 0 0 0 175 1 
4.86140824605014 3.07266398427984 3.87171947209438 -0.818353211842297 -0.879025847363089 -0.663713886761971 0 0 0 53 0 
2.13713203541986 5.44522334117836 2.37602350014959 0.202856310416912 -0.311905896832434 -0.00953665383464652 0 0 0 169 0 
1.09902336022111 4.69901252899956 0.0548617020631266 0.430694104632393 -0.369306728538495 -0.265010638302836 0 0 0 249 0 
3.76061037686097 7.72937825904237 1.70826737973786 0.712354644373921 -0.443893980073664 0.400635952287528 0 0 0 122 0 
2.19621385296511 7.8340991965829 2.24551043398063 0.438170296381932 0.41031532281407 0.595808494921587 0 0 0 28 1 
0.059759098425356 6.44753057111681 3.93354872610936 -0.341556992428819 -0.619420725298707 0.264119132777643 0 0 0 69 0 
3.22490931732698 6.69470731701429 0.397142925769278 0.978839178255921 -0.0619455909989007 -0.238681313402363 0 0 0 255 0 
2.14396223019596 5.6291315246229 1.71086041520477 -0.104310597677234 -0.22083603656747 0.785450801169597 0 0 0 192 1 
2.66877349162543 6.39903700637408 1.56301154542538 0.166828730125033 -0.700074076432763 0.774077811186568 0 0 0 49 1 
1.10956888519638 5.90835314159072 3.84632619625109 -0.183879316523356 -0.89166514295456 0.25740970740393 0 0 0 8 0 
1.83734818169381 7.38605784945971 3.77098670410452 0.10287293705337 0.529696757650747 0.174691284931117 0 0 0 17 0 
3.31649411811929 6.52651487010496 2.45286574854013 0.755114932163022 0.386654990008074 0.76560505758001 0 0 0 119 1 
2.65676638409537 7.88568729912243 3.00395456178418 0.935135875699644 0.568129792240187 0.192611889368014 0 0 0 67 0 
1.63279277913564 5.17362954789122 1.16058796091629 -0.374400555451104 -0.10202849631606 -0.103031695314131 0 0 0 235 0 
0.756641211649368 6.68556119290622 3.27486686904496 0.788972400896105 -0.370341446699522 0.751912836080382 0 0 0 227 1 
1.12152908390535 4.22765830605804 1.01477297100267 0.81704069876195 -0.636333976457074 0.654982536230975 0 0 0 127 1 
1.24041520714301 7.52999110740215 0.551455958447749 0.287724246703309 0.694614700569396 0.234727381419058 0 0 0 39 0 
0.517067868596292 5.88822048249336 1.51874459592258 -0.61407170241567 0.106786190961028 0.539903430455583 0 0 0 212 1 
0.740530413429632 7.34972716541465 1.1073794886721 -0.596882275890029 -0.242328679583489 0.585183037590162 0 0 0 232 1 
2.31215344633331 6.1049194782261 2.07096747371921 0.0624733420256394 -0.0303908093672229 -0.340694809713907 0 0 0 170 1 
3.96609976788422 7.47154771835554 2.04161746235126 0.18969998214494 0.305503670642734 -0.342952502896057 0 0 0 46 1 
0.470626123889363 7.13649658541109 2.3051820808885 0.151586624914566 0.664345891185468 -0.0919090707008845 0 0 0 54 0 
3.22807142230319 6.50622192830088 1.39940298591631 0.517543955561784 0.615863225253914 0.376877152762793 0 0 0 56 0 
3.00276442149067 4.75196010346239 0.132106747433682 -0.192095044500718 0.173227700266338 0.587085134417976 0 0 0 122 1 
1.44108477358114 5.43832960243334 0.0704551721469602 -0.158378094339912 -0.00474387673589671 -0.802272679065619 0 0 0 152 1 
3.28044425380198 7.00935360779135 1.05602261779469 0.829264942600152 0.423796431368565 -0.649536721708101 0 0 0 104 1 
0.123482783399268 7.30116027369017 2.57439916466435 -0.644347478200056 -0.476833825100756 -0.301969295025819 0 0 0 108 1 
2.9503246247473 6.13181839529908 1.08436808245744 0.265409586519023 0.663986030407621 -0.0319716859648126 0 0 0 25 0 
0.00830371566954513 4.62412949149165 3.31100766014388 -0.34551509879465 0.163394576268589 0.216231358472606 0 0 0 73 0 
0.161829472453539 4.65948590649193 3.56169572449065 -0.949090040580497 0.166114300499379 0.620130440345435 0 0 0 12 1 
3.13047612846403 5.10752408292308 0.20981791047228 -0.182271067041229 0.354424929455622 -0.483860160732901 0 0 0 98 1 
2.45288300674658 5.47655420314918 1.47655814899748 0.919452538980506 0.459734938703783 -0.617187834692501 0 0 0 99 1 
0.628972629478254 7.07444600737653 0.361245247673075 -0.990079028501673 0.0441881544135785 0.143172711359467 0 0 0 155 0 
2.19794546846816 4.7722835822084 3.25959742991485 -0.484773425502449 -0.594439724445508 0.904584417685758 0 0 0 128 1 
3.82351913363345 7.38070942128916 0.0559492583404613 -0.0520369897205044 -0.624560813746988 -0.18800390320458 0 0 0 97 0 
1.35690215069044 5.7146362179422 2.25723859879631 -0.857161373023812 -0.445027983235216 0.904402969138178 0 0 0 164 1 
2.84393559674062 6.20471347843961 1.34762404640238 0.180302738210817 0.669593344495355 -0.704028919507509 0 0 0 25 1 
2.27390722624853 6.0285016015961 2.66251963132519 0.136454402019118 0.271423200122777 -0.372113874513447 0 0 0 57 1 
3.08768891569546 7.77145205012582 1.28828226346985 -0.18556239110035 -0.440657534605706 -0.785516748963857 0 0 0 74 1 
0.565422512136717 6.59593798738544 1.96732042369108 0.928109424010517 0.39199522979888 -0.579436890485302 0 0 0 101 1 
0.763929969998252 6.0709823331768 3.91197035539748 -0.595082310000135 0.9669986410136 0.185536181184421 0 0 0 220 0 
2.89524413312911 5.2699535202099 1.02152554038031 -0.431135066682377 0.213073347708453 0.655501964644639 0 0 0 124 1 
1.59014599136454 4.02648288833962 0.0521124785175477 -0.839219539125804 -0.113347470127722 -0.880606732421727 0 0 0 136 1 
1.5951894278725 7.83754807841746 0.911636068414653 -0.9926777363175 -0.589419378583272 -0.737566456275796 0 0 0 18 1 
2.24020938570373 5.15217765787289 1.6571544616424 -0.789214662638175 0.357859819836376 0.473627266280185 0 0 0 4 1 
1.02241339813504 6.09109652845096 1.64082350347285 -0.575198969374227 0.96854588680392 -0.912244345886703 0 0 0 236 0 
1.03200170413823 7.3482218225345 3.32519868543433 0.502461669549095 -0.165521398266577 -0.244215485735821 0 0 0 234 1 
1.51692774998647 4.35818576065464 2.75990034945397 0.385917519229728 -0.933985710718873 -0.44154612696508 0 0 0 52 1 
2.50961059868127 4.66972069605839 2.05375843321089 0.769970046052405 -0.525406100303201 -0.880480120522239 0 0 0 228 0 
0.440774411015472 6.18512984363562 1.87775975356736 -0.235325045306502 0.360394603356587 -0.970941557417895 0 0 0 24 0 
2.0299919731057 7.35137534198161 2.65601481061711 -0.497692925145716 0.527028872460124 -0.526460399183299 0 0 0 100 1 
1.82771268982429 4.6960843627293 0.304899946083673 -0.128637485398131 0.630468027902254 0.44653076508336 0 0 0 32 1 
2.55942107641173 4.13217639236378 1.56063415767678 0.850724698185518 0.12555203018183 -0.0722589109479397 0 0 0 108 0 
2.53811660589661 5.02790072561176 0.679709832932005 -0.304760261084876 0.655992363508597 -0.67848385900523 0 0 0 111 1 
3.72554700986689 5.19180242533516 2.0753493899039 0.940426693066684 0.899369417333474 -0.494203893084315 0 0 0 252 1 
2.19282932607146 5.15615488341383 3.86019778717628 0.976371486620882 0.66585806795491 -0.0492155548325938 0 0 0 78 1 
2.99695556676891 6.79628547462339 3.01281704426236 -0.5771572640947 -0.438747271182816 0.0394474649432583 0 0 0 110 0 
2.8429506349875 5.94369150676924 0.868528389143066 -0.819773028077885 -0.581254499479289 0.182194491472544 0 0 0 27 0 
2.49541707467635 6.60804855362591 3.41266482040896 -0.769583301947973 0.469849888740455 -0.237487321507003 0 0 0 36 1 
0.144072055457078 4.9461457321 3.76235798355797 0.588005542727468 0.726626594776923 -0.210587847418617 0 0 0 228 1 
2.86698969298502 6.10388337628779 2.78605996495376 -0.0486931005396138 -0.415085894131709 -0.670303079618942 0 0 0 132 1 
1.05208614263474 7.11220629977587 3.57995092261421 -0.26522414287425 -0.106753361555703 -0.37846531364506 0 0 0 253 1 
3.2176663147488 5.89188230981155 2.37115007244012 0.285974331903754 -0.354470591552958 -0.932988455966145 0 0 0 149 0 
1.20339133036701 4.76347664690638 2.28756217740114 0.592568563874385 -0.825886411776433 -0.862495217122989 0 0 0 99 0 
3.11119688281142 7.31115039818 2.74140093030464 0.354707452523955 0.447011569090769 -0.82758454382272 0 0 0 38 0 
0.987189657888858 5.15157750662565 2.81710528320165 0.960553050606835 -0.0268017302595656 -0.744838055138335 0 0 0 245 0 
0.321767860778259 6.13966238657018 2.79737221905166 0.832443681598328 0.0492047989669362 -0.746355983149872 0 0 0 246 0 
3.51167401269419 5.27323414968581 3.0599042162408 -0.152948152869678 -0.555905065408784 -0.726161214135323 0 0 0 126 0 
1.2950211561124 6.1937646998214 2.78097248312339 -0.708075295683661 0.514904976909339 -0.747617501298201 0 0 0 114 0 
2.61961942627669 4.08546459784615 0.0886633610911388 0.393816878944361 0.121958815218934 -0.0316412799160662 0 0 0 11 0 
2.91995801534946 4.0864729945945 2.44449421227451 0.955381385796113 0.737420999584192 -0.388885060594268 0 0 0 247 1 
0.954742574432294 4.24763429473579 3.30488319801179 0.265749428802484 0.365202638056599 -0.476547446306785 0 0 0 35 1 
3.79484647468049 4.53524694009267 1.11845837147735 -0.285011809639962 0.925788226160974 -0.337041663732511 0 0 0 224 1 
3.32686715764934 4.57830754056943 2.01889625907274 -0.705625603257743 -0.840130189186966 -0.806238749302097 0 0 0 52 0 
3.89734843155814 7.09288130440806 3.1131398602462 -0.507896274495528 -0.262086053507073 -0.875912318442599 0 0 0 214 0 
3.94717208963074 4.78925159192312 3.12319354132569 -0.119448300797635 0.176096276301778 -0.875138958359563 0 0 0 90 0 
0.697880987682705 7.47551403216016 3.32564150900513 0.245990845206362 -0.155729689833834 -0.705719883922682 0 0 0 187 0 
3.5957441652986 7.89373567765494 3.92875884990364 0.930441858869123 0.261056590588842 -0.351633934622796 0 0 0 244 1 
1.30823906435415 6.41687174788289 3.23637032986862 -0.783981610434296 0.60899013445253 -0.789509974625491 0 0 0 101 0 
0.297148503896658 5.87135859331914 3.30212295756061 -0.323296268931026 0.87471989179378 -0.861375157110723 0 0 0 213 0 
3.77253526180201 5.70642437331983 3.69293730656835 0.0209642509078471 0.862032644101526 -0.754389437956281 0 0 0 168 0 
7.58244919830112 5.89677591988637 0.169280813161501 -0.0705808308999134 -0.431017236931818 0.282252370243192 0 0 0 244 0 
4.00604342856279 7.75481041925542 3.99884718771493 -0.114919736264401 0.0196008014811857 0.807603629824225 0 0 0 238 1 
4.48594092727809 4.13904427750511 0.530741325642109 -0.847235313286301 -0.412381209422684 0.463903178895547 0 0 0 153 1 
6.61229899080739 4.29469982091957 2.87804383616623 -0.22213084686097 -0.246561552236957 0.798311064320479 0 0 0 255 1 
6.59913757890055 4.67431692959005 3.60363305515195 -0.146220186238419 0.0903320715069265 0.16181792731938 0 0 0 96 0 
5.03140846202895 4.93804951874034 0.239693859124676 -0.497583964459311 -0.889380806250743 0.364591835317283 0 0 0 65 1 
6.6954778306253 4.98274176431034 1.99383849102517 -0.369578628413438 -0.962866018129974 0.499526037771167 0 0 0 69 1 
5.94419658481071 6.07399163123534 1.25611081964289 0.264938198831593 -0.340462182212666 0.0581623707417604 0 0 0 135 0 
4.73987498544078 6.44575943238117 1.60387677432307 -0.981548078043017 -0.081095428278371 0.315682828794082 0 0 0 174 0 
7.21829246503048 7.13502542159683 0.820820425451661 -0.483208271920732 0.0488481093536022 0.640063109650128 0 0 0 187 1 
5.17696198167699 7.29956835881392 0.734580679286498 -0.871002924486385 0.523043719908763 -0.366570716977962 0 0 0 17 1 
6.03630240813521 5.37269424188743 2.78194600064288 -0.881822891681907 -0.548254289085582 0.0986112308186828 0 0 0 30 0 
5.27465834032801 6.03048275693533 0.0973917215864648 0.0595891031021543 -0.266885941774206 -0.56943140603181 0 0 0 249 1 
4.61230225380219 5.3219131173908 0.934804065080571 0.0855617118309377 -0.70600668327763 0.802677235775428 0 0 0 40 1 
7.41905944415909 6.5892309508919 2.05734777801518 0.532235341858391 -0.916213003777546 0.889026752155014 0 0 0 41 1 
7.10013753562071 6.22175605629272 3.26132386582248 0.584625964278516 -0.0214033802851747 0.135486451217114 0 0 0 153 0 
6.81510894373513 7.89600702048854 1.23927296399172 0.562700687979625 0.338154386191426 0.364559458768594 0 0 0 61 0 
7.4092990001342 4.54143043532199 1.96150484309812 -0.853130846143523 -0.842966889590616 0.035500372546009 0 0 0 19 0 
5.77226291419363 7.17532570974754 1.36992858177669 -0.902133621985105 0.205794285365195 -0.471543955247947 0 0 0 178 1 
7.41342122849487 5.45391600772466 0.73011619573802 0.839493940653452 0.304147385209589 0.710008938133694 0 0 0 56 1 
7.83743985583004 7.36353818849333 3.92814234707593 -0.127889241859227 0.681810629884102 0.0329340266981486 0 0 0 119 0 
7.43755033037764 5.30835897775917 1.74578615018168 0.533657717721357 -0.322433924787755 -0.519554911524486 0 0 0 185 1 
6.91007612847502 6.99719039252833 3.23823444431574 -0.583840297809613 0.884399260963717 0.595248803408903 0 0 0 130 1 
6.5957568468649 5.05271457827554 3.80346996888152 0.699673603604993 -0.419021955517266 0.561805382221655 0 0 0 183 0 
6.54081753727761 5.22391637465959 1.08449185595296 0.695447502867509 0.0556858749738145 0.58342245045792 0 0 0 163 1 
7.2498211421909 7.26694320182321 0.854730315897091 0.596140087860839 0.905149477063324 -0.818866898777147 0 0 0 129 1 
7.0155677116738 4.50544535190253 2.00401809526369 -0.421879406794323 -0.691888819084421 -0.499690915748947 0 0 0 60 1 
6.87405157572882 5.68782409152154 1.55790647593542 0.336465505825294 0.245217237809349 -0.687853348004968 0 0 0 27 1 
5.75927366447739 6.02053652707903 1.14362829270129 -0.749286641194047 0.732348963621464 0.741817560977022 0 0 0 61 1 
5.07779076468087 4.63724109476243 2.17433850904552 0.429060828052375 -0.527904531172121 0.821102962234271 0 0 0 177 1 
6.22429215676859 7.07329072754646 2.53909559325958 0.824945550520661 -0.725131482496426 0.156853507173814 0 0 0 65 0 
6.28869984297583 7.89454160985692 3.50408791819089 0.906823064844295 0.645733969988994 0.231083686014684 0 0 0 66 0 
7.49763305844984 6.90393961484574 2.03315676099553 -0.538643610888474 -0.738158491165712 -0.728218710692651 0 0 0 2 1 
5.83766068897242 4.29715878884303 1.64651645570923 0.333666206844032 -0.400218554704383 -0.988729503406982 0 0 0 154 0 
7.5209909249493 6.81045165454192 2.32625316685399 -0.998385313465438 0.331573204195532 -0.628749756395848 0 0 0 89 1 
6.34082985551305 4.36690146731424 2.03825430898759 0.449294604270235 0.220530882101095 -0.95859582238557 0 0 0 21 0 
5.05127556011881 7.21049047611225 1.50714961359136 0.888559658470678 -0.483808424914442 -0.230219260492972 0 0 0 75 1 
6.1252360445516 6.54205909568564 2.7556146039023 -0.798058765803723 0.387850699668126 -0.980337338161362 0 0 0 5 0 
4.11334905795544 7.6863527853461 3.68717844890101 -0.106665457080351 0.860488675795854 -0.293293965469153 0 0 0 126 1 
7.30973405429107 5.18954431881557 3.24382204776992 0.369979542637774 0.360734178370429 -0.635090611710006 0 0 0 3 1 
4.82942243121319 4.55852425428755 1.23617453144552 -0.820813659137447 0.92757878879135 -0.0202942668118828 0 0 0 157 0 
6.06403597079169 4.19901805426746 3.06468235640938 0.274156613137822 0.592232158020574 0.274206335108414 0 0 0 15 0 
4.20542354185736 4.04215849066678 2.02226431550031 -0.253428958318665 0.964781422358983 -0.344441206499976 0 0 0 240 1 
5.76644616323147 4.07947627483273 3.53489732468816 -0.364119525905272 0.19842125191021 -0.381930975023987 0 0 0 118 1 
4.03143316023162 6.13665903015486 1.13988357633575 0.117802550787048 0.972050694627297 -0.258470494128019 0 0 0 139 1 
4.4924750683281 5.83673762923573 1.82784958558308 0.922498082179084 -0.743327874674175 -0.82093464726284 0 0 0 116 0 
5.85546504574473 6.42060599311028 3.42161312398743 0.104266541980363 0.0708158456238677 -0.929106682770198 0 0 0 197 0 
0.48276542399414 1.19139300105308 5.46792417195344 0.229443494153395 0.0531840770040832 -0.00246737138819697 0 0 0 19 1 
3.25354814972406 2.49476457416083 6.8835478522286 0.596426780748005 0.230366505704679 -0.124342472905492 0 0 0 113 1 
1.03971187730153 1.48945652341572 4.90286361264832 0.195362452100117 -0.23158026742956 -0.430548952873206 0 0 0 146 1 
1.29085297576896 1.55861354715346 4.80482262830459 0.214680998136074 0.158354888242573 -0.668859797822724 0 0 0 34 0 
3.90347710311968 2.41881552240181 7.08340401648811 0.877190546393822 0.147601194030908 -0.108968921808608 0 0 0 116 1 
3.90770901623501 1.5714991176552 4.25020970059656 0.0313622320180778 -0.148346221718831 -0.788445407646418 0 0 0 32 0 
3.39757462964873 0.954207763318045 5.5959928387218 0.145967279203749 0.727246751024465 -0.4541543970214 0 0 0 142 1 
0.815412700597483 1.10973229717445 5.35502026662093 0.101185592353653 0.816133253628804 -0.318844594875313 0 0 0 169 1 
0.128681786092773 2.31540296434195 4.9617359238334 -0.0285629395313252 0.985800228026304 -0.887558775089738 0 0 0 133 0 
3.56419327309522 2.13078501371202 7.19032746898771 0.466476405622709 0.279291154900925 -0.793051733154791 0 0 0 23 0 
2.21898970160465 2.83596738292055 6.18697009759835 -0.175462330645797 0.179689798686196 0.360536161353719 0 0 0 81 0 
1.03025918777634 0.0208264062036312 6.19251742804995 -0.49767237017105 -0.498397968753567 -0.48519096707308 0 0 0 252 0 
0.420134706656737 0.359302953391807 5.388243138225 0.763087285127441 -0.241592080508323 -0.931673604751923 0 0 0 95 0 
3.00742100571014 0.603718590117004 5.65380702105304 -0.114813768791528 0.777209122316692 -0.911245613765151 0 0 0 217 0 
0.127378010990681 2.51441675932371 6.54906768275969 -0.951740153000717 0.00110898148643934 0.0037744371353603 0 0 0 44 1 
2.03021887967651 2.86918044722681 5.80354111543344 0.0407860676674237 -0.279293811751784 -0.207419914197428 0 0 0 186 1 
0.929084457917766 3.76891611799204 5.24570771491875 0.494544958301367 -0.0562372216929206 -0.327253252698558 0 0 0 226 1 
1.44909098464206 0.734733161588356 6.93441574880138 -0.850069924258303 -0.443482064493203 0.494955057600106 0 0 0 140 0 
3.75468607961736 2.13745429712242 5.08066564017746 0.173437390739797 -0.489426592529045 -0.570718027678657 0 0 0 190 0 
2.73583399856081 2.59563493848155 6.06510193592649 0.479679538350832 -0.377258850886035 0.197315533532807 0 0 0 192 0 
2.34286286558294 0.460709035649824 5.41619778324074 -0.39670285649362 -0.926099304950014 -0.314138632058404 0 0 0 112 1 
3.89826373726086 1.83999429007066 7.43153174941574 0.799866441327758 -0.66615428537918 0.840887057647364 0 0 0 247 0 
2.18608688437575 0.604534862320393 5.37685847341672 0.0527759141827502 0.161887297101569 0.452066036416671 0 0 0 6 0 
0.305731695276463 1.54019622501178 7.32481854991643 0.215825515021266 0.46463047884706 0.909601426916648 0 0 0 131 1 
1.96549296348198 3.11526661284255 7.82869889584804 -0.964192848962925 0.431943585603273 0.640669145834464 0 0 0 10 0 
3.43402732431234 3.10155399686957 6.85902590800089 0.225694409562488 -0.41526507716388 -0.2031518532307 0 0 0 173 1 
1.90804433146072 3.34567253656405 6.23065658270223 -0.0455350514260984 -0.319563651033534 -0.866872570561367 0 0 0 159 0 
1.89917031360143 1.62770999412541 7.54483682034041 0.646090024123187 -0.836330000451892 -0.919627936896891 0 0 0 127 0 
1.62399931839184 2.81060665718527 6.58303365676329 0.778769178337834 -0.591491795601133 0.852541050520253 0 0 0 200 1 
3.56545966573577 2.88075271296218 5.86125466008556 0.54349689736429 0.567750208689399 0.720096512314274 0 0 0 180 0 
1.95936160209158 1.60969697459513 6.51137002340693 -0.656972184454494 0.700745921122703 0.847028463338994 0 0 0 206 1 
1.58937697559179 1.64020520991406 5.52433721543283 0.23764438273783 -0.681522676160456 0.540333631956372 0 0 0 150 0 
2.52828558524876 2.9791128767823 5.78373509338075 0.463714275788366 -0.347760547939823 0.86797962256775 0 0 0 160 1 
2.71009020367283 1.47329036114027 7.10234598563584 -0.906916138179013 -0.232823818373825 -0.184434924181858 0 0 0 162 1 
3.44335182046386 0.555059840642349 6.38254129712328 -0.465896013810472 -0.995764627642896 0.990964715163329 0 0 0 107 1 
1.17990268877665 3.12337347891746 4.77821715939888 -0.178469023940257 -0.721278963160195 0.0214013199537599 0 0 0 16 1 
1.57365602048298 3.42011454049439 4.71597319300558 0.467204309267922 -0.544606573808124 -0.368002062076493 0 0 0 229 1 
3.723713409171 3.26435057910528 6.48597797777043 0.709516416090077 -0.402742263145748 0.46045984444388 0 0 0 206 0 
3.23290412485899 2.91729031876196 4.98935510899724 0.825608009604538 0.185945409135535 0.806873469922865 0 0 0 84 1 
1.86552315229597 2.44016984393623 5.14462572407233 0.720424857868921 0.687705372610479 0.818817363390179 0 0 0 220 1 
2.98476093711515 2.58149792521057 5.66229948000929 -0.885787620221911 0.0831921480931206 0.935561498462253 0 0 0 38 1 
3.97764446401896 3.00099166531733 6.31050299242411 -0.809411964306234 -0.0383852565140511 -0.168422846736607 0 0 0 62 1 
3.9226645577577 1.22494293794931 6.36602915430751 -0.1213334955571 -0.0211582355423606 -0.625690065053268 0 0 0 86 0 
3.56673820195667 3.23449664798137 5.22051484344186 -0.687173984464872 -0.251192565539895 0.0554242187262972 0 0 0 140 1 
3.63008347741804 3.5892661402029 5.35423889837735 0.394621805955234 -0.531594912292084 -0.54967393089405 0 0 0 182 0 
0.980942944393381 3.89732125559936 7.22354716927545 0.575457149568722 -0.123282980338511 -0.175111756209581 0 0 0 231 1 
0.735352363354383 3.5885597845443 4.19824562094946 -0.443434433588124 -0.608572324265823 -0.100134952234657 0 0 0 211 1 
1.36126476471805 3.43229598078194 5.97472219530969 0.681635751132157 -0.774438770709081 0.344209399639207 0 0 0 92 0 
3.22434709868355 3.75483014071121 6.48956749848673 -0.63658868471665 -0.365013066099138 0.229966730652825 0 0 0 253 0 
3.47613772288974 3.23451945236924 6.03889116706829 -0.463374021316174 -0.866575426740828 0.964530089774484 0 0 0 103 1 
2.09658379798107 3.54319251421886 4.50149657112955 0.507429522921621 0.311014808786066 0.769345890086888 0 0 0 81 1 
0.884001691575977 0.561122500751108 4.6393836763436 0.260307822428921 0.543163269288547 0.779952590487969 0 0 0 155 1 
1.61322518409422 2.82270809844646 4.56165589750819 -0.145136524300444 0.870977546034343 0.85089660750063 0 0 0 176 1 
3.93863090371159 1.69101091076707 4.15432376756636 -0.120105315099108 0.783923916212851 0.588794135966643 0 0 0 254 0 
4.71110180016884 1.80308752284856 5.93033013984944 -0.522222938448551 -0.207454805934726 0.186948472296111 0 0 0 241 0 
7.92180813361288 0.0501363309852808 5.16023237325184 0.10936985643176 -0.0346048976165169 -0.718443663596013 0 0 0 83 0 
6.14240109477095 1.21268490885553 5.20091490894021 -0.181353761940696 0.0548219160658101 -0.71531423777383 0 0 0 84 0 
7.6205997916909 1.00452712382642 5.3810805364722 -0.529184631408392 0.269579009525109 0.144698502805553 0 0 0 58 0 
4.7327683660063 0.144285207388005 6.48216856277313 -0.751325510307208 0.51109886210677 -0.539833187478991 0 0 0 170 0 
6.51928748330911 3.22400870622947 7.15886876561543 -0.0754394243608369 0.824923746633036 -0.48777932572189 0 0 0 240 0 
5.50423008958408 1.27700741067459 4.34182550487736 -0.768905377724302 -0.170999429948109 -0.935244191932511 0 0 0 13 0 
5.9175166704092 0.612459815004073 4.11987497423578 0.0321166669545541 -0.145195398845841 -0.95231730967417 0 0 0 74 0 
7.00870631348424 2.19450847339966 5.22763981531676 -0.191637975885827 0.438039113338435 -0.790181552667941 0 0 0 79 0 
6.30631686311567 3.15242669648916 7.61370589528053 -0.399514087452641 -0.103659484885449 -0.529714931132266 0 0 0 209 0 
5.87002003400683 1.88695242085656 4.0352854114548 -0.81769076661486 0.645150186219735 -0.574208814503476 0 0 0 137 1 
4.80491721730489 1.45597874597102 7.18609092206749 -0.591929444822701 0.765844518920848 0.206622378620576 0 0 0 144 1 
4.14003504127936 0.305616280567429 6.65543048730861 -0.0276896122092806 0.60043202158211 -0.603428424053184 0 0 0 221 0 
4.10725727104445 0.121766876319745 7.63003004379813 -0.337903286842734 -0.413710240283097 -0.605382304323221 0 0 0 200 0 
6.51008879763643 3.35304556615178 7.34844229022907 0.0776991382797252 0.988695812780906 -0.62704290075161 0 0 0 202 0 
6.39374140656342 1.58563727824898 7.77753038038521 0.22259549281257 0.852741329096075 0.32904079849117 0 0 0 188 0 
7.61892247966995 1.76523953702193 4.25361132947047 -0.452390578486927 0.943479964386302 -0.172799128502271 0 0 0 167 1 
4.60857106961236 1.33370338431112 6.17291473985575 -0.991648379260588 -0.397407431976068 0.20560882614275 0 0 0 186 0 
7.1201625635902 1.046760709083 5.50766792602544 0.5861663510454 -0.0348645608397693 -0.153256313382659 0 0 0 53 1 
5.03921020487694 1.25125784032491 6.4901503251779 -0.112368445778697 0.9808659877173 -0.616142282678623 0 0 0 211 0 
6.01394427072492 1.54468342715716 6.59039192240057 -0.806619671482698 0.92651410978132 0.314645532492351 0 0 0 165 0 
6.19592197223365 2.19142759600313 6.65212033740094 0.438147844017973 0.360879045846395 -0.911375358661466 0 0 0 41 0 
5.01399362796539 2.17064827499708 6.09577208551373 0.193384125228107 0.513126790384391 0.353520929654902 0 0 0 147 0 
7.13665082833213 1.71448753480686 6.93755826488423 0.12589621756401 0.939575964215912 0.572119866529556 0 0 0 198 0 
7.27807867485524 3.90249600437928 4.93026352602555 0.752159898065787 0.72326892341379 0.0330971943096579 0 0 0 135 1 
7.91924177619377 2.96432919277748 6.37780747457662 0.878403213553367 0.958794553290575 -0.317091732724875 0 0 0 156 1 
6.4022993472187 1.48332013590564 4.27720629873212 0.530946103632208 0.767947702761972 -0.0940610539436829 0 0 0 157 1 
6.50816391270582 0.964125732969743 7.00803640517917 0.616012608669678 0.80493274868998 -0.268612584216987 0 0 0 154 1 
6.12705212830299 1.71930903052706 7.38811093381499 -0.105611374745923 -0.521591613036379 -0.700914543552693 0 0 0 208 0 
7.94290419772196 3.24211611275316 7.09846311737526 -0.735161215559849 -0.173683375942065 -0.338579760201903 0 0 0 134 1 
5.67146432832945 0.616021206226741 7.24563795790012 -0.140656590128504 0.00892470817128777 0.749664458300009 0 0 0 100 0 
6.61518668599096 0.071297671278457 7.53454077481468 0.470398975845458 0.505484436252189 0.848810828831899 0 0 0 185 0 
6.19603838815506 0.751493321429459 4.39304905558873 0.284310645242697 -0.980654359890041 -0.700534688031636 0 0 0 43 0 
5.59809817192157 0.59105430851808 7.23863315490067 -0.684761679082956 -0.300688130113994 0.826048704223128 0 0 0 178 0 
6.48082985803114 1.08790733621044 6.8263717917399 -0.0783977032283739 -0.416314820291505 0.871259368595377 0 0 0 204 1 
6.60712431939322 2.54680667930078 4.72875555675667 0.93131725533794 0.311292821484675 -0.059326495634102 0 0 0 86 1 
6.29637566868939 3.39357016197376 7.5257352618366 0.830490436053031 0.376428473997981 0.3096719432182 0 0 0 117 0 
5.26696408360843 3.56076569601227 6.28039258135455 0.443612621816033 0.38928966892402 0.67541481395035 0 0 0 37 0 
7.56892343821639 1.87905006457436 7.60882873672323 0.389917187555107 -0.816996148878895 0.31606374897871 0 0 0 63 0 
5.62485809929997 1.54383175300676 5.10565420391666 -0.990395530823079 -0.842782172845633 -0.261103522775641 0 0 0 63 1 
7.23412291109526 3.52891700707509 4.84500243107141 -0.866605929915749 -0.228544845609609 0.180384802390108 0 0 0 171 0 
6.40753729513471 3.30428038092861 5.96969990809438 -0.2378817465281 0.984944644686816 0.882284608314952 0 0 0 219 1 
4.8868596132461 0.972563323682319 5.03639375666781 0.798989201018931 -0.117495128947514 0.19510721205137 0 0 0 106 0 
5.0653794645219 0.144970488577074 5.31916148178915 0.966567651117069 0.895766960659775 -0.706218347554681 0 0 0 212 0 
5.37039579881555 2.62889971922628 7.88784407465722 -0.62535416932188 -0.990084636982594 0.337526467281325 0 0 0 51 0 
4.70001500664769 2.4817070798599 7.12600998719504 -0.599998845642485 -0.847560993856931 0.740462306707311 0 0 0 44 0 
4.47102217608721 2.94164501550345 6.50937131496363 0.228540167391324 -0.966027306499735 -0.691586821925875 0 0 0 2 0 
6.16042931944963 0.0379016539443797 4.84230793682423 0.204648409188433 -0.574007565081202 0.487869841294172 0 0 0 160 0 
7.55626243659033 2.60536128629612 4.7108374505162 0.850481725891564 0.623489329715086 0.631602880808938 0 0 0 184 0 
6.02261653165962 2.57566816147729 4.9873691738856 -0.729029497564644 -0.378794756809439 0.960566859529662 0 0 0 189 1 
7.40779780811497 2.10621245069876 5.03183953011527 -0.776323245529618 -0.722599042253941 0.579372271547328 0 0 0 162 0 
4.27777686752579 1.20282800026973 6.89048009472123 0.598290528271215 0.438679076943825 -0.277655377329136 0 0 0 148 1 
4.58873502710211 2.10098024593268 6.49394841975485 0.69913346362324 -0.0306938272359479 -0.462003967711166 0 0 0 121 0 
4.52642447967315 1.20133915264789 5.89733537366724 0.848186498436396 0.207795319434453 0.107487336435941 0 0 0 71 1 
4.63213445455141 3.57627635740142 4.86588664081919 0.856318034965493 0.313559719800109 -0.4333933353216 0 0 0 83 1 
4.3341204492337 0.445381815948443 4.55965068285407 0.525701573017977 0.688106293534495 -0.687719178241995 0 0 0 175 0 
7.46530054292161 3.49433783319419 5.8427221743813 -0.771899958236799 -0.538897089754294 -0.204405986586054 0 0 0 182 1 
4.36431959732026 3.51633349156273 7.22682159648653 -0.933513877129211 -0.614128192956713 0.97898627665281 0 0 0 145 1 
7.46215518617307 3.79212306521877 4.93894674307153 0.150935014321005 -0.823682841137018 0.341457441774733 0 0 0 70 0 
6.24772705829526 3.32446211536779 4.43898036929108 0.211363619868866 0.217266316566753 0.456844643791621 0 0 0 20 0 
6.38549150941876 0.28999339149407 4.23938712806856 -0.547269883890865 0.291537953191851 0.672260548312966 0 0 0 15 1 
4.27939062271729 0.911503870128655 4.5811157619337 -0.940046875175593 0.185500297702204 0.775470443225669 0 0 0 21 1 
5.73791974248154 1.16898932182631 4.32663875184988 -0.212467712116804 -0.333154667551822 0.986664519373068 0 0 0 248 1 
5.91822163739519 2.97498830408945 4.60583130498829 0.0321708951842454 0.959614484929957 0.777371638845253 0 0 0 218 1 
6.27656036513511 0.0226180593080172 4.85775678908216 -0.863341510374222 0.578662927639078 0.873673599160166 0 0 0 174 1 
6.91655933786437 1.14552056085635 4.04253706383723 0.647427641374182 0.511193889296642 0.810964389525941 0 0 0 166 1 
4.52083024943743 0.28629011250376 4.33737681359901 0.0785254038028789 0.983560777884905 0.833644370276847 0 0 0 48 1 
5.7220640353912 2.86393830974527 4.18404133939234 0.786312618107015 0.489533716134251 0.744926256876334 0 0 0 93 1 
6.5318908411568 0.0707150394497105 4.74920041380708 0.848606987781292 0.890055003034593 0.788400031831314 0 0 0 209 1 
2.08973615282978 5.72564652704576 7.46385997749038 0.429979704063829 -0.290334882534941 -0.156626155577663 0 0 0 172 1 
0.0677409281843303 6.5407851845888 6.51244922424167 -0.187096851678129 -0.0737857550316313 -0.152888521212179 0 0 0 191 1 
2.9566119911931 7.83533616828831 7.99580496991075 0.265893230091777 -0.358820294747053 0.191984997685443 0 0 0 29 1 
1.50170367641581 6.53084157730206 7.81962738565012 0.538592590493524 0.233141659792466 0.17843287581924 0 0 0 94 1 
2.20109944839075 5.16410345793361 6.99654937023151 -0.0229923501237885 -0.564299734005107 -0.500265433059114 0 0 0 47 0 
0.621522865144208 7.63507400210938 7.1343025879384 0.317040220395708 -0.451148153683894 0.279561737533723 0 0 0 60 0 
1.92739496481593 4.64984983108811 5.87702572962133 0.263645766524303 -0.21924232068553 -0.663305713106052 0 0 0 158 0 
3.08107243243298 6.63882474216516 7.47591283505056 0.352390187110229 -0.604705789064218 0.228916371926966 0 0 0 6 1 
0.0191304606239333 4.80321529606281 5.8298270703166 -0.267759195336621 0.10024733046637 0.17921746694743 0 0 0 64 0 
0.848629700359234 5.7250270068747 5.53377071202625 0.565279207719941 -0.0596133071634842 0.0795208240020191 0 0 0 203 1 
3.84088612196639 5.84213254964051 6.08525646090746 0.872375855535876 -0.204451342335345 0.12194280468519 0 0 0 208 1 
3.03139531412192 6.08486145374735 7.9854970959015 0.810107331855533 -0.18577988817328 -0.0395771464691159 0 0 0 256 1 
3.47667663104637 5.89285185406388 5.04095698374753 0.844359740849721 0.0302193733895288 -0.650695616634805 0 0 0 232 0 
3.11958775045151 5.38763932097885 5.55262197982584 0.201506750034732 -0.624027744540088 -0.765182924628781 0 0 0 9 0 
1.23814102357069 5.78342834708319 6.0936430224429 0.672164694120822 -0.670505511762832 -0.646642844427469 0 0 0 88 0 
0.80265109547196 6.01845806492488 4.03009816492173 0.638665468882458 -0.421657071928856 -0.959223218082944 0 0 0 196 0 
2.92770519369816 7.47257943737436 5.29734611815947 0.340592707207551 -0.232878504817357 -0.861742606295425 0 0 0 134 0 
0.203198171391028 7.43500648478263 7.434282901292 -0.176677063739152 0.533462037290971 0.379560223176308 0 0 0 35 0 
1.63326413382244 6.00081033633673 5.52242909422006 0.856404933370957 -0.499937666435636 -0.38289006967538 0 0 0 95 1 
0.757381279710958 4.80140348625148 5.1787862400453 0.789029329208535 -0.130661270288348 -0.793939519996515 0 0 0 203 0 
1.80214675633574 6.04453569319412 6.4643130746127 0.869395904333518 -0.804266485138914 -0.387360532722101 0 0 0 67 1 
1.63040034912814 7.36833951927042 7.54018670792352 0.933107719163703 -0.625512344671506 0.00309128522488589 0 0 0 114 1 
1.49839111045634 4.1365035924904 6.84188355745567 0.615260854650488 -0.335653569808431 -0.742932034041871 0 0 0 207 0 
0.770202642814316 5.84975410384267 5.68449371823419 0.943861741754948 0.103827238757129 0.0911149014026305 0 0 0 193 1 
0.440013130840843 6.92621355576883 6.80370469140429 -0.696922066858396 -0.505675880325475 0.331054207031099 0 0 0 107 0 
1.44506717634007 4.90030733502912 7.27554687486816 0.918851321256929 -0.507668666536222 0.521195913451397 0 0 0 194 0 
1.0901982541922 5.31667260129193 6.34052128331552 0.968476788784015 -0.167948261439082 -0.935344516668037 0 0 0 237 0 
1.83513192736593 4.5045045309278 7.03776979785969 -0.0511436978949282 0.000346502379061642 0.579828445989207 0 0 0 131 0 
2.72200464502303 4.55465754433549 5.09628440705935 -0.05984579653669 -0.226564804281885 0.199714185158412 0 0 0 176 0 
2.07006582723722 5.17174246373795 5.92566286059079 0.0438512174797863 0.282441727979842 0.0327432969685226 0 0 0 22 1 
2.20401065280094 5.37449440613355 4.55581650600272 0.669539280984688 0.298038031241042 -0.457244884153636 0 0 0 87 1 
2.49328239644043 6.40293106240405 4.14036685007237 0.922560184341571 0.530994697108004 -0.643048703840587 0 0 0 115 0 
1.49528921219135 7.76234845369135 6.07379266840616 -0.615746983677588 0.327872957976258 0.121060974492782 0 0 0 79 1 
1.26232187188643 4.79533184109008 6.75381274489931 -0.633667548316428 -0.746512935300763 -0.595860558084669 0 0 0 87 0 
0.70831781634932 7.41960314710493 6.00050722213379 0.16987060125764 0.0707387036234557 0.423115940164138 0 0 0 138 0 
0.835392349068201 5.94757526142872 7.9525609850345 -0.128046742379369 -0.119417287582407 -0.888264539612731 0 0 0 191 0 
2.45914430738248 6.71358158303479 7.63460504728499 0.766088023644806 -0.829724493612709 0.856508080560384 0 0 0 120 0 
1.08724897224803 7.73457852415021 7.89558948159018 0.968249920942156 -0.366570882757676 0.876583806276168 0 0 0 125 0 
2.35314818902181 7.06541468192707 7.81629361119826 -0.0112962931521684 0.966570360148236 -0.052592799138595 0 0 0 183 1 
0.215282809940014 6.94848296423474 6.74654411274347 0.82425252384154 0.880652535710365 0.326657239441805 0 0 0 226 0 
0.551758642983206 6.64177765395044 6.27614735657295 0.927058357152554 0.857059819534649 0.290472873582535 0 0 0 225 0 
3.17400527154562 5.11991455385805 4.59754827634479 0.436461943965048 0.509224196450619 -0.223265517204247 0 0 0 55 1 
3.5561572084144 5.87739620451529 5.65395550871474 0.927396708339569 0.644415092655022 -0.449695730098866 0 0 0 76 1 
0.512038329429983 6.4109442751624 7.15941868777266 0.616310640725383 0.9162264827048 0.127647591367128 0 0 0 216 1 
2.88267567965885 6.60305499421538 7.36792867856749 -0.432101870795473 -0.0689957696757402 0.297532975274422 0 0 0 256 0 
3.01878725520578 4.66973672369354 7.11320548006695 -0.344708672676478 -0.0638664058697281 -0.952830347687157 0 0 0 248 0 
1.5689934349628 6.2981408690923 5.8132177900168 -0.994692812695169 0.676780066853254 -0.898983246921784 0 0 0 26 0 
1.41570606112842 5.85865431072325 5.45007703260156 0.531977389317571 -0.741641976098211 0.611544387123197 0 0 0 98 0 
0.44853117976836 4.98654794227197 5.77784971927563 -0.311651447710126 -0.885650158286772 0.713680747636587 0 0 0 113 0 
1.2979889523967 6.70493792700506 5.97748237688994 0.292152996338208 -0.907312467153457 0.805960182837688 0 0 0 11 1 
2.11858299337141 5.04858328592281 5.97597405794941 0.278352537951647 0.65758332968637 -0.348001995542353 0 0 0 30 1 
1.877766450274 4.46644758485897 7.12839456793249 0.0290589577133848 0.382034429604536 -0.0285850332359621 0 0 0 50 1 
0.350034103818334 4.43758843800677 7.54002427852625 0.373079546447564 0.225968341385136 0.00307879065586536 0 0 0 117 1 
2.98021298892627 4.85053052798228 5.4117522954526 0.806170229917406 0.642348502152483 -0.852942131119031 0 0 0 80 0 
1.67193945542124 5.49357126583701 7.86795429217842 0.936303035032403 0.845659328141308 -0.125541977524737 0 0 0 230 1 
1.60305769180244 5.20680432282574 7.63780445053525 0.161773668600188 0.97744648637121 -0.681707349958827 0 0 0 141 0 
3.18853042196488 5.25897865801911 4.03523422660533 -0.177805352156547 0.827613742924547 -0.728058905645744 0 0 0 230 0 
2.69524680555875 4.95462808483034 6.17693342709623 -0.677288707264711 0.573432929602334 0.282841032853556 0 0 0 105 0 
3.25290432548738 5.05613657140963 6.61824203254548 -0.480545821116356 0.812010505493049 -0.760135228265733 0 0 0 199 0 
3.24720680597019 6.14836201561198 5.51730481670572 -0.557907168771524 -0.334741383414463 -0.15251501409956 0 0 0 246 1 
3.74804816233278 6.06383571812139 4.63484041112818 -0.134765525974402 -0.495089560144509 -0.989627660682447 0 0 0 94 0 
2.79486881280441 5.89976507388866 6.93572018796949 -0.823471629784276 -0.969248840470103 -0.428021524002347 0 0 0 59 0 
0.116426703914002 7.98161603357939 4.93223599100097 0.355109746454923 0.190893541044568 0.725556614692382 0 0 0 197 1 
1.38891041811734 6.62936891777373 5.07074558917146 0.0683777244705643 0.0868745321364404 0.813134276090112 0 0 0 149 1 
2.48284824159104 6.93119882938105 4.41334347185203 -0.155165519877612 0.725476833029312 0.224103343988618 0 0 0 89 0 
0.80945319484006 5.60618042445851 4.99878315408642 0.716111784218466 0.777398494189117 0.730675627237417 0 0 0 196 1 
3.86261039558342 4.70405568292674 4.85324510830452 0.258662338121801 0.708004283302057 -0.818981145515037 0 0 0 129 0 
1.02106451025815 4.43238867581315 7.18913890307664 -0.421456576133989 0.764029898139473 -0.331604699763336 0 0 0 199 1 
0.467455396090001 4.14651035584742 7.22526042884811 0.535958107391539 0.511270027372878 -0.790364582396299 0 0 0 91 0 
3.78425739932388 7.41734488103727 7.31706653746309 -0.516595584667394 -0.621742701458672 -0.244841035579762 0 0 0 82 1 
3.67136719055431 4.69614292507062 6.09555436552542 -0.525279446880438 -0.292604390379183 -0.877265048805737 0 0 0 222 0 
3.86810510842599 6.04391899892515 7.83025437407217 -0.740914991659539 0.580301461455781 -0.359211201994449 0 0 0 55 0 
3.65274224883457 4.28714897335378 4.35725440538091 -0.372865980858879 0.445165305642599 0.912096492721608 0 0 0 120 1 
2.28386287477801 7.43145870763041 4.31951036569315 -0.247395163478615 -0.312964714797661 0.678423874284088 0 0 0 194 1 
2.16670384985268 6.63271346658076 4.0112745820706 0.897438757680975 -0.528252810263018 0.731636506313123 0 0 0 91 1 
3.3269963867683 7.40112676172576 4.08612762237929 0.6789997220591 0.607778981671213 0.198932894029176 0 0 0 82 0 
0.332444806011666 7.42891192918193 4.68371372101189 -0.320581168768334 0.763762456090918 0.860285670847069 0 0 0 105 1 
2.53804191418502 4.24280973292268 4.19825318321246 -0.381689083524229 -0.865937712852102 0.361404091016343 0 0 0 68 0 
2.40831748458257 4.67941772734933 4.31828074335423 -0.545514039647494 0.0138013636422558 0.678329287950325 0 0 0 195 1 
3.99378623138985 6.6728669898202 4.00916535790868 -0.03893952066232 0.782528229986169 0.42378195060836 0 0 0 93 0 
4.51721848185615 6.20727152538464 7.59709882542361 -0.152521655241834 -0.0994406518934892 -0.300223167275106 0 0 0 207 1 
7.75918792301967 7.56342457022848 7.15087760221041 -0.287754775152333 -0.148967340751655 -0.180701722906892 0 0 0 233 1 
4.37602954410246 7.66405557358721 6.59696934571183 -0.471074650453656 -0.141226494339445 -0.0694638964837057 0 0 0 250 1 
4.28856698127474 5.80455299814227 6.21690934849227 -0.247033309132712 0.177273307549405 -0.406391588577518 0 0 0 80 1 
5.46742659645489 7.31979098134172 7.83013166413126 -0.617890261811162 -0.0138622322044832 0.256163974163943 0 0 0 143 1 
7.24607609056906 7.52326777865832 5.46488458874615 -0.557994146879303 0.463328290666024 -0.925778108557988 0 0 0 22 0 
7.59667540813658 7.31782461951684 7.47706430274499 0.468975031395122 -0.0140134908063967 -0.617148899788847 0 0 0 142 0 
6.87959974746529 5.76121658992604 6.64641830765883 0.0291999805742527 -0.133752570005689 -0.834890899410859 0 0 0 223 0 
5.69596426283929 4.89292644148572 6.90385216150032 -0.523387364396978 -0.200544119885714 -0.73816521834613 0 0 0 144 0 
4.14066650969139 7.73511446625075 5.72364083645043 -0.873794883869893 0.710393420480827 -0.29048916642689 0 0 0 37 1 
7.80936977881582 7.81524009003138 5.31218240460688 -0.59158694009109 -0.821904608459125 0.0624755695851447 0 0 0 9 1 
6.83059702472516 4.92350774481694 4.16816594393999 -0.897646382713449 0.109500595755149 -0.487064158158462 0 0 0 31 1 
5.87052892764559 7.83951009380433 6.57026524444548 -0.0484208517195701 -0.358499223553513 -0.917671904273425 0 0 0 111 0 
4.62245755867059 6.80142378986919 7.88809565486544 0.00941981220543053 0.407801829989938 -0.739377257318043 0 0 0 85 0 
7.33604141337093 5.72783007459373 4.81319773681164 0.372003185643917 0.402140774968749 -0.898984789476028 0 0 0 3 0 
7.89420026363548 7.2474624344434 6.3207710135928 -0.123523056643425 0.672881725726415 0.447751616430216 0 0 0 71 0 
7.12099817456893 5.6888437038743 7.20835708906211 0.663153705736072 -0.600858176625054 -0.0993571469952228 0 0 0 58 1 
7.83989949059738 6.26654423414579 7.23235436566018 0.872299960815183 0.289734171857368 -0.789818894949217 0 0 0 28 0 
4.2356853318682 7.67174264773138 5.59013103007942 0.0565911793744773 0.628595588287029 0.237702386929186 0 0 0 36 0 
5.15562089968726 7.13256757248632 7.26938943062212 0.358124684591328 0.971735967114333 -0.940816197644452 0 0 0 181 0 
7.95219591035539 7.26187835839827 4.63649032911576 -0.50367723766497 0.981682950646021 -0.681808436221865 0 0 0 166 0 
7.1367090771829 7.23101230343433 4.322180197212 -0.643330070985931 0.825462484879564 -0.552139984829846 0 0 0 13 1 
4.62634883983374 6.95249462343793 7.66832934429298 0.0866422184487494 0.880961124879841 -0.448590050439001 0 0 0 164 0 
7.25998932883485 5.45267924021541 4.20074261011749 0.673845332987296 0.457898403093493 -0.792250568452501 0 0 0 18 0 
5.13059378432668 4.50468944247664 7.70165253816256 0.356199521871283 -0.538100812117182 -0.369103650910572 0 0 0 177 0 
7.38864697777271 7.49153734961075 7.02541858167924 0.914511305982516 0.230118257662365 0.501955275513787 0 0 0 193 0 
4.86813641409675 4.92470753167252 6.87524808640854 0.259087416468981 -0.58271480525596 0.56732677587758 0 0 0 14 0 
5.26814897042608 5.22822107870101 6.97826402862776 -0.325527002274917 -0.0978291477922298 0.806020309894443 0 0 0 251 0 
6.79669838023544 6.70199626851017 7.38797007262753 -0.66948473998189 0.938615097577706 -0.316309994413266 0 0 0 133 1 
7.36886981462143 6.44547482882907 5.69751934962525 -0.933163860413736 0.841959602217621 -0.677113896182673 0 0 0 148 0 
5.23589070067281 5.76907895747428 7.10321079888507 -0.328008407640553 0.789929150574944 0.738708522991159 0 0 0 227 0 
6.06810825983385 5.995003403749 5.13492416031812 0.812931404602604 -0.269615122788538 -0.41269814151399 0 0 0 217 1 
5.97543948167488 7.58178184343382 5.77213441521406 0.805803037051914 -0.378324473582013 0.251702647324159 0 0 0 109 0 
6.76757388964477 5.0185960130437 6.02245004473575 -0.902494316181171 0.501430462541823 0.886342311133519 0 0 0 23 1 
6.29136675070115 6.72055111988828 4.70821089470556 0.830105134669319 -0.983034529239363 0.323708530361966 0 0 0 77 0 
4.07110417047318 6.26614487458387 4.91889718173637 -0.648376602271294 0.135857298044913 0.339915167825875 0 0 0 132 0 
4.34962519248486 7.01717336266863 5.49420302721664 -0.780798062116549 -0.498678972102413 0.61493869440128 0 0 0 42 0 
7.43540500317188 5.54022666885188 4.718071997847 0.841185000243991 0.387709743757837 0.324467076757462 0 0 0 4 0 
4.6330996275237 5.30139199932867 7.02896254773229 0.394853817501823 0.677030153794513 -0.882387496328286 0 0 0 45 0 
6.36441603123842 5.80674550645494 5.83738640252944 -0.318121843750891 0.946672731265765 -0.897124122882351 0 0 0 218 0 
7.3110930275034 5.05193126141737 7.26094215672441 -0.783762074807431 0.888610097032105 0.212380165901878 0 0 0 138 1 
7.53330769550511 5.51683279515266 7.27381414925786 0.848715976577317 0.847448676550205 0.444139549942912 0 0 0 152 0 
6.76959212178904 5.10649129382077 4.97660770855117 0.86689170167608 0.892807022601597 -0.655645560880679 0 0 0 233 0 
5.08598372810218 5.44536746666523 5.14759208001546 0.891229517546321 -0.619587117948829 -0.796339070768041 0 0 0 75 0 
6.8071929377833 6.17163735522436 4.86786342512899 -0.976369774016669 -0.486797126521203 0.566758725009922 0 0 0 48 0 
6.10507858919321 6.24246711800244 4.52783232987874 -0.491917031600523 0.749420547538649 0.386756333067595 0 0 0 16 0 
7.08063896778463 4.25448230072407 6.19481656349844 0.275433766752664 0.365729407748005 0.0534474279614185 0 0 0 20 1 
5.36034308033559 4.11373701663261 5.53573820081452 0.143103313871968 0.739518232048662 -0.151097061475806 0 0 0 184 1 
5.5812718605671 4.76996894211039 6.60161198135864 -0.3783637030333 0.943843764777723 -0.530645232203182 0 0 0 238 0 
5.27614483960106 4.00655250379835 6.03147790575115 0.82893421843085 0.654350192599873 0.194729069673166 0 0 0 242 0 
6.47679256095242 4.52784966368978 5.31800749774651 0.844368658534802 0.925219204899214 0.909077499826654 0 0 0 237 1 
4.48075314354017 6.16445155648428 5.95111814758892 0.690827164887705 0.0511116581910986 -0.580683219416236 0 0 0 229 0 
4.75142269211228 7.31634675172399 7.95593149576049 0.942417130162484 0.370488211671076 -0.349543731095347 0 0 0 124 0 
4.30050349771415 7.76521986222124 4.59335662698478 0.369269499824166 -0.67190616444452 -0.915895644078094 0 0 0 1 0 
4.20350199705055 6.42774828100208 7.85829196428715 0.977192461311581 0.379057560077083 -0.664746771977911 0 0 0 72 0 
4.15302364834056 5.63461039076532 7.85589964909199 0.357924896026197 0.0872777223665637 0.719684588391692 0 0 0 145 0 
4.53548764586403 7.72742708742186 6.59400481789412 0.925806741989541 -0.674813300967549 0.853384985991855 0 0 0 68 1 
4.08314957451797 4.41762239119425 7.68504820552427 0.275626890347536 0.301355568553404 0.937311400424944 0 0 0 1 1 
4.1074833011284 4.68736166447721 6.98769487605702 0.739037177009877 0.552873974190554 0.960591913542848 0 0 0 90 1 
6.53064815474047 7.95601422202349 4.03348564104368 -0.382257834250733 -0.426460444459732 0.656421972387975 0 0 0 73 1 
6.14120695318709 5.47791984327382 4.01688627155428 -0.873753311293301 0.382916911021063 0.578222020888791 0 0 0 50 0 
4.47825586270697 4.71052248866187 4.19541691129946 0.152173527900536 0.246963268358606 0.822724377792266 0 0 0 39 1 
