512
1.72815588681642 1.77574914733541 2.27760457001477 -0.0771844113183578 0.0275749147335409 0.277760457001477 0 0 0 7 0 
1.43816878944361 3.71958815218934 0.183587200839338 0.393816878944361 0.121958815218934 -0.0316412799160662 0 0 0 11 0 
0.60439403732386 3.42999886361503 1.50265629563472 0.410439403732386 0.0929998863615029 0.200265629563472 0 0 0 12 0 
1.9569112853594 1.03222963012467 0.954196777927042 0.0456911285359398 -0.246777036987533 -0.254580322207296 0 0 0 62 0 
1.21448181198628 1.94201859147367 2.2250399192366 -0.128551818801372 0.644201859147367 0.47250399192366 0 0 0 163 0 
1.9349689736429 1.17750208689399 3.70096512314274 0.54349689736429 0.567750208689399 0.720096512314274 0 0 0 180 0 
3.27290919078573 1.13943667680596 0.418266587947866 0.877290919078573 -0.336056332319404 0.191826658794787 0 0 0 210 0 
0.574295229216207 2.61014808786066 2.19345890086888 0.507429522921621 0.311014808786066 0.769345890086888 0 0 0 81 1 
1.12807915428374 2.27590208866415 1.36133073760049 0.162807915428374 -0.222409791133585 -0.113866926239951 0 0 0 161 0 
3.67802550787048 3.22050694627297 1.91529505871981 0.117802550787048 0.972050694627297 -0.258470494128019 0 0 0 139 1 
3.36312618107015 1.39533716134251 1.94926256876334 0.786312618107015 0.489533716134251 0.744926256876334 0 0 0 93 1 
0.514084837926061 0.104831076537539 0.0539223728313039 0.301408483792606 0.460483107653754 -0.54460776271687 0 0 0 147 1 
3.94368658534802 1.75219204899214 2.59077499826654 0.844368658534802 0.925219204899214 0.909077499826654 0 0 0 237 1 
2.21362514601869 2.80468027902254 1.03469234916641 -0.128637485398131 0.630468027902254 -0.44653076508336 0 0 0 32 1 
3.64629403867955 1.35721454336813 0.323433418929848 0.214629403867955 0.185721454336813 0.682343341892985 0 0 0 34 1 
0.756080096045376 2.35945409135535 2.56873469922865 0.825608009604538 0.185945409135535 0.806873469922865 0 0 0 84 1 
0.295751421310789 0.377053726104795 2.68817363390179 -0.720424857868921 0.687705372610479 0.818817363390179 0 0 0 220 1 
0.103078224289213 1.06836730711453 2.29952590487969 0.260307822428921 -0.543163269288547 0.779952590487969 0 0 0 155 1 
0.525684057646819 3.09033210319265 0.536463142903249 0.202568405764682 0.159033210319265 0.803646314290325 0 0 0 54 1 
2.18510494843029 1.30311436990952 1.02668889702308 -0.231489505156971 -0.119688563009048 0.952668889702308 0 0 0 121 1 
0.00724698185517947 3.75552030181829 1.7774108905206 0.850724698185518 0.12555203018183 -0.0722589109479397 0 0 0 108 0 
1.12602564647008 0.812958617573827 2.96060047377106 -0.137397435352992 -0.668704138242617 0.246060047377106 0 0 0 143 0 
2.04863475699556 0.20977546034343 2.0089660750063 -0.145136524300444 0.870977546034343 0.85089660750063 0 0 0 176 1 
1.54248591642266 2.1992129299628 0.193236046754858 -0.695751408357734 -0.130078707003719 0.369323604675486 0 0 0 128 0 
1.33888215781534 3.27398494189117 2.80675627237417 -0.716111784218466 0.777398494189117 0.730675627237417 0 0 0 196 1 
0.148926739792347 1.45880498721571 3.28776598164424 0.564892673979235 -0.804119501278428 0.0787765981644244 0 0 0 234 0 
1.46312123748045 2.50599365109781 1.73895059764099 -0.703687876251955 -0.399400634890219 -0.476104940235901 0 0 0 236 1 
3.70386094362794 0.378648883510208 2.08987468087724 0.620386094362794 -0.412135111648979 -0.541012531912276 0 0 0 179 1 
2.54917689999866 3.169986410136 3.35536181184421 -0.595082310000135 0.9669986410136 0.185536181184421 0 0 0 220 0 
1.5364478359862 0.808039763107349 1.66136202212565 -0.89635521640138 -0.969196023689265 0.716136202212565 0 0 0 214 1 
3.68887953933866 0.624838928718262 1.71089751425298 0.118887953933866 0.912483892871826 -0.878910248574702 0 0 0 159 1 
3.24906074804695 1.0570350520813 2.55239204612892 -0.625093925195304 0.65570350520813 0.105239204612892 0 0 0 215 0 
2.78423982001046 0.311516663159733 0.318713134640846 -0.871576017998955 -0.918848333684027 -0.0181286865359154 0 0 0 201 0 
3.98606987781292 2.59944996965407 2.38400031831314 0.848606987781292 -0.890055003034593 0.788400031831314 0 0 0 209 1 
2.7665271276095 2.38172067663141 0.463903806425612 0.22665271276095 -0.811827932336859 0.896390380642561 0 0 0 181 1 
0.957736740412154 2.20783604329872 3.29434207413155 -0.454226325958785 0.570783604329872 -0.620565792586845 0 0 0 110 1 
3.45239738915124 3.05992363508597 2.7151614099477 -0.304760261084876 0.655992363508597 -0.67848385900523 0 0 0 111 1 
3.39935670706302 1.99458277217279 2.90298180031765 -0.910064329293698 0.0494582772172791 0.0402981800317657 0 0 0 40 0 
3.93027815545506 0.492540788772973 3.97028463338994 -0.656972184454494 -0.700745921122703 0.847028463338994 0 0 0 206 1 
3.56204137249753 1.77444943979674 2.42616651027146 -0.593795862750247 -0.972555056020326 0.292616651027146 0 0 0 195 0 
3.96641188819759 0.299197887534898 1.94565738317028 -0.0533588111802408 0.97991978875349 -0.955434261682972 0 0 0 201 1 
0.876443827378298 3.68477323839543 3.90333631956372 0.23764438273783 -0.681522676160456 0.540333631956372 0 0 0 150 0 
0.904266930666836 2.49369417333474 3.55796106915684 0.940426693066684 0.899369417333474 -0.494203893084315 0 0 0 252 1 
0.0538138579611249 1.87420999584192 3.61114939405732 0.955381385796113 0.737420999584192 -0.388885060594268 0 0 0 247 1 
1.33534363100398 1.82592863980185 3.86541115047513 -0.0164656368996022 -0.667407136019815 -0.663458884952487 0 0 0 158 1 
1.94213771552288 1.74252747982328 3.82692842248959 -0.455786228447712 -0.575747252017672 -0.267307157751042 0 0 0 239 1 
0.993841631283775 2.53339634580659 3.64757139792829 0.749384163128378 -0.596660365419341 -0.985242860207171 0 0 0 239 0 
3.92993287795119 0.984008553058845 3.25304694879357 -0.0570067122048807 -0.251599144694115 -0.824695305120643 0 0 0 77 1 
2.21100488720873 3.92210135332164 3.64916229046418 0.671100488720873 -0.357789864667836 -0.685083770953582 0 0 0 221 1 
1.70775299554336 3.33587558587236 3.59175794297596 -0.279224700445664 -0.716412441412764 -0.690824205702404 0 0 0 213 1 
2.50511138846054 3.90281637858519 3.66511252978741 0.900511138846054 -0.159718362141481 -0.983488747021259 0 0 0 231 0 
7.02004702955773 0.514170769915801 0.0755417936105118 -0.247995297044227 -0.0985829230084199 0.257554179361051 0 0 0 103 0 
4.77524657582301 0.753791984919415 0.776754062467625 -0.0724753424176992 -0.0746208015080584 -0.272324593753237 0 0 0 118 0 
7.58082968399478 3.99420547538649 3.36756333067595 -0.491917031600523 0.749420547538649 0.386756333067595 0 0 0 16 0 
4.87311761899292 1.56638397508391 0.86054092868299 -0.862688238100708 0.306638397508391 -0.363945907131701 0 0 0 7 1 
7.1425766969474 0.39343835176456 0.289211797434239 -0.33574233030526 -0.110656164823544 -0.421078820256576 0 0 0 70 1 
5.61363619868866 2.67266316566753 3.06844643791621 0.211363619868866 0.217266316566753 0.456844643791621 0 0 0 20 0 
7.97269883890865 0.584620468081484 2.22260548312966 0.547269883890865 -0.291537953191851 0.672260548312966 0 0 0 15 1 
4.69048445831983 1.2185669330268 0.0472292700626785 -0.980951554168017 -0.32814330669732 0.154722927006268 0 0 0 146 0 
4.81718112831757 0.685522091908169 2.46075194811244 -0.868281887168243 0.618552209190817 0.0960751948112444 0 0 0 151 0 
5.64212379778088 2.33192148093121 2.85561498462253 -0.885787620221911 0.0831921480931206 0.935561498462253 0 0 0 38 1 
7.14248351273936 2.20455001372469 1.32309109422805 -0.0357516487260645 -0.129544998627531 -0.417690890577195 0 0 0 96 1 
4.77134019141121 2.95165305642599 1.62096492721608 -0.372865980858879 0.445165305642599 0.912096492721608 0 0 0 120 1 
7.43847454045352 0.330135450048605 0.717512068434112 -0.806152545954648 -0.31698645499514 -0.0782487931565888 0 0 0 29 0 
7.61842918626246 1.13387470175516 1.24792133283226 0.611842918626247 0.463387470175516 0.574792133283226 0 0 0 14 1 
7.09953124824407 0.355002977022042 2.25470443225669 -0.940046875175593 0.185500297702204 0.775470443225669 0 0 0 21 1 
7.29186340862553 1.7757878879135 1.29705733188117 -0.820813659137447 0.92757878879135 -0.0202942668118828 0 0 0 157 0 
7.00358134615165 0.431578598604571 0.386553429014072 -0.949641865384835 -0.706842140139543 0.288655342901407 0 0 0 173 0 
6.61096634638662 0.882660771611209 1.27374627775312 -0.888903365361338 -0.261733922838879 -0.522625372224689 0 0 0 45 1 
4.64988190360038 1.75788226160974 2.12958336267489 -0.285011809639962 0.925788226160974 -0.337041663732511 0 0 0 224 1 
7.37028293204346 0.841446305854477 3.3725960846284 0.187028293204346 -0.565855369414552 -0.11274039153716 0 0 0 202 1 
6.37532287883195 2.16845332448178 1.36664519373068 -0.212467712116804 -0.333154667551822 0.986664519373068 0 0 0 248 1 
5.24156613137822 2.42232158020574 2.24206335108414 0.274156613137822 0.592232158020574 0.274206335108414 0 0 0 15 0 
7.21874199913721 1.39782507867654 1.03366794534877 0.671874199913721 -0.110217492132346 -0.246633205465123 0 0 0 57 0 
6.17971032050754 0.826172254052957 2.34976237433777 0.467971032050754 -0.167382774594704 -0.215023762566223 0 0 0 10 1 
4.29894684900892 0.660760837871489 2.38794135966643 -0.120105315099108 -0.783923916212851 0.588794135966643 0 0 0 254 0 
5.82170895184246 0.0961448492995749 2.27371638845253 0.0321708951842454 0.959614484929957 0.777371638845253 0 0 0 218 1 
7.121182534719 0.349446446868164 3.32284608314952 -0.2378817465281 0.984944644686816 0.882284608314952 0 0 0 219 1 
6.75274904651577 0.116237616956432 3.23744857933382 -0.874725095348423 -0.838376238304357 -0.0262551420666183 0 0 0 189 0 
5.25719127842141 2.68902755148528 0.0378315268938869 0.275719127842141 0.318902755148528 -0.846216847310612 0 0 0 51 1 
7.03510284851875 1.41633046494156 0.0704769727999526 -0.646489715148125 0.391633046494156 0.857047697279995 0 0 0 59 1 
6.26418298747735 1.55293088612065 1.01488298371459 -0.323581701252265 -0.494706911387935 -0.648511701628541 0 0 0 251 1 
6.25758765295656 2.41368430412563 0.458294643346319 0.575758765295656 0.0913684304125628 -0.404170535665368 0 0 0 5 1 
7.13341510374222 1.71337072360922 2.23673599160166 0.863341510374222 -0.578662927639078 0.873673599160166 0 0 0 174 1 
5.54648409188433 1.75992434918799 3.37869841294172 0.204648409188433 -0.574007565081202 0.487869841294172 0 0 0 160 0 
5.02596937327346 0.743613508655103 2.34490740640588 0.152596937327346 -0.87563864913449 0.0844907406405877 0 0 0 156 0 
4.69320264263938 0.778147441672003 1.47083851958721 0.219320264263938 0.3278147441672 -0.802916148041278 0 0 0 43 1 
7.71704771535557 1.71817124441894 1.10451658166569 -0.0782952284644429 0.321817124441894 -0.939548341833431 0 0 0 88 1 
6.32203491176609 2.34239129977053 2.87059371905453 -0.517796508823392 0.184239129977053 -0.362940628094547 0 0 0 97 1 
6.21738452385261 1.25706882417241 0.923286995794895 -0.42826154761474 0.275706882417241 -0.857671300420511 0 0 0 102 1 
7.99286641194047 3.82348963621464 1.08182439022978 0.749286641194047 0.732348963621464 -0.741817560977022 0 0 0 61 1 
6.52494316181171 3.51430462541823 3.36342311133519 0.902494316181171 0.501430462541823 0.886342311133519 0 0 0 23 1 
5.09061758570861 0.644043779751514 1.00681827682869 0.459061758570861 0.714404377975151 0.0506818276828687 0 0 0 137 0 
6.1485665722559 2.98110448431653 1.97669998962228 0.86485665722559 -0.351889551568347 -0.452330001037772 0 0 0 171 1 
6.73858994775217 1.81608781516608 1.62135343653643 -0.0761410052247832 0.431608781516608 -0.887864656346357 0 0 0 92 1 
7.54121543652202 2.93066618951807 2.59762198368802 -0.395878456347798 -0.156933381048193 -0.490237801631198 0 0 0 241 1 
7.88187779265272 1.59442369712617 1.66997484515917 0.738187779265272 0.109442369712617 -0.783002515484083 0 0 0 33 1 
4.96571041681335 1.14781422358983 3.05558793500024 -0.253428958318665 0.964781422358983 -0.344441206499976 0 0 0 240 1 
5.1408986437735 3.84852551439527 2.23894730323968 -0.73591013562265 -0.0651474485604725 -0.626105269676032 0 0 0 180 1 
5.00481725891564 0.734893297150864 2.81602880808938 0.850481725891564 0.623489329715086 0.631602880808938 0 0 0 184 0 
4.97427641374182 0.388061107033578 1.60964389525941 0.647427641374182 -0.511193889296642 0.810964389525941 0 0 0 166 1 
4.5349282148623 0.710236993374369 0.441908754750067 0.30349282148623 0.921023699337437 -0.705809124524993 0 0 0 190 1 
4.08872724919828 3.17093068347121 0.269066246129765 -0.741127275080172 -0.43290693165288 -0.0230933753870235 0 0 0 205 0 
4.28525403802879 2.66439222115095 1.83644370276847 0.0785254038028789 -0.983560777884905 0.833644370276847 0 0 0 48 1 
5.00718440638097 1.55013368698264 3.0566457749618 0.850718440638097 0.705013368698264 -0.64433542250382 0 0 0 168 1 
7.20242890832829 1.70916797793915 3.34128972588807 -0.229757109167171 -0.0790832022060853 -0.415871027411194 0 0 0 123 1 
6.41333694210875 1.93016432058489 3.24405552246468 -0.508666305789126 -0.156983567941511 -0.525594447753532 0 0 0 125 1 
5.20930750262514 1.02479382051217 2.71154075625918 0.170930750262514 -0.0475206179487826 -0.778845924374082 0 0 0 24 1 
4.57432307225051 1.71756005685005 2.67966896387754 -0.492567692774949 0.721756005685005 -0.782033103612246 0 0 0 215 1 
4.90977304031406 0.601652063058999 3.08102360162011 -0.759022695968594 -0.5898347936941 -0.541897639837989 0 0 0 188 1 
4.02173527900536 3.96963268358606 1.72724377792266 0.152173527900536 0.246963268358606 0.822724377792266 0 0 0 39 1 
4.58181900867904 1.31033257294918 1.44856881061398 0.908181900867904 -0.218966742705082 0.794856881061398 0 0 0 109 1 
4.64595721809973 0.271095213889588 0.389148437075552 0.814595721809974 -0.322890478611041 0.788914843707555 0 0 0 64 1 
4.79416878618855 1.25997893036473 1.1591708710522 0.929416878618855 -0.724002106963527 0.56591708710522 0 0 0 205 1 
4.10413750964233 0.261641505616377 3.16361849493908 0.360413750964233 0.776164150561638 -0.833638150506091 0 0 0 141 1 
5.75120324030026 3.29437348538683 1.97622425984382 -0.874879675969974 -0.920562651461317 -0.0523775740156186 0 0 0 46 0 
4.84103986189527 3.54235372357104 3.40964715163329 -0.465896013810472 -0.995764627642896 0.990964715163329 0 0 0 107 1 
7.79029497564644 3.71205243190561 2.10566859529662 0.729029497564644 -0.378794756809439 0.960566859529662 0 0 0 189 1 
7.41863340348953 3.9279807779779 0.108912027776611 -0.208136659651047 -0.75720192220221 0.860891202777661 0 0 0 243 1 
7.05440815497037 3.52893123506918 3.37798375862157 -0.644559184502963 -0.897106876493082 -0.612201624137843 0 0 0 47 1 
5.11188968753081 0.208987021195369 3.65226656368798 0.161188968753081 0.670898702119537 -0.984773343631202 0 0 0 172 0 
4.74050040388719 3.83574452225191 3.80234520994957 -0.875949959611281 -0.0664255477748089 -0.869765479005043 0 0 0 179 0 
4.77472318779829 3.94814103478454 3.76117362574566 0.327472318779829 -0.955185896521546 -0.673882637425435 0 0 0 26 1 
1.52856310416912 6.38094103167566 2.40463346165353 0.202856310416912 -0.311905896832434 -0.00953665383464652 0 0 0 169 0 
3.63545246745959 5.53717999044261 1.44724748665265 0.61354524674596 -0.696282000955739 0.294724748665265 0 0 0 31 0 
0.193058953676068 5.80693271461505 0.849893616971636 -0.430694104632393 -0.369306728538495 -0.265010638302836 0 0 0 249 0 
0.948902535450767 7.40893541044568 2.75556614692382 -0.355109746454923 0.190893541044568 0.725556614692382 0 0 0 197 1 
1.18377724470564 6.36874532136441 2.63134276090112 0.0683777244705643 0.0868745321364404 0.813134276090112 0 0 0 149 1 
1.13714275788366 4.02239452060177 3.1797962256775 0.463714275788366 -0.347760547939823 0.86797962256775 0 0 0 160 1 
1.7769314883298 4.08663898327856 0.954155563659959 0.72769314883298 -0.341336101672144 0.645415556365996 0 0 0 222 1 
1.94469111797126 6.17884729888185 0.108495389786545 0.244469111797126 -0.932115270111815 0.360849538978654 0 0 0 49 0 
1.62354644373921 6.93893980073664 0.506359522875275 0.712354644373921 0.443893980073664 0.400635952287528 0 0 0 122 0 
0.881702963819314 6.6031532281407 0.458084949215872 0.438170296381932 0.41031532281407 0.595808494921587 0 0 0 28 1 
2.38559658470678 7.33808424914442 2.19780739507028 0.888559658470678 0.483808424914442 -0.230219260492972 0 0 0 75 1 
3.93338338973746 4.26557173306379 1.56639753598881 0.543338338973746 -0.123442826693621 -0.393360246401119 0 0 0 150 1 
1.37445016688295 4.71061039977414 0.139479687378489 0.287445016688295 -0.878938960022586 -0.636052031262151 0 0 0 42 1 
2.41706238859767 6.59794794125949 3.35590454152936 0.291706238859767 -0.990205205874051 0.085590454152936 0 0 0 33 0 
1.08443007571181 7.69420725298707 3.14119132777643 -0.341556992428819 0.619420725298707 0.264119132777643 0 0 0 69 0 
0.180226106824295 7.91641976098211 3.61544387123197 -0.531977389317571 0.741641976098211 0.611544387123197 0 0 0 98 0 
0.802699072854785 6.2107633503632 0.866476067439147 0.830269907285479 -0.82892366496368 -0.363352393256085 0 0 0 72 1 
1.32759708277539 5.7753213069216 0.387344490063309 -0.417240291722461 -0.77246786930784 -0.611265550993669 0 0 0 106 1 
1.38348552289874 7.64349841713229 3.63680747636587 -0.311651447710126 -0.885650158286772 0.713680747636587 0 0 0 113 0 
0.288391782559211 6.88054409001099 1.11318686597637 0.978839178255921 -0.0619455909989007 -0.238681313402363 0 0 0 255 0 
3.79060828052375 6.22095468827879 0.288970377657292 0.429060828052375 -0.527904531172121 -0.821102962234271 0 0 0 177 1 
2.45689402322766 6.29163963432531 0.645491988304027 -0.104310597677234 -0.22083603656747 -0.785450801169597 0 0 0 192 1 
2.16828730125033 7.50074076432763 0.759221888134321 0.166828730125033 0.700074076432763 -0.774077811186568 0 0 0 49 1 
1.66120683476644 7.4166514295456 3.0740970740393 -0.183879316523356 0.89166514295456 0.25740970740393 0 0 0 8 0 
1.5287293705337 5.79696757650747 3.24691284931117 0.10287293705337 0.529696757650747 0.174691284931117 0 0 0 17 0 
3.74945550520661 6.75131482496426 2.06853507173814 0.824945550520661 0.725131482496426 0.156853507173814 0 0 0 65 0 
3.56823064844295 5.95733969988994 2.81083686014684 0.906823064844295 0.645733969988994 0.231083686014684 0 0 0 66 0 
1.05114932163022 5.36654990008074 0.156050575800099 0.755114932163022 0.386654990008074 0.76560505758001 0 0 0 119 1 
0.148641243003558 6.18129792240187 2.42611889368014 -0.935135875699644 0.568129792240187 0.192611889368014 0 0 0 67 0 
2.75599444548896 5.4797150368394 1.46968304685869 -0.374400555451104 -0.10202849631606 -0.103031695314131 0 0 0 235 0 
3.02604836521385 7.62964714797661 2.28423874284088 -0.247395163478615 0.312964714797661 0.678423874284088 0 0 0 194 1 
2.13269343818291 6.13626162781916 3.01476876900317 -0.53673065618171 -0.736373837218083 0.251476876900317 0 0 0 76 0 
0.52561242319025 7.78252810263019 1.81636506313123 -0.897438757680975 0.528252810263018 0.731636506313123 0 0 0 91 1 
1.61027599103895 7.79658553300478 1.01912836080382 -0.788972400896105 -0.370341446699522 0.751912836080382 0 0 0 227 1 
1.3295930123805 6.13666023542926 0.950174637690253 -0.81704069876195 -0.636333976457074 -0.654982536230975 0 0 0 127 1 
2.00031704658493 4.67535962903072 3.16873427117452 -0.0499682953415065 -0.582464037096928 -0.233126572882548 0 0 0 151 1 
0.377242467033088 5.44614700569396 0.152726185809424 0.287724246703309 0.694614700569396 -0.234727381419058 0 0 0 39 0 
3.80105134669319 6.33034529239363 3.73708530361966 0.830105134669319 0.983034529239363 0.323708530361966 0 0 0 77 0 
0.421529963382077 6.57312467153457 3.55960182837688 0.292152996338208 0.907312467153457 0.805960182837688 0 0 0 11 1 
1.289997220591 5.57778981671213 3.48932894029176 0.6789997220591 0.607778981671213 0.198932894029176 0 0 0 82 0 
2.3592829758433 5.56786190961028 0.10096569544417 -0.61407170241567 0.106786190961028 -0.539903430455583 0 0 0 212 1 
1.64116611884278 6.77750887243572 2.84267026094882 -0.885883388115722 -0.972249112756428 -0.165732973905118 0 0 0 66 1 
2.53117724109972 7.92328679583489 0.648169624098382 -0.596882275890029 0.242328679583489 -0.585183037590162 0 0 0 232 1 
2.12473342025639 6.19609190632777 3.09305190286093 0.0624733420256394 -0.0303908093672229 -0.340694809713907 0 0 0 170 1 
3.3969998214494 6.55503670642734 3.07047497103943 0.18969998214494 0.305503670642734 -0.342952502896057 0 0 0 46 1 
0.0158662491456639 5.14345891185468 2.58090929299116 0.151586624914566 0.664345891185468 -0.0919090707008845 0 0 0 54 0 
1.67543955561784 4.65863225253914 0.26877152762793 0.517543955561784 0.615863225253914 0.376877152762793 0 0 0 56 0 
1.29418831231667 5.13762456090918 2.10285670847069 -0.320581168768334 0.763762456090918 0.860285670847069 0 0 0 105 1 
2.94834480122388 4.75476833029312 3.74103343988618 -0.155165519877612 0.725476833029312 0.224103343988618 0 0 0 89 0 
3.57904955499282 4.23227700266338 1.62914865582024 -0.192095044500718 0.173227700266338 -0.587085134417976 0 0 0 122 1 
1.91621905660087 5.45256123264103 2.47727320934382 -0.158378094339912 -0.00474387673589671 -0.802272679065619 0 0 0 152 1 
0.933112473859278 6.28515288971184 2.98096128578706 0.443311247385928 -0.821484711028816 -0.851903871421295 0 0 0 8 1 
0.792649426001526 5.73796431368565 3.00463278291899 0.829264942600152 0.423796431368565 -0.649536721708101 0 0 0 104 1 
2.05652521799944 7.26833825100756 3.48030704974181 -0.644347478200056 0.476833825100756 -0.301969295025819 0 0 0 108 1 
2.15409586519023 4.13986030407621 1.18028314035188 0.265409586519023 0.663986030407621 -0.0319716859648126 0 0 0 25 0 
1.0448490120535 4.13394576268589 2.66231358472606 -0.34551509879465 0.163394576268589 0.216231358472606 0 0 0 73 0 
3.00909959419503 4.16114300499379 1.70130440345434 -0.949090040580497 0.166114300499379 0.620130440345435 0 0 0 12 1 
3.67728932958771 4.04424929455622 1.66139839267098 -0.182271067041229 0.354424929455622 -0.483860160732901 0 0 0 98 1 
0.305474610194941 4.09734938703783 3.32812165307499 -0.919452538980506 0.459734938703783 -0.617187834692501 0 0 0 99 1 
3.59920971498327 6.94188154413579 0.0682728864053274 -0.990079028501673 0.0441881544135785 -0.143172711359467 0 0 0 155 0 
3.68310916475771 6.84062287147898 3.11404091016343 -0.381689083524229 -0.865937712852102 0.361404091016343 0 0 0 68 0 
3.65226574497551 6.55560275554492 0.545844176857577 -0.484773425502449 -0.594439724445508 0.904584417685758 0 0 0 128 1 
3.97963010279496 6.74560813746988 0.619960967954201 -0.0520369897205044 0.624560813746988 -0.18800390320458 0 0 0 97 0 
3.92838626976188 7.04972016764784 0.455970308618221 -0.857161373023812 -0.445027983235216 -0.904402969138178 0 0 0 164 1 
2.30302738210817 4.19593344495355 3.45971080492491 0.180302738210817 0.669593344495355 -0.704028919507509 0 0 0 25 1 
1.86454402019118 5.21423200122777 3.77886125486553 0.136454402019118 0.271423200122777 -0.372113874513447 0 0 0 57 1 
2.84703423632943 4.49894107988469 3.97473721853933 -0.265296576367058 -0.600105892011531 -0.752526278146067 0 0 0 198 1 
3.6443760889965 6.90657534605706 3.64483251036143 -0.18556239110035 0.440657534605706 -0.785516748963857 0 0 0 74 1 
2.21890575989483 5.4199522979888 3.70563109514698 -0.928109424010517 0.39199522979888 -0.579436890485302 0 0 0 101 1 
7.79419169100086 7.18982763068182 0.677476297568076 -0.0705808308999134 -0.431017236931818 -0.282252370243192 0 0 0 244 0 
6.01623397728706 5.85857298044913 3.89915167825875 -0.648376602271294 0.135857298044913 0.339915167825875 0 0 0 132 0 
4.40932559984844 4.03005478474723 0.277411783638156 -0.809067440015156 -0.646994521525277 -0.0222588216361844 0 0 0 136 0 
4.04485960352505 4.63801363642256 2.28329287950325 -0.545514039647494 0.0138013636422558 0.678329287950325 0 0 0 195 1 
4.728427359053 7.88747271182816 2.89447464943258 -0.5771572640947 0.438747271182816 0.0394474649432583 0 0 0 110 0 
5.74169363597652 4.3612676882126 3.40324969315998 -0.0758306364023476 -0.91387323117874 -0.00967503068400177 0 0 0 123 0 
5.30226971922115 7.68745500520711 0.321944914725435 -0.819773028077885 -0.581254499479289 0.182194491472544 0 0 0 27 0 
4.86625978683826 5.83424573259172 3.14530089774484 -0.463374021316174 -0.866575426740828 0.964530089774484 0 0 0 103 1 
6.69201937883451 7.48678972102413 3.6493869440128 -0.780798062116549 0.498678972102413 0.61493869440128 0 0 0 42 0 
7.00935014321005 6.26317158862982 3.91457441774733 0.150935014321005 -0.823682841137018 0.341457441774733 0 0 0 70 0 
7.67742165749267 6.76460444459732 2.06421972387975 -0.382257834250733 0.426460444459732 0.656421972387975 0 0 0 73 1 
4.35080263735599 7.69600801481186 1.57603629824225 -0.114919736264401 0.0196008014811857 0.807603629824225 0 0 0 238 1 
7.55286421331164 4.79761777712068 0.790802840276241 0.305286421331164 -0.970238222287932 -0.470919715972376 0 0 0 85 1 
7.02764686713699 5.37618790577316 0.860968211044531 -0.847235313286301 -0.412381209422684 -0.463903178895547 0 0 0 153 1 
7.77454385765918 4.70443053859809 1.05865310490699 -0.772545614234082 -0.679556946140191 0.755865310490699 0 0 0 161 1 
7.2786915313903 5.03438447763044 0.483110643204793 -0.22213084686097 -0.246561552236957 0.798311064320479 0 0 0 255 1 
7.03779813761581 4.40332071506927 3.1181792731938 -0.146220186238419 0.0903320715069265 0.16181792731938 0 0 0 96 0 
6.52416035540689 7.60619193749257 0.854081646827172 -0.497583964459311 -0.889380806250743 -0.364591835317283 0 0 0 65 1 
7.80421371586562 7.87133981870026 0.49526037771167 -0.369578628413438 -0.962866018129974 0.499526037771167 0 0 0 69 1 
5.14938198831593 7.09537817787334 1.0816237074176 0.264938198831593 -0.340462182212666 0.0581623707417604 0 0 0 135 0 
7.68451921956983 6.68904571721629 0.656828287940822 -0.981548078043017 -0.081095428278371 0.315682828794082 0 0 0 174 0 
7.33208271920732 6.98848109353602 1.09936890349872 0.483208271920732 0.0488481093536022 -0.640063109650128 0 0 0 187 1 
7.78997075513615 5.73043719908763 1.83429283022038 -0.871002924486385 0.523043719908763 -0.366570716977962 0 0 0 17 1 
7.31822891681907 7.01745710914418 2.48611230818683 0.881822891681907 -0.548254289085582 0.0986112308186828 0 0 0 30 0 
6.55737414943474 5.19507963938562 0.291228160879498 0.705737414943474 -0.530492036061438 -0.62087718391205 0 0 0 165 1 
4.07815770177983 4.53182072219074 1.60226676785889 -0.742184229822017 -0.696817927780926 -0.789773323214111 0 0 0 225 1 
5.09589103102154 6.83114058225794 1.8056859396819 0.0595891031021543 -0.266885941774206 -0.56943140603181 0 0 0 249 1 
4.35561711830938 7.4399331672237 1.47322764224571 0.0855617118309377 -0.70600668327763 -0.802677235775428 0 0 0 40 1 
4.18864933317624 4.63073347708454 0.944980353553611 -0.431135066682377 0.213073347708453 -0.655501964644639 0 0 0 124 1 
5.82235341858391 6.66213003777546 0.609732478449858 0.532235341858391 0.916213003777546 -0.889026752155014 0 0 0 41 1 
5.34625964278516 6.28596619714825 2.85486451217114 0.584625964278516 -0.0214033802851747 0.135486451217114 0 0 0 153 0 
6.26323245529618 4.27400957746059 3.29372271547328 0.776323245529618 -0.722599042253941 0.579372271547328 0 0 0 162 0 
6.26369774016669 7.63202873478797 3.16758725009922 0.976369774016669 -0.486797126521203 0.566758725009922 0 0 0 48 0 
5.12700687979625 6.88154386191426 0.145594587685938 0.562700687979625 0.338154386191426 0.364559458768594 0 0 0 61 0 
6.03130846143523 7.07033110409384 1.85500372546009 0.853130846143523 -0.842966889590616 0.035500372546009 0 0 0 19 0 
7.52133621985105 6.55794285365196 2.78456044752053 0.902133621985105 0.205794285365195 -0.471543955247947 0 0 0 178 1 
4.89493940653452 4.54147385209589 1.39991061866306 0.839493940653452 0.304147385209589 -0.710008938133694 0 0 0 56 1 
7.77889241859227 5.31810629884102 3.82934026698149 0.127889241859227 0.681810629884102 0.0329340266981486 0 0 0 119 0 
4.10780460874196 4.36652529872278 2.69393267578273 -0.839219539125804 -0.113347470127722 -0.880606732421727 0 0 0 136 1 
4.573222636825 6.39419378583272 3.12433543724204 -0.9926777363175 0.589419378583272 -0.737566456275796 0 0 0 18 1 
5.83657717721357 6.27566075212244 3.30445088475514 0.533657717721357 -0.322433924787755 -0.519554911524486 0 0 0 185 1 
4.1106047933768 4.32528229986169 2.7378195060836 -0.03893952066232 0.782528229986169 0.42378195060836 0 0 0 93 0 
4.60785337361825 4.07859819836376 0.23627266280185 -0.789214662638175 0.357859819836376 0.473627266280185 0 0 0 4 1 
7.33840297809614 4.34399260963717 1.45248803408903 0.583840297809613 0.884399260963717 0.595248803408903 0 0 0 130 1 
7.23753311293301 4.32916911021063 2.28222020888791 0.873753311293301 0.382916911021063 0.578222020888791 0 0 0 50 0 
4.91185000243991 4.37709743757837 3.74467076757462 0.841185000243991 0.387709743757837 0.324467076757462 0 0 0 4 0 
4.06497048810765 4.1063650482433 1.10200748113186 0.156497048810765 -0.13936349517567 0.360200748113186 0 0 0 167 0 
4.49673603604993 6.30978044482734 2.11805382221655 0.699673603604993 -0.419021955517266 0.561805382221655 0 0 0 183 0 
4.45447502867509 5.05685874973815 0.665775495420797 0.695447502867509 0.0556858749738145 -0.58342245045792 0 0 0 163 1 
5.46140087860839 4.55149477063324 3.31133101222853 0.596140087860839 0.905149477063324 -0.818866898777147 0 0 0 129 1 
7.71879406794323 6.58111180915579 3.50309084251053 0.421879406794323 -0.691888819084421 -0.499690915748947 0 0 0 60 1 
5.86465505825294 4.95217237809349 3.62146651995032 0.336465505825294 0.245217237809349 -0.687853348004968 0 0 0 27 1 
0.205565058466046 1.03184077004083 5.47532628611803 -0.229443494153395 0.0531840770040832 -0.00246737138819697 0 0 0 19 1 
1.28352537951647 3.0758332968637 7.01998004457647 0.278352537951647 0.65758332968637 -0.348001995542353 0 0 0 30 1 
0.157494288024841 3.15202638056599 4.73452553693215 0.265749428802484 0.365202638056599 -0.476547446306785 0 0 0 35 1 
1.79058957713385 3.32034429604536 7.21414966764038 0.0290589577133848 0.382034429604536 -0.0285850332359621 0 0 0 50 1 
1.86461943965048 3.59224196450619 5.26734482795753 0.436461943965048 0.509224196450619 -0.223265517204247 0 0 0 55 1 
1.46426780748005 1.80366505704679 7.25657527094508 0.596426780748005 0.230366505704679 -0.124342472905492 0 0 0 113 1 
3.8131725533794 1.61292821484675 4.90673504365898 0.93131725533794 0.311292821484675 -0.059326495634102 0 0 0 86 1 
0.769204535524358 3.75968341385136 7.53078790655866 -0.373079546447564 0.225968341385136 0.00307879065586536 0 0 0 117 1 
2.48290528271215 0.113209230561749 7.72344622670864 0.598290528271215 -0.438679076943825 -0.277655377329136 0 0 0 148 1 
3.8049043605303 2.26428473997981 6.596719432182 0.830490436053031 0.376428473997981 0.3096719432182 0 0 0 117 0 
2.4913346362324 2.19306172764052 7.87996032288834 0.69913346362324 -0.0306938272359479 -0.462003967711166 0 0 0 121 0 
3.70964250907847 3.12032644101526 5.95610562043719 0.0209642509078471 0.862032644101526 -0.754389437956281 0 0 0 168 0 
1.98186498436396 0.577953194344532 5.57487336435941 0.848186498436396 0.207795319434453 0.107487336435941 0 0 0 71 1 
2.06318034965493 2.63559719800109 6.166066646784 0.856318034965493 0.313559719800109 -0.4333933353216 0 0 0 83 1 
0.453624521001174 2.1841973257044 6.19451047126794 0.195362452100117 -0.23158026742956 -0.430548952873206 0 0 0 146 1 
0.646809981360738 1.08354888242573 6.81140202177276 0.214680998136074 0.158354888242573 -0.668859797822724 0 0 0 34 0 
2.7893421843085 2.04350192599873 5.44729069673166 0.82893421843085 0.654350192599873 0.194729069673166 0 0 0 242 0 
1.26703731068974 3.2471989179378 5.88624842889278 -0.323296268931026 0.87471989179378 -0.861375157110723 0 0 0 213 0 
1.27190546393822 1.97601194030908 7.41031078191393 0.877190546393822 0.147601194030908 -0.108968921808608 0 0 0 116 1 
1.81261205474091 0.14345316719023 5.89511733688968 0.831261205474091 -0.635654683280977 -0.860488266311032 0 0 0 219 0 
3.81362232018078 2.01653778281169 6.61554592353582 0.0313622320180778 -0.148346221718831 -0.788445407646418 0 0 0 32 0 
0.77396708339569 3.94415092655022 7.00304269901134 0.927396708339569 0.644415092655022 -0.449695730098866 0 0 0 76 1 
3.08662338121801 2.58004283302057 7.31018854484963 0.258662338121801 0.708004283302057 -0.818981145515037 0 0 0 129 0 
1.61994457272532 2.76626594776923 4.39412152581383 -0.588005542727468 0.726626594776923 -0.210587847418617 0 0 0 228 1 
2.28543423866011 2.14029898139473 7.81604699763336 -0.421456576133989 0.764029898139473 0.331604699763336 0 0 0 199 1 
1.33689359274617 3.662264827048 6.77647591367127 -0.616310640725383 0.9162264827048 0.127647591367128 0 0 0 216 1 
0.452303754534563 0.68312476922866 5.3634298196017 -0.804769624546544 0.918312476922866 -0.91365701803983 0 0 0 224 0 
0.561702299174057 2.92348502152483 7.97057868880969 0.806170229917406 0.642348502152483 -0.852942131119031 0 0 0 80 0 
0.736285133791182 3.1585806795491 4.00784445167407 -0.976371486620882 0.66585806795491 -0.0492155548325938 0 0 0 78 1 
1.13696964967597 2.95659328141308 7.75541977524737 -0.936303035032403 0.845659328141308 0.125541977524737 0 0 0 230 1 
1.47855829796427 2.21087583749352 4.95000081608639 -0.702144170203572 0.371087583749352 -0.854999918391361 0 0 0 104 0 
2.95967279203749 1.22753248975535 6.958456029786 0.145967279203749 -0.727246751024465 -0.4541543970214 0 0 0 142 1 
0.511855923536525 1.33866746371196 6.31155405124687 0.101185592353653 -0.816133253628804 -0.318844594875313 0 0 0 169 1 
2.86977703622169 2.24430116184653 4.44011298108361 0.836977703622169 -0.525569883815347 -0.405988701891638 0 0 0 254 1 
2.75701573017977 1.61893706465504 6.62280821758005 0.525701573017977 -0.688106293534495 -0.687719178241995 0 0 0 175 0 
0.81648419605336 1.4890864745143 5.66133027521649 -0.768351580394664 -0.80109135254857 -0.983866972478351 0 0 0 204 0 
0.214370604686748 0.641997719736963 7.62441224910262 -0.0285629395313252 -0.985800228026304 -0.887558775089738 0 0 0 133 0 
2.16476405622709 1.29291154900925 6.43051733154791 0.466476405622709 0.279291154900925 0.793051733154791 0 0 0 23 0 
2.74537669354203 2.29689798686196 5.10536161353719 -0.175462330645797 0.179689798686196 0.360536161353719 0 0 0 81 0 
1.11773668600188 2.2744648637121 6.31707349958827 0.161773668600188 0.97744648637121 0.681707349958827 0 0 0 141 0 
1.14041892608461 2.61270027372878 6.40364582396299 -0.535958107391539 0.511270027372878 0.790364582396299 0 0 0 91 0 
2.74801030625773 3.1854588680392 4.37755654113296 -0.575198969374227 0.96854588680392 -0.912244345886703 0 0 0 236 0 
2.52327629828949 1.51602031246433 7.64809032926919 -0.49767237017105 -0.498397968753567 -0.48519096707308 0 0 0 252 0 
1.86912714872559 1.08407919491678 7.81673604751923 -0.763087285127441 -0.241592080508323 0.931673604751923 0 0 0 95 0 
1.56178459149556 2.61776392067518 5.44869241741281 -0.393821540850444 -0.688223607932482 -0.705130758258719 0 0 0 250 0 
3.35186231208472 1.72790877683307 7.61245613765151 -0.114813768791528 -0.777209122316692 0.911245613765151 0 0 0 217 0 
3.44853817501823 3.27030153794513 6.32387496328286 0.394853817501823 0.677030153794513 0.882387496328286 0 0 0 45 0 
2.48989201018931 1.32504871052486 4.4510721205137 0.798989201018931 -0.117495128947514 0.19510721205137 0 0 0 106 0 
2.98259846999283 2.51108981486439 6.53774437135361 -0.951740153000717 0.00110898148643934 0.0037744371353603 0 0 0 44 1 
3.27389984090209 2.98830426378795 5.72548372581866 -0.42261001590979 -0.051169573621205 -0.777451627418134 0 0 0 112 0 
3.72194647843452 2.77613742924547 6.21941094354256 -0.177805352156547 0.827613742924547 -0.728058905645744 0 0 0 230 0 
1.90786067667424 3.70706188248216 6.42580085802572 0.0407860676674237 -0.279293811751784 -0.207419914197428 0 0 0 186 1 
0.554550416986334 3.9376277830708 6.22746747301442 -0.494544958301367 -0.0562372216929206 -0.327253252698558 0 0 0 226 1 
2.16567651117069 2.54233039340225 7.43781652445319 0.966567651117069 -0.895766960659775 -0.706218347554681 0 0 0 212 0 
3.99930075741697 2.06517935506797 5.44955057600106 -0.850069924258303 -0.443482064493203 0.494955057600106 0 0 0 140 0 
3.23437390739797 3.60573407470956 6.79281972321343 0.173437390739797 -0.489426592529045 -0.570718027678657 0 0 0 190 0 
0.230546701468118 3.94062446789234 4.06574877767921 0.573054670146812 -0.755937553210766 -0.143425122232079 0 0 0 210 1 
1.29679538350832 3.72741149113965 5.47315533532807 0.479679538350832 -0.377258850886035 0.197315533532807 0 0 0 192 0 
3.5329714350638 3.23900695049986 6.35861367941596 -0.39670285649362 -0.926099304950014 -0.314138632058404 0 0 0 112 1 
1.49866441327758 3.8384571462082 4.90887057647364 0.799866441327758 -0.66615428537918 0.840887057647364 0 0 0 247 0 
2.0277591418275 0.118872971015687 4.02066036416671 0.0527759141827502 0.161887297101569 0.452066036416671 0 0 0 6 0 
3.93612621816033 2.3928966892402 4.2541481395035 0.443612621816033 0.38928966892402 0.67541481395035 0 0 0 37 0 
3.25626890347536 3.51355568553404 4.87311400424944 0.275626890347536 0.301355568553404 0.937311400424944 0 0 0 1 1 
0.341744849787336 0.146304788470603 4.59601426916648 -0.215825515021266 0.46463047884706 0.909601426916648 0 0 0 131 1 
1.89037177009877 3.02873974190554 4.10591913542848 0.739037177009877 0.552873974190554 0.960591913542848 0 0 0 90 1 
7.2616746975464 0.270021504489643 4.03812884905547 -0.22383253024536 0.0770021504489643 -0.446187115094453 0 0 0 115 1 
6.85880474094728 3.4842125191021 4.68069024976013 -0.364119525905272 0.19842125191021 -0.381930975023987 0 0 0 118 1 
6.3959398025501 1.48854913193946 4.02412736933812 -0.0104060197449899 0.598854913193946 -0.847587263066189 0 0 0 243 0 
6.25433766752664 3.15729407748006 6.03447427961419 0.275433766752664 0.365729407748005 0.0534474279614185 0 0 0 20 1 
6.45691334017907 2.15841319818031 5.20056163739227 0.0956913340179071 0.0658413198180312 -0.829943836260773 0 0 0 102 0 
5.43083861820987 2.17176181626175 7.65565075818142 -0.906916138179013 -0.232823818373825 -0.184434924181858 0 0 0 162 1 
7.19246342449904 0.0789496270610686 4.07741132817592 0.269246342449904 0.557894962706107 -0.442258867182408 0 0 0 245 1 
6.67635714218463 1.31581442598047 6.15557756817792 -0.182364285781536 0.681581442598047 -0.834442243182208 0 0 0 216 0 
6.27777061551449 2.42545194065274 5.36948472296111 -0.522222938448551 -0.207454805934726 0.186948472296111 0 0 0 241 0 
6.40588035693766 3.11614743485949 6.81577153263393 -0.809411964306234 -0.0383852565140511 -0.168422846736607 0 0 0 62 1 
4.93103313871968 1.89518232048662 5.98902938524194 0.143103313871968 0.739518232048662 -0.151097061475806 0 0 0 184 1 
6.716362969667 1.93843764777723 7.80645232203182 -0.3783637030333 0.943843764777723 0.530645232203182 0 0 0 238 0 
5.2763459261345 0.766753505608792 6.63735781786353 -0.52236540738655 -0.273324649439121 -0.886264218213647 0 0 0 78 0 
7.5936985643176 0.153951023834831 7.31556336403987 0.10936985643176 -0.0346048976165169 -0.718443663596013 0 0 0 83 0 
6.68646238059304 1.0482191606581 7.3468576222617 -0.181353761940696 0.0548219160658101 -0.71531423777383 0 0 0 84 0 
4.286665044429 1.28841764457639 7.75690065053268 -0.1213334955571 -0.0211582355423606 0.625690065053268 0 0 0 86 0 
6.79184631408392 0.195790095251089 4.94698502805553 0.529184631408392 0.269579009525109 0.144698502805553 0 0 0 58 0 
6.98674489692792 1.3890113789323 7.8983318747899 -0.751325510307208 -0.51109886210677 0.539833187478991 0 0 0 170 0 
6.74560575639163 0.749237466330364 7.3777932572189 -0.0754394243608369 0.824923746633036 0.48777932572189 0 0 0 240 0 
7.81094622275698 1.79000570051891 7.14755808067489 -0.768905377724302 -0.170999429948109 -0.935244191932511 0 0 0 13 0 
5.82116666954554 1.04804601154159 6.97682690325829 0.0321166669545541 -0.145195398845841 -0.95231730967417 0 0 0 74 0 
7.58362024114173 0.880391133384354 7.59818447332059 -0.191637975885827 0.438039113338435 -0.790181552667941 0 0 0 79 0 
7.50485912547359 3.46340515114551 6.79714931132267 -0.399514087452641 -0.103659484885449 0.529714931132266 0 0 0 209 0 
7.1948473998189 3.88615097577706 7.66309994413267 0.66948473998189 0.938615097577706 0.316309994413266 0 0 0 133 1 
7.67690766614859 0.0484981378026457 5.75791185496523 0.81769076661486 -0.645150186219735 -0.574208814503476 0 0 0 137 1 
6.62862656555494 0.962017850753734 4.49300762498971 0.0128626565554935 -0.653798214924627 -0.600699237501029 0 0 0 223 1 
6.58070555177299 0.841554810791521 6.56622378620576 -0.591929444822701 -0.765844518920848 0.206622378620576 0 0 0 144 1 
4.2231038779072 1.4956797841789 7.53428424053184 -0.0276896122092806 -0.60043202158211 0.603428424053184 0 0 0 221 0 
4.72711292735288 3.23432929602334 5.32841032853556 -0.677288707264711 0.573432929602334 0.282841032853556 0 0 0 105 0 
4.69454178883644 2.62010505493049 7.10135228265733 -0.480545821116356 0.812010505493049 0.760135228265733 0 0 0 199 0 
5.12096713157266 1.36289759716903 6.55382304323221 -0.337903286842734 -0.413710240283097 0.605382304323221 0 0 0 200 0 
6.27699138279725 0.386958127809065 6.7704290075161 0.0776991382797252 0.988695812780906 0.62704290075161 0 0 0 202 0 
5.7259549281257 0.972586709039243 6.7904079849117 0.22259549281257 -0.852741329096075 0.32904079849117 0 0 0 188 0 
7.02390578486927 1.06520035613698 4.77200871497729 0.452390578486927 -0.943479964386302 -0.172799128502271 0 0 0 167 1 
7.58351620739412 2.52592568023932 5.5560882614275 -0.991648379260588 -0.397407431976068 0.20560882614275 0 0 0 186 0 
7.31878156249109 2.96672731265765 7.47124122882351 -0.318121843750891 0.946672731265765 0.897124122882351 0 0 0 218 0 
5.361663510454 1.15135439160231 5.96743686617342 0.5861663510454 -0.0348645608397693 -0.153256313382659 0 0 0 53 1 
6.33762074807431 2.38610097032105 6.62380165901878 0.783762074807431 0.888610097032105 0.212380165901878 0 0 0 138 1 
4.99294604270235 3.70530882101095 4.9140417761443 0.449294604270235 0.220530882101095 -0.95859582238557 0 0 0 21 0 
5.44004599917247 2.94598994472341 4.94168789616712 -0.105995400082753 -0.355401005527659 -0.455831210383288 0 0 0 235 1 
5.14910415685098 1.74383411588356 4.19462350610391 -0.0350895843149014 -0.975616588411645 -0.33053764938961 0 0 0 242 1 
5.37631554221303 1.691340122827 7.66142282678623 -0.112368445778697 -0.9808659877173 0.616142282678623 0 0 0 211 0 
7.56619671482698 1.2348589021868 5.64645532492351 0.806619671482698 -0.92651410978132 0.314645532492351 0 0 0 165 0 
4.88147844017973 1.10879045846395 6.61375358661466 0.438147844017973 0.360879045846395 0.911375358661466 0 0 0 41 0 
4.43384125228107 0.631267903843906 5.03520929654902 0.193384125228107 0.513126790384391 0.353520929654902 0 0 0 147 0 
4.85807151037075 1.81943585603273 5.90669145834464 -0.964192848962925 0.431943585603273 0.640669145834464 0 0 0 10 0 
6.7589621756401 1.10424035784088 5.22119866529556 0.12589621756401 -0.939575964215912 0.572119866529556 0 0 0 198 0 
5.02159898065787 1.7326892341379 4.83097194309658 0.752159898065787 0.72326892341379 0.0330971943096579 0 0 0 135 1 
5.83163860413736 3.91959602217621 7.72886103817327 0.933163860413736 0.841959602217621 -0.677113896182673 0 0 0 148 0 
5.28403213553367 0.0879455329057506 7.32908267275125 0.878403213553367 0.958794553290575 -0.317091732724875 0 0 0 156 1 
4.80946103632208 0.820522972380275 4.55938946056317 0.530946103632208 -0.767947702761972 -0.0940610539436829 0 0 0 157 1 
4.98715976577317 2.97448676550205 5.94139549942912 0.848715976577317 0.847448676550205 0.444139549942912 0 0 0 152 0 
4.66012608669678 1.4506725131002 7.81387415783013 0.616012608669678 -0.80493274868998 -0.268612584216987 0 0 0 154 1 
5.2079377873625 0.987903547052359 6.51249614909201 0.77079377873625 -0.851209645294764 -0.998750385090799 0 0 0 139 0 
6.44388625254076 3.2840838696362 6.50914543552693 -0.105611374745923 -0.521591613036379 0.700914543552693 0 0 0 208 0 
5.85161215559849 3.76316624057935 7.88579760201903 0.735161215559849 -0.173683375942065 0.338579760201903 0 0 0 134 1 
6.09343409871496 0.589247081712878 4.99664458300009 -0.140656590128504 0.00892470817128777 0.749664458300009 0 0 0 100 0 
6.21991592359447 3.39929150574944 4.88708522991159 -0.328008407640553 0.789929150574944 0.738708522991159 0 0 0 227 0 
5.20398975845458 1.44515563747811 4.98810828831899 0.470398975845458 -0.505484436252189 0.848810828831899 0 0 0 185 0 
4.1689170167608 2.42807022601597 6.94354439119321 0.86689170167608 0.892807022601597 -0.655645560880679 0 0 0 233 0 
4.18697097645193 1.54872780707197 4.93839959505855 0.668697097645193 -0.595127219292803 -0.456160040494145 0 0 0 175 1 
5.62826015535128 3.98807434460105 5.05424218726297 -0.687173984464872 -0.251192565539895 0.0554242187262972 0 0 0 140 1 
5.34310645242697 3.69345640109958 6.49465311968364 0.284310645242697 -0.980654359890041 -0.700534688031636 0 0 0 43 0 
7.65238320917044 1.49311869886006 4.76048704223128 -0.684761679082956 -0.300688130113994 0.826048704223128 0 0 0 178 0 
6.71602296771626 2.33685179708495 4.21259368595377 -0.0783977032283739 -0.416314820291505 0.871259368595377 0 0 0 204 1 
3.01306899460386 7.34914105868291 4.79696920381059 -0.0486931005396138 -0.415085894131709 -0.670303079618942 0 0 0 132 1 
0.799797040638294 6.59665117465058 7.93373844422337 0.429979704063829 -0.290334882534941 -0.156626155577663 0 0 0 172 1 
2.75694409562488 4.3473492283612 7.468481467693 0.225694409562488 -0.41526507716388 -0.2031518532307 0 0 0 173 1 
0.629031483218716 6.76214244968369 6.97111478787821 -0.187096851678129 -0.0737857550316313 -0.152888521212179 0 0 0 191 1 
1.71530976059742 5.28721036839805 4.7140131995376 -0.178469023940257 -0.721278963160195 0.0214013199537599 0 0 0 16 1 
3.62931404602604 6.80384877211462 6.37301858486009 0.812931404602604 -0.269615122788538 -0.41269814151399 0 0 0 217 1 
2.44621805955234 5.18405087707915 7.0032606910595 0.394621805955234 -0.531594912292084 -0.54967393089405 0 0 0 182 0 
0.040091547936381 7.94270310166166 5.44280116077318 -0.245990845206362 -0.155729689833834 -0.705719883922682 0 0 0 187 0 
2.15893230091777 7.08820294747053 7.41984997685442 0.265893230091777 0.358820294747053 0.191984997685443 0 0 0 29 1 
0.172043092679216 5.05393426191876 5.81997937923506 0.467204309267922 -0.544606573808124 -0.368002062076493 0 0 0 229 1 
1.84775857125749 7.43246638444298 4.7153468635494 -0.26522414287425 -0.106753361555703 -0.37846531364506 0 0 0 253 1 
0.114074095064758 5.83141659792466 7.2843287581924 -0.538592590493524 0.233141659792466 0.17843287581924 0 0 0 94 1 
0.475383304509053 7.84478601733423 4.05784514264179 -0.502461669549095 -0.165521398266577 -0.244215485735821 0 0 0 234 1 
2.35974331903754 6.95529408447042 5.17011544033855 0.285974331903754 -0.354470591552958 -0.932988455966145 0 0 0 149 0 
2.27007649876211 6.85700265994893 7.50265433059114 -0.0229923501237885 -0.564299734005107 0.500265433059114 0 0 0 47 0 
2.40827164887705 6.01111658191099 7.69316780583763 0.690827164887705 0.0511116581910986 -0.580683219416236 0 0 0 229 0 
0.329597796042917 7.01148153683894 6.29561737533723 -0.317040220395708 0.451148153683894 0.279561737533723 0 0 0 60 0 
1.13645766524303 5.3075767931447 7.86694286893948 0.263645766524303 -0.21924232068553 -0.663305713106052 0 0 0 158 0 
2.02390187110229 7.54705789064218 6.78916371926966 0.352390187110229 0.604705789064218 0.228916371926966 0 0 0 6 1 
0.359175192297282 7.16014289281126 4.08453873034921 0.385917519229728 -0.933985710718873 -0.44154612696508 0 0 0 52 1 
0.822408046633795 4.5024733046637 5.2921746694743 -0.267759195336621 0.10024733046637 0.17921746694743 0 0 0 64 0 
1.72498082179084 7.93327874674175 4.2906535273716 0.922498082179084 0.743327874674175 -0.82093464726284 0 0 0 116 0 
1.92417130162483 6.20488211671076 6.99543731095347 0.942417130162484 0.370488211671076 0.349543731095347 0 0 0 124 0 
0.574314361256149 7.24113588223568 4.87504782877011 -0.592568563874385 -0.825886411776433 -0.862495217122989 0 0 0 99 0 
0.847207922800589 5.90386692836515 5.29520824002019 -0.565279207719941 -0.0596133071634842 0.0795208240020191 0 0 0 203 1 
1.22375855535876 6.45548657664655 5.71942804685189 0.872375855535876 -0.204451342335345 0.12194280468519 0 0 0 208 1 
0.745428504312783 4.2671701966149 7.74888243790419 -0.575457149568722 -0.123282980338511 -0.175111756209581 0 0 0 231 1 
0.804418588691234 7.11056590588842 4.98366065377203 0.930441858869123 0.261056590588842 -0.351633934622796 0 0 0 244 1 
0.601073318555327 6.64220111826719 7.89577146469115 0.810107331855533 -0.18577988817328 0.0395771464691159 0 0 0 256 1 
0.199700460524053 6.24593899696799 4.69519879477761 0.769970046052405 -0.525406100303201 -0.880480120522239 0 0 0 228 0 
0.943597408497209 5.80219373389529 6.99304383365195 0.844359740849721 0.0302193733895288 -0.650695616634805 0 0 0 232 0 
2.51506750034732 7.25972255459912 7.84817075371218 0.201506750034732 -0.624027744540088 -0.765182924628781 0 0 0 9 0 
2.41229517546321 7.30412882051171 7.53660929231958 0.891229517546321 -0.619587117948829 -0.796339070768041 0 0 0 75 0 
2.04707452523955 5.97011569090769 5.2241545617728 0.354707452523955 0.447011569090769 -0.82758454382272 0 0 0 38 0 
2.06565566411876 5.41427675734177 4.49865047765343 -0.443434433588124 -0.608572324265823 -0.100134952234657 0 0 0 211 1 
0.778353058791774 7.79494488237168 7.96642844427469 -0.672164694120822 -0.670505511762832 0.646642844427469 0 0 0 88 0 
1.11334531117542 7.28342928071145 6.90776781917056 -0.638665468882458 -0.421657071928856 -0.959223218082944 0 0 0 196 0 
1.90592707207551 7.82878504817357 7.88257393704575 0.340592707207551 0.232878504817357 -0.861742606295425 0 0 0 134 0 
3.55803037051914 7.28324473582014 5.01702647324159 0.805803037051914 0.378324473582013 0.251702647324159 0 0 0 109 0 
3.78540167391324 5.83972693500265 7.41586821925875 0.228540167391324 -0.966027306499735 0.691586821925875 0 0 0 2 0 
1.14674954693498 5.10394603356586 4.79058442582105 -0.235325045306502 0.360394603356587 -0.970941557417895 0 0 0 24 0 
0.733229362608483 5.83462037290971 6.29560223176307 -0.176677063739152 0.533462037290971 0.379560223176308 0 0 0 35 0 
3.19269499824166 6.2190616444452 7.34104355921906 0.369269499824166 0.67190616444452 -0.915895644078094 0 0 0 1 0 
0.93595066629043 7.50062333564363 6.6710993032462 -0.856404933370957 -0.499937666435636 -0.38289006967538 0 0 0 95 1 
1.60970670791465 5.19338729711652 7.56060480003485 -0.789029329208535 -0.130661270288348 -0.793939519996515 0 0 0 203 0 
0.806040956664818 7.54266485138914 7.626394672779 -0.869395904333518 0.804266485138914 -0.387360532722101 0 0 0 67 1 
1.16892280836297 6.75512344671506 7.53091285224886 -0.933107719163703 0.625512344671506 0.00309128522488589 0 0 0 114 1 
1.27192461311581 5.29057560077083 6.14746771977912 0.977192461311581 0.379057560077083 0.664746771977911 0 0 0 72 0 
2.04464948573902 4.30436348966466 7.16872570561367 -0.0455350514260984 -0.319563651033534 0.866872570561367 0 0 0 159 0 
0.347391453495123 5.1434643019157 6.92932034041871 -0.615260854650488 -0.335653569808431 0.742932034041871 0 0 0 207 0 
2.06138258245053 5.53827238757129 5.4111490140263 -0.943861741754948 0.103827238757129 0.0911149014026305 0 0 0 193 1 
1.89446949393165 5.23198269740434 5.05161944861666 -0.960553050606835 -0.0268017302595656 -0.744838055138335 0 0 0 245 0 
2.17556318401672 5.99204798966937 5.03644016850128 -0.832443681598328 0.0492047989669362 -0.746355983149872 0 0 0 246 0 
2.53077933141603 7.55675880325475 5.81054207031099 -0.696922066858396 0.505675880325475 0.331054207031099 0 0 0 107 0 
1.31148678743071 6.42331333463779 5.71195913451397 -0.918851321256929 -0.507668666536222 0.521195913451397 0 0 0 194 0 
1.81523211215985 5.82051738560918 6.85344516668037 -0.968476788784015 -0.167948261439082 0.935344516668037 0 0 0 237 0 
1.98856302105072 4.50346502379061 5.29828445989207 -0.0511436978949282 0.000346502379061642 0.579828445989207 0 0 0 131 0 
3.07924896026197 5.37277722366563 5.69684588391692 0.357924896026197 0.0872777223665637 0.719684588391692 0 0 0 145 0 
2.9015420346331 5.23435195718115 4.49714185158412 -0.05984579653669 -0.226564804281885 0.199714185158412 0 0 0 176 0 
1.59516416090077 4.47257736854252 5.1045984444388 0.709516416090077 -0.402742263145748 0.46045984444388 0 0 0 206 0 
0.683642488678426 5.75561229290919 4.94209399639207 -0.681635751132157 -0.774438770709081 0.344209399639207 0 0 0 92 0 
1.93851217479786 4.32441727979842 5.82743296968523 0.0438512174797863 0.282441727979842 0.0327432969685226 0 0 0 22 1 
0.195392809846875 4.48038031241043 5.92755115846363 0.669539280984688 0.298038031241042 -0.457244884153636 0 0 0 87 1 
0.274398156584288 4.80994697108004 6.06951296159413 -0.922560184341571 0.530994697108004 -0.643048703840587 0 0 0 115 0 
3.34253016322411 6.77872957976258 5.71060974492782 -0.615746983677588 0.327872957976258 0.121060974492782 0 0 0 79 1 
3.16332451683571 7.03487064699237 7.45860558084668 -0.633667548316428 -0.746512935300763 0.595860558084669 0 0 0 87 0 
0.1987060125764 7.20738703623456 4.73115940164138 0.16987060125764 0.0707387036234557 0.423115940164138 0 0 0 138 0 
1.21953257620631 6.30582712417594 5.38264539612731 -0.128046742379369 -0.119417287582407 0.888264539612731 0 0 0 191 0 
0.0390997587681285 4.13669999548109 5.69627936896891 -0.646090024123187 -0.836330000451892 0.919627936896891 0 0 0 127 0 
0.160880236448059 6.79724493612709 5.06508080560384 0.766088023644806 0.829724493612709 0.856508080560384 0 0 0 120 0 
1.81750079057844 7.16570882757676 5.26583806276168 -0.968249920942156 0.366570882757676 0.876583806276168 0 0 0 125 0 
2.38703706847831 4.16570360148236 7.97407200861405 -0.0112962931521684 0.966570360148236 -0.052592799138595 0 0 0 183 1 
2.25747476158461 4.30652535710365 5.76657239441805 -0.82425252384154 0.880652535710365 0.326657239441805 0 0 0 226 0 
2.22941642847446 4.07059819534649 5.40472873582535 -0.927058357152554 0.857059819534649 0.290472873582535 0 0 0 225 0 
3.66018389565704 4.5899013445253 5.60490025374509 -0.783981610434296 0.60899013445253 -0.789509974625491 0 0 0 101 0 
3.97051847130322 6.94094934591216 5.23838785864677 -0.152948152869678 -0.555905065408784 -0.726161214135323 0 0 0 126 0 
3.52307074854285 5.77028872460124 4.23539600816701 -0.497692925145716 0.527028872460124 -0.526460399183299 0 0 0 100 1 
3.41924704316338 4.64904976909339 5.02382498701799 -0.708075295683661 0.514904976909339 -0.747617501298201 0 0 0 114 0 
0.712308216621661 4.58508204398867 4.02541050520253 -0.778769178337834 -0.591491795601133 0.852541050520253 0 0 0 200 1 
1.75806741989541 6.24813300967549 4.03384985991855 0.925806741989541 0.674813300967549 0.853384985991855 0 0 0 68 1 
4.97478344758166 6.50559348106511 7.50223167275107 -0.152521655241834 -0.0994406518934892 0.300223167275106 0 0 0 207 1 
7.37754775152333 7.98967340751655 7.69298277093108 0.287754775152333 0.148967340751655 -0.180701722906892 0 0 0 233 1 
4.92092831228476 7.15258616585537 5.9748498590044 -0.557907168771524 -0.334741383414463 -0.15251501409956 0 0 0 246 1 
5.78925349546343 7.91226494339445 6.80536103516294 -0.471074650453656 0.141226494339445 -0.0694638964837057 0 0 0 250 1 
4.17898129204527 6.8100423032426 6.47532975274422 -0.432101870795473 -0.0689957696757402 0.297532975274422 0 0 0 256 0 
5.02966690867288 5.27273307549405 7.43608411422482 -0.247033309132712 0.177273307549405 -0.406391588577518 0 0 0 80 1 
7.32109738188838 7.36137767795517 7.06163974163943 -0.617890261811162 -0.0138622322044832 0.256163974163943 0 0 0 143 1 
5.42103725504473 7.87913946492927 5.740876815574 -0.507896274495528 -0.262086053507073 -0.875912318442599 0 0 0 214 0 
5.1341131528335 4.84986933900862 5.79966730652825 -0.63658868471665 -0.365013066099138 0.229966730652825 0 0 0 253 0 
7.24645830678119 5.59915363017406 6.87526467281324 -0.62535416932188 -0.990084636982594 0.337526467281325 0 0 0 51 0 
6.39917187555107 4.33003851121105 6.6606374897871 0.389917187555107 -0.816996148878895 0.31606374897871 0 0 0 63 0 
5.54266541980364 6.20815845623867 6.20893317229802 0.104266541980363 0.0708158456238677 -0.929106682770198 0 0 0 197 0 
5.44374396742257 7.09869810813033 4.43761250697903 -0.705625603257743 -0.840130189186966 -0.806238749302097 0 0 0 52 0 
7.31646788157703 5.70974152636911 5.86286113238029 -0.818353211842297 -0.879025847363089 -0.663713886761971 0 0 0 53 0 
5.33404415332606 6.71742701458672 7.94841035579762 -0.516595584667394 0.621742701458672 0.244841035579762 0 0 0 82 1 
7.07994146879303 6.13328290666024 7.75778108557988 0.557994146879303 0.463328290666024 0.925778108557988 0 0 0 22 0 
6.18975031395122 7.35986509193603 6.67148899788847 0.468975031395122 -0.0140134908063967 0.617148899788847 0 0 0 142 0 
4.15234474025598 7.54910439855491 7.60372339317552 -0.134765525974402 -0.495089560144509 -0.989627660682447 0 0 0 94 0 
5.26528370215724 7.19248840470103 7.78021524002347 -0.823471629784276 0.969248840470103 0.428021524002347 0 0 0 59 0 
6.88643610888474 6.88158491165712 4.21781289307349 0.538643610888474 0.738158491165712 -0.728218710692651 0 0 0 2 1 
7.48058765803723 5.37850699668126 5.69662661838638 0.798058765803723 0.387850699668126 -0.980337338161362 0 0 0 5 0 
7.40395530823079 4.07217827154366 5.88896477224358 0.990395530823079 -0.842782172845633 -0.261103522775641 0 0 0 63 1 
5.24720553119562 5.57395609620817 7.27265048805737 -0.525279446880438 -0.292604390379183 0.877265048805737 0 0 0 222 0 
6.79199980574253 6.16247429994311 6.84890899410859 0.0291999805742527 -0.133752570005689 0.834890899410859 0 0 0 223 0 
7.26612635603022 5.49455880114286 6.88165218346129 -0.523387364396978 -0.200544119885714 0.73816521834613 0 0 0 144 0 
4.80416698052027 5.19849888740455 4.12512678492997 -0.769583301947973 0.469849888740455 -0.237487321507003 0 0 0 36 1 
6.76205116130107 5.60393420480827 6.5951083357311 -0.873794883869893 0.710393420480827 -0.29048916642689 0 0 0 37 1 
6.4158694009109 5.71904608459125 5.12475569585144 0.59158694009109 0.821904608459125 0.0624755695851447 0 0 0 9 1 
6.21899958236799 5.11102910245707 6.45594013413946 0.771899958236799 -0.538897089754294 -0.204405986586054 0 0 0 182 1 
4.83666206844032 5.49781445295617 4.61270496593018 0.333666206844032 -0.400218554704383 -0.988729503406982 0 0 0 154 0 
6.47646382713449 4.59500595755149 5.62935841841538 0.897646382713449 0.109500595755149 -0.487064158158462 0 0 0 31 1 
4.05291327323521 4.86133594130272 6.02830347687157 -0.344708672676478 -0.0638664058697281 0.952830347687157 0 0 0 248 0 
6.0157914828043 7.08499223553513 6.67671904273425 -0.0484208517195701 0.358499223553513 0.917671904273425 0 0 0 111 0 
4.5941981220543 5.57801829989937 5.89377257318043 0.00941981220543053 0.407801829989938 0.739377257318043 0 0 0 85 0 
4.43334542919649 5.10488675795854 4.56706034530847 -0.106665457080351 0.860488675795854 -0.293293965469153 0 0 0 126 1 
4.30551699202365 4.26096276301778 5.74861041640438 -0.119448300797635 0.176096276301778 -0.875138958359563 0 0 0 90 0 
6.22003185643917 4.52140774968749 7.51015210523972 0.372003185643917 0.402140774968749 -0.898984789476028 0 0 0 3 0 
7.73523056643425 5.22881725726415 4.97751616430216 0.123523056643425 0.672881725726415 0.447751616430216 0 0 0 71 0 
5.13153705736072 7.49141823374946 7.50642853004777 0.663153705736072 -0.600858176625054 -0.0993571469952228 0 0 0 58 1 
4.4093859994391 4.6783142158136 5.57290522864211 0.29093859994391 -0.68216857841864 -0.992709477135789 0 0 0 130 0 
5.48385313465438 5.81573204195532 4.21250243604153 0.998385313465438 0.331573204195532 -0.628749756395848 0 0 0 89 1 
5.22299960815183 5.39734171857368 6.39818894949217 0.872299960815183 0.289734171857368 0.789818894949217 0 0 0 28 0 
4.06591179374477 5.78595588287029 4.87702386929186 0.0565911793744773 0.628595588287029 0.237702386929186 0 0 0 36 0 
6.50001154357515 5.02439006143069 4.90462306707311 -0.599998845642485 -0.847560993856931 0.740462306707311 0 0 0 44 0 
6.16605929915749 4.21455154390392 4.30384802390108 0.866605929915749 -0.228544845609609 0.180384802390108 0 0 0 171 0 
4.08124684591328 4.21735967114333 5.90816197644452 0.358124684591328 0.971735967114333 0.940816197644452 0 0 0 181 0 
6.09085008340461 4.30301461455781 7.09211201994449 -0.740914991659539 0.580301461455781 0.359211201994449 0 0 0 55 0 
6.19979542637775 4.10734178370429 5.14909388289994 0.369979542637774 0.360734178370429 -0.635090611710006 0 0 0 3 1 
6.5367723766497 4.31682950646021 6.68191563778135 0.50367723766497 0.981682950646021 -0.681808436221865 0 0 0 166 0 
6.93330070985931 4.75462484879564 5.97860015170154 0.643330070985931 0.825462484879564 -0.552139984829846 0 0 0 13 1 
4.36642218448749 4.30961124879841 6.98590050439002 0.0866422184487494 0.880961124879841 0.448590050439001 0 0 0 164 0 
4.55307187304831 4.26780066853254 7.48983246921785 -0.994692812695169 0.676780066853254 0.898983246921784 0 0 0 26 0 
5.23845332987296 4.07898403093493 6.577494315475 0.673845332987296 0.457898403093493 -0.792250568452501 0 0 0 18 0 
4.06199521871283 6.11899187882818 7.19103650910573 0.356199521871283 -0.538100812117182 0.369103650910572 0 0 0 177 0 
4.64511305982516 6.80118257662365 5.51955275513787 0.914511305982516 0.230118257662365 0.501955275513787 0 0 0 193 0 
4.09087416468981 6.6728519474404 5.1732677587758 0.259087416468981 -0.58271480525596 0.56732677587758 0 0 0 14 0 
6.24472997725083 5.5217085220777 4.56020309894443 -0.325527002274917 -0.0978291477922298 0.806020309894443 0 0 0 251 0 
7.16486122870789 5.35871807043287 4.2898627665281 -0.933513877129211 -0.614128192956713 0.97898627665281 0 0 0 145 1 
