512
0.705925001219955 2.43854871878918 2.12233538378731 0.841185000243991 0.387709743757837 0.324467076757462 0 0 0 4 0 
1.76387957091375 0.690563514492156 1.76033018208336 0.0527759141827502 -0.161887297101569 0.452066036416671 0 0 0 6 0 
2.11407794340821 1.6378745736677 0.888802285007386 -0.0771844113183578 0.0275749147335409 0.277760457001477 0 0 0 7 0 
2.58060341738322 2.9583257147728 1.78704853701965 -0.183879316523356 0.89166514295456 0.25740970740393 0 0 0 8 0 
0.530915605278195 3.10979407609467 0.341793600419669 -0.393816878944361 0.121958815218934 -0.0316412799160662 0 0 0 11 0 
1.44780298133807 2.96499943180752 0.501328147817362 -0.410439403732386 0.0929998863615029 0.200265629563472 0 0 0 12 0 
3.87078306568911 0.53883920989713 0.871031675542068 0.274156613137822 -0.592232158020574 0.274206335108414 0 0 0 15 0 
1.01436468526685 3.14848378825374 2.37345642465559 0.10287293705337 0.529696757650747 0.174691284931117 0 0 0 17 0 
0.167617971886454 0.103544225495376 2.46525866577396 -0.466476405622709 -0.279291154900925 0.793051733154791 0 0 0 23 0 
0.827047932595116 0.819930152038106 1.34014157017594 0.265409586519023 0.663986030407621 -0.0319716859648126 0 0 0 25 0 
0.861499804075914 3.94867085928684 2.44909447474608 0.872299960815183 0.289734171857368 0.789818894949217 0 0 0 28 0 
3.78295589687239 2.64297794143515 3.68851193464593 0.0565911793744773 0.628595588287029 0.237702386929186 0 0 0 36 0 
1.71806310908017 0.446448344620102 0.877074069751749 0.443612621816033 0.38928966892402 0.67541481395035 0 0 0 37 0 
1.06137876648346 1.97307350284698 1.32636309290471 -0.287724246703309 0.694614700569396 -0.234727381419058 0 0 0 39 0 
2.69073922008987 0.695604770768026 2.05687679330733 0.438147844017973 -0.360879045846395 0.911375358661466 0 0 0 41 0 
1.47426908750912 0.114849231027435 1.91193748164143 0.394853817501823 -0.677030153794513 0.882387496328286 0 0 0 45 0 
2.86876655646651 2.41458455510532 0.608889895556045 0.873753311293301 0.382916911021063 -0.578222020888791 0 0 0 50 0 
0.742066875427168 1.82172945592734 3.04045464649558 -0.151586624914566 0.664345891185468 -0.0919090707008845 0 0 0 54 0 
0.91228022219108 1.57931612626957 1.61561423618604 -0.517543955561784 0.615863225253914 -0.376877152762793 0 0 0 56 0 
3.8593709995686 1.94891253933827 2.26683397267438 0.671874199913721 -0.110217492132346 -0.246633205465123 0 0 0 57 0 
1.7284556426797 2.26611481506234 2.22709838896352 0.0456911285359398 -0.246777036987533 -0.254580322207296 0 0 0 62 0 
0.375272247396695 3.12565741248213 1.28426753586907 -0.824945550520661 0.725131482496426 0.156853507173814 0 0 0 65 0 
0.349474326653405 1.41517264619681 2.11854265180983 -0.830105134669319 0.983034529239363 0.323708530361966 0 0 0 77 0 
3.46692062614054 1.93436604807805 3.26760464827451 0.193384125228107 -0.513126790384391 0.353520929654902 0 0 0 147 0 
1.85724090599314 1.27899070426316 0.1374800403817 -0.128551818801372 -0.644201859147367 -0.47250399192366 0 0 0 163 0 
0.782515513178551 1.66124895655301 0.100482561571368 -0.54349689736429 -0.567750208689399 0.720096512314274 0 0 0 180 0 
1.87813445173768 2.00677784276702 0.18655700212472 0.275626890347536 0.301355568553404 0.937311400424944 0 0 0 1 1 
1.03923501830896 2.03656233576728 0.470199085811561 -0.292152996338208 0.907312467153457 -0.805960182837688 0 0 0 11 1 
0.965884675778527 2.72866984994497 1.65541843007342 -0.906823064844295 0.645733969988994 0.231083686014684 0 0 0 66 0 
2.77242450602675 3.31697288134294 1.58115679236303 -0.34551509879465 0.163394576268589 0.216231358472606 0 0 0 73 0 
1.50505399490535 1.91252435526243 3.47553606025685 -0.798989201018931 -0.117495128947514 0.19510721205137 0 0 0 106 0 
2.94174276144937 3.92825079143386 0.0684037381829328 -0.311651447710126 0.885650158286772 0.713680747636587 0 0 0 113 0 
0.743579882886583 1.26275661724898 3.72069774971456 0.848715976577317 -0.847448676550205 0.444139549942912 0 0 0 152 0 
2.29062342295664 0.641320164428336 1.20408098822226 0.358124684591328 -0.971735967114333 0.940816197644452 0 0 0 181 0 
1.42087242489367 2.1768476057647 0.0480071345832414 -0.215825515021266 -0.46463047884706 0.909601426916648 0 0 0 131 1 
1.11354540460714 2.81971833840298 0.540866706026067 -0.877290919078573 -0.336056332319404 -0.191826658794787 0 0 0 210 0 
3.37879382647828 1.95684215206281 2.47914732167316 0.575758765295656 0.0913684304125628 -0.404170535665368 0 0 0 5 1 
2.01247158090586 1.00715231270912 1.0682884443324 0.902494316181171 0.501430462541823 -0.886342311133519 0 0 0 23 1 
1.9628523853919 1.05507404393033 1.65327054956556 -0.507429522921621 0.311014808786066 -0.769345890086888 0 0 0 81 1 
3.62268834677102 1.39844899343098 3.3026808067686 -0.175462330645797 0.179689798686196 0.360536161353719 0 0 0 81 0 
2.1050013897045 2.53889490835606 2.49466447014588 -0.6789997220591 0.607778981671213 0.198932894029176 0 0 0 82 0 
1.80481411495061 0.264369870952772 0.697040432285762 -0.739037177009877 0.552873974190554 -0.960591913542848 0 0 0 90 1 
0.314039577141872 3.38795104433208 1.93066536880025 0.162807915428374 -0.222409791133585 -0.113866926239951 0 0 0 161 0 
0.752408629457818 2.38255335142457 0.341985595955309 0.850481725891564 -0.623489329715086 -0.631602880808938 0 0 0 184 0 
3.08901275393524 1.63974652686351 3.2076475293599 0.117802550787048 -0.972050694627297 -0.258470494128019 0 0 0 139 1 
3.83985516025377 1.66308612702648 3.42488118716889 0.467971032050754 -0.167382774594704 -0.215023762566223 0 0 0 10 1 
0.568436909464923 1.05233141932874 1.77536871561833 -0.786312618107015 -0.489533716134251 -0.744926256876334 0 0 0 93 1 
2.89709415615833 1.31881228045459 2.19857164576466 -0.320581168768334 0.763762456090918 -0.860285670847069 0 0 0 105 1 
0.992957581036969 2.19758446173123 2.77696118641565 -0.301408483792606 -0.460483107653754 -0.54460776271687 0 0 0 147 1 
3.72417240061194 1.12738416514656 2.62051671994309 -0.155165519877612 0.725476833029312 0.224103343988618 0 0 0 89 0 
2.8709662900523 2.87406650483775 0.233075070040724 -0.925806741989541 0.674813300967549 -0.853384985991855 0 0 0 68 1 
2.7953087928543 2.92797811012424 0.753409138414343 0.459061758570861 -0.714404377975151 0.0506818276828687 0 0 0 137 0 
0.30886834300094 2.61276756814395 2.90853674979414 0.161773668600188 -0.97744648637121 0.681707349958827 0 0 0 141 0 
0.278156707325991 2.87390397550393 1.95461250086673 -0.844368658534802 -0.925219204899214 -0.909077499826654 0 0 0 237 1 
2.85681257300934 0.347659860488731 3.2673461745832 -0.128637485398131 -0.630468027902254 -0.44653076508336 0 0 0 32 1 
2.57314701933977 0.428607271684064 3.08828329053508 0.214629403867955 0.185721454336813 -0.682343341892985 0 0 0 34 1 
3.26086763950268 2.73481634179303 2.38637811103867 0.152173527900536 0.246963268358606 -0.822724377792266 0 0 0 39 1 
0.0409095043395189 2.40516628647459 2.52571559469301 0.908181900867904 -0.218966742705082 -0.794856881061398 0 0 0 109 1 
1.73713820687091 2.94403055351679 2.4451780523703 0.647427641374182 -0.511193889296642 -0.810964389525941 0 0 0 166 1 
3.6140376934421 3.39528780038541 2.82373385988956 -0.977192461311581 0.379057560077083 0.664746771977911 0 0 0 72 0 
3.46914885041297 0.288257489237584 3.76471065559515 -0.806170229917406 -0.642348502152483 0.852942131119031 0 0 0 80 0 
3.82020946304231 0.0563501368643915 2.4518229119815 -0.535958107391539 0.511270027372878 0.790364582396299 0 0 0 91 0 
3.66955988177597 2.64862246806354 0.78254040280192 -0.766088023644806 0.829724493612709 0.856508080560384 0 0 0 120 0 
3.37195995197731 1.42972704567768 1.46563265038568 -0.825608009604538 0.185945409135535 -0.806873469922865 0 0 0 84 1 
3.89787571065539 3.0614731369476 1.4059131830491 -0.720424857868921 -0.687705372610479 -0.818817363390179 0 0 0 220 1 
2.85199487922729 3.97257781873905 0.744054144159493 0.470398975845458 -0.505484436252189 0.848810828831899 0 0 0 185 0 
1.19846088785539 3.78418365355727 1.60023704756015 -0.260307822428921 -0.543163269288547 -0.779952590487969 0 0 0 155 1 
3.85501462243193 3.11521859954382 3.66714641511019 0.871002924486385 0.523043719908763 -0.366570716977962 0 0 0 17 1 
0.48715797117659 2.29516605159633 3.48176842854838 -0.202568405764682 0.159033210319265 -0.803646314290325 0 0 0 54 1 
0.572978609049867 1.88554760694479 3.55542578146222 0.814595721809974 -0.322890478611041 -0.788914843707555 0 0 0 64 1 
3.34255247421514 1.90155718495476 3.73665555148846 -0.231489505156971 -0.119688563009048 -0.952668889702308 0 0 0 121 1 
2.72442533918489 3.43327495004037 3.67197471209995 -0.755114932163022 0.386654990008074 -0.76560505758001 0 0 0 119 1 
3.01746410743115 3.89488150331282 3.97095437737503 0.30349282148623 -0.921023699337437 -0.705809124524993 0 0 0 190 1 
4.82432062150178 3.34064896120093 1.46305944684007 -0.935135875699644 0.568129792240187 0.192611889368014 0 0 0 67 0 
7.11761528321712 1.86440862863208 2.73875808215108 0.123523056643425 0.672881725726415 0.447751616430216 0 0 0 71 0 
4.54709906102715 3.53900914994969 2.19688628659021 0.00941981220543053 0.407801829989938 0.739377257318043 0 0 0 85 0 
4.3053023966884 0.412641149930847 0.6189097530418 -0.03893952066232 0.782528229986169 0.42378195060836 0 0 0 93 0 
5.68456357436279 2.29203959745839 3.15836802375961 -0.763087285127441 -0.241592080508323 0.931673604751923 0 0 0 95 0 
7.76889906880791 3.95166035753463 2.3090896365969 -0.146220186238419 0.0903320715069265 0.16181792731938 0 0 0 96 0 
4.23981505139748 3.62280406873494 1.5599804839771 -0.0520369897205044 0.624560813746988 -0.18800390320458 0 0 0 97 0 
6.79671704935748 0.544623540856439 1.24832229150005 -0.140656590128504 0.00892470817128777 0.749664458300009 0 0 0 100 0 
7.73997648522113 1.0070853849579 1.21222910319474 0.247995297044227 -0.0985829230084199 -0.257554179361051 0 0 0 103 0 
7.88644353632356 0.367164648011671 3.91420516426778 0.677288707264711 0.573432929602334 0.282841032853556 0 0 0 105 0 
4.24637650907241 3.12776015090915 2.1387054452603 -0.850724698185518 0.12555203018183 -0.0722589109479397 0 0 0 108 0 
5.1376232879115 1.12689599245971 2.13837703123381 -0.0724753424176992 -0.0746208015080584 -0.272324593753237 0 0 0 118 0 
7.13944620929614 1.90905314942051 3.66467013349074 0.127889241859227 0.681810629884102 0.0329340266981486 0 0 0 119 0 
5.02124295821133 2.8496064649814 1.65338197662257 -0.695751408357734 -0.130078707003719 -0.369323604675486 0 0 0 128 0 
7.94967835353151 1.7472913860864 2.70149090015883 -0.910064329293698 0.0494582772172791 0.0402981800317657 0 0 0 40 0 
6.86470821423723 0.214700902326753 3.95236436791267 -0.927058357152554 -0.857059819534649 0.290472873582535 0 0 0 225 0 
7.85995796179724 0.550354247125278 1.1935426149558 -0.328008407640553 -0.789929150574944 0.738708522991159 0 0 0 227 0 
7.75454979709751 3.3305715024969 1.39934779827283 -0.949090040580497 0.166114300499379 -0.620130440345435 0 0 0 12 1 
4.91944107890767 0.613007529054417 0.846621863812917 -0.716111784218466 -0.777398494189117 -0.730675627237417 0 0 0 196 1 
5.95958515800261 0.247102737693246 1.43378166533798 0.491917031600523 0.749420547538649 0.386756333067595 0 0 0 16 0 
7.09727089441822 1.43994747253476 3.30067614132866 -0.480545821116356 -0.812010505493049 0.760135228265733 0 0 0 199 0 
6.81344119050354 0.0331919875419553 2.6802704643415 0.862688238100708 0.306638397508391 -0.363945907131701 0 0 0 7 1 
6.98791982229656 3.94690403125372 2.67704082341359 0.497583964459311 0.889380806250743 -0.364591835317283 0 0 0 65 1 
6.34789314206719 3.31433009064987 2.00236981114417 0.369578628413438 0.962866018129974 -0.499526037771167 0 0 0 69 1 
7.1787116515263 0.94671917588228 2.39460589871712 0.33574233030526 -0.110656164823544 -0.421078820256576 0 0 0 70 1 
7.44607331319087 2.28929909918188 2.13186366859907 0.789214662638175 0.357859819836376 -0.473627266280185 0 0 0 4 1 
6.32096424481462 0.340282071983636 2.70334572917232 0.964192848962925 -0.431943585603273 0.640669145834464 0 0 0 10 0 
4.55681809934433 1.58633158283376 0.784223218958107 0.211363619868866 0.217266316566753 0.456844643791621 0 0 0 20 0 
6.47346406347584 0.883900334266268 2.99491623460892 0.994692812695169 0.676780066853254 0.898983246921784 0 0 0 26 0 
5.23634941945432 2.04231023404074 1.13869725843517 0.547269883890865 -0.291537953191851 -0.672260548312966 0 0 0 15 1 
6.40475777084009 2.8592834665134 0.726385364968661 0.980951554168017 -0.32814330669732 -0.154722927006268 0 0 0 146 0 
6.37453037402348 2.22148247395935 2.02619602306446 -0.625093925195304 -0.65570350520813 0.105239204612892 0 0 0 215 0 
7.09060921875446 1.76663634367118 2.98562061441175 0.318121843750891 -0.946672731265765 0.897124122882351 0 0 0 218 0 
5.52458844999933 1.665006794932 2.42768090592211 -0.595082310000135 -0.9669986410136 0.185536181184421 0 0 0 220 0 
6.84140943584121 2.40723895404592 1.98037597405622 0.868281887168243 -0.618552209190817 0.0960751948112444 0 0 0 151 0 
5.92893810110956 1.9159607404656 1.82219250768873 0.885787620221911 0.0831921480931206 -0.935561498462253 0 0 0 38 1 
4.92380839541478 2.99655934943003 0.630243521115642 0.684761679082956 -0.300688130113994 0.826048704223128 0 0 0 178 0 
6.81048356578633 3.43144879858452 3.5269115216161 -0.337903286842734 -0.413710240283097 0.605382304323221 0 0 0 200 0 
7.32124175636968 2.85227500686235 3.41154554711403 -0.0357516487260645 -0.129544998627531 -0.417690890577195 0 0 0 96 1 
6.6356700957056 0.725826528212994 2.93951753639196 -0.372865980858879 0.445165305642599 -0.912096492721608 0 0 0 120 1 
4.36001592821959 2.51070387484374 3.99492394738014 0.372003185643917 0.402140774968749 0.898984789476028 0 0 0 3 0 
4.28997073439652 3.81664145333012 3.12889054278994 0.557994146879303 0.463328290666024 0.925778108557988 0 0 0 22 0 
4.53076272977324 1.9150677250243 1.10875603421706 0.806152545954648 -0.31698645499514 -0.0782487931565888 0 0 0 29 0 
4.55921459313123 1.18306264912242 1.62603933358387 0.611842918626247 -0.463387470175516 -0.574792133283226 0 0 0 14 1 
4.41920148904807 0.0780036951814129 1.52375598295549 0.583840297809613 -0.884399260963717 -0.595248803408903 0 0 0 130 1 
4.20023437587796 0.572498511488979 1.62264778387165 0.940046875175593 -0.185500297702204 -0.775470443225669 0 0 0 21 1 
4.60406829568724 2.86210605604325 1.39852866594059 0.820813659137447 -0.92757878879135 -0.0202942668118828 0 0 0 157 0 
4.24820932692418 3.96578929930229 1.05672328549296 0.949641865384835 -0.706842140139543 -0.288655342901407 0 0 0 173 0 
7.21513907772753 3.99627039438649 0.264857683305028 -0.656972184454494 -0.700745921122703 -0.847028463338994 0 0 0 206 1 
4.94451682680669 2.1913303858056 3.88687313887656 0.888903365361338 -0.261733922838879 -0.522625372224689 0 0 0 45 1 
6.07494095180019 2.87105886919513 3.81479168133745 -0.285011809639962 -0.925788226160974 -0.337041663732511 0 0 0 224 1 
6.43514146602173 3.67072315292724 3.9362980423142 0.187028293204346 -0.565855369414552 -0.11274039153716 0 0 0 202 1 
7.43766143941598 3.83422666224089 3.56667740313466 -0.212467712116804 -0.333154667551822 -0.986664519373068 0 0 0 248 1 
2.24428151052536 4.50173251189531 2.39914222994604 -0.0511436978949282 0.000346502379061642 0.579828445989207 0 0 0 131 0 
0.357185302343374 5.57099885986848 3.93779387544869 -0.0285629395313252 -0.985800228026304 0.887558775089738 0 0 0 133 0 
0.202963536037754 6.66439252408679 3.80871303147713 0.340592707207551 0.232878504817357 0.861742606295425 0 0 0 134 0 
3.82469099415796 7.20231091106333 0.790811853708802 0.264938198831593 0.340462182212666 0.0581623707417604 0 0 0 135 0 
0.6506469937118 6.85369351811728 2.61557970082069 -0.16987060125764 0.0707387036234557 0.423115940164138 0 0 0 138 0 
3.84487515697561 7.42993254596802 3.58574449894424 0.468975031395122 -0.0140134908063967 0.617148899788847 0 0 0 142 0 
1.81301282323504 4.15647930878691 1.73030023688553 -0.137397435352992 -0.668704138242617 0.246060047377106 0 0 0 143 0 
1.28962448013098 4.93638861183282 2.09842294195846 0.357924896026197 0.0872777223665637 0.719684588391692 0 0 0 145 0 
0.311778086310851 7.09238661919772 1.20166815978186 -0.23764438273783 -0.681522676160456 0.540333631956372 0 0 0 150 0 
2.42312982139258 6.39298309857412 2.17743225608557 0.584625964278516 -0.0214033802851747 0.135486451217114 0 0 0 153 0 
2.27232474286951 5.90218174483233 2.83436285280684 -0.0455350514260984 -0.319563651033534 0.866872570561367 0 0 0 159 0 
2.38161622764809 7.88700478873029 0.396861357736642 0.776323245529618 -0.722599042253941 0.579372271547328 0 0 0 162 0 
3.28248524405383 4.80318252412165 0.698996259434071 0.156497048810765 -0.13936349517567 -0.360200748113186 0 0 0 167 0 
0.514281552084561 7.94047051583783 2.45231673082677 0.202856310416912 -0.311905896832434 -0.00953665383464652 0 0 0 169 0 
1.83302964957875 5.35727577195196 3.40192401195054 0.866605929915749 -0.228544845609609 0.180384802390108 0 0 0 171 0 
3.40774039021508 7.09452285860814 0.921585856029589 0.981548078043017 -0.081095428278371 -0.315682828794082 0 0 0 174 0 
3.20077101731655 6.36717597859057 3.49857092579206 -0.05984579653669 -0.226564804281885 0.199714185158412 0 0 0 176 0 
0.998368018024963 7.59510977758633 0.690973088891725 0.699673603604993 0.419021955517266 -0.561805382221655 0 0 0 183 0 
1.85976628810315 6.90291356208797 0.941322698063654 -0.128046742379369 -0.119417287582407 0.888264539612731 0 0 0 191 0 
2.7954370823449 6.4135740262798 2.3366338793879 0.259087416468981 0.58271480525596 0.56732677587758 0 0 0 14 0 
2.90911445840953 6.24127144542791 1.99305615409341 0.881822891681907 0.548254289085582 0.0986112308186828 0 0 0 30 0 
0.567726233729798 6.98141000477869 0.0263762566736738 0.61354524674596 0.696282000955739 -0.294724748665265 0 0 0 31 0 
0.072556529912579 5.65059128831183 3.00977637756894 0.914511305982516 0.230118257662365 0.501955275513787 0 0 0 193 0 
0.147084393094274 4.87998946518236 1.6704145644739 0.929416878618855 -0.724002106963527 -0.56591708710522 0 0 0 205 1 
1.38184887008335 5.93398563260602 0.333793625049612 0.976369774016669 0.486797126521203 0.566758725009922 0 0 0 48 0 
2.31350343989813 5.19077193095713 1.67720270615703 0.562700687979625 0.338154386191426 -0.364559458768594 0 0 0 61 0 
0.47098481474043 5.39162236791007 3.75851323662079 -0.805803037051914 0.378324473582013 0.251702647324159 0 0 0 109 0 
2.34652947683803 7.65346635730752 2.17494680848582 -0.430694104632393 -0.369306728538495 -0.265010638302836 0 0 0 249 0 
2.72445126772538 6.45446770522284 0.872216926538088 -0.355109746454923 0.190893541044568 -0.725556614692382 0 0 0 197 1 
0.841888622352822 5.9343726606822 1.43432861954944 0.0683777244705643 0.0868745321364404 -0.813134276090112 0 0 0 149 1 
1.18142862105817 5.76119726030088 1.16010188716125 -0.463714275788366 -0.347760547939823 -0.86797962256775 0 0 0 160 1 
0.256965061093538 7.04972498482703 1.55799984084343 -0.848606987781292 -0.890055003034593 -0.788400031831314 0 0 0 209 1 
1.95241791954962 6.48628868427126 2.8022992222194 -0.709516416090077 -0.402742263145748 0.46045984444388 0 0 0 206 0 
2.67553663010383 5.47940249360786 2.89388299082212 -0.564892673979235 -0.804119501278428 0.0787765981644244 0 0 0 234 0 
2.81670755187111 4.60668536180461 2.13163200419917 0.863341510374222 -0.578662927639078 -0.873673599160166 0 0 0 174 1 
2.77431737849778 4.14511226982829 2.24551696249685 -0.145136524300444 -0.870977546034343 -0.85089660750063 0 0 0 176 1 
3.8926270190144 7.58219611057548 2.33177814861577 0.0785254038028789 -0.983560777884905 -0.833644370276847 0 0 0 48 1 
1.8615342558351 5.79331949163928 2.27292221817002 -0.72769314883298 -0.341336101672144 -0.645415556365996 0 0 0 222 1 
2.64270083695662 5.33013653249867 3.95793410962937 0.228540167391324 0.966027306499735 0.691586821925875 0 0 0 2 0 
0.722345558985628 5.16057635055907 1.69575230510673 0.244469111797126 0.932115270111815 -0.360849538978654 0 0 0 49 0 
1.9382267781304 4.71946990036832 1.49682023856236 -0.712354644373921 0.443893980073664 -0.400635952287528 0 0 0 122 0 
1.30914851809034 4.55157661407035 2.52095752539206 -0.438170296381932 0.41031532281407 -0.595808494921587 0 0 0 28 1 
2.05720170764661 4.91904212457221 3.34890369753514 -0.888559658470678 0.483808424914442 -0.230219260492972 0 0 0 75 1 
2.50066779336121 7.1692285731041 0.704435288236821 -0.799866441327758 -0.66615428537918 0.840887057647364 0 0 0 247 0 
3.26954987938406 7.68165000225946 1.09813968448446 -0.646090024123187 0.836330000451892 0.919627936896891 0 0 0 127 0 
1.21669169486873 4.8827858665319 3.53319876799441 0.543338338973746 -0.123442826693621 -0.393360246401119 0 0 0 150 1 
0.0627749165585254 6.89469480011293 3.31973984368924 -0.287445016688295 0.878938960022586 -0.636052031262151 0 0 0 42 1 
1.76565423071762 4.71483444795308 1.67750186273005 0.853130846143523 0.842966889590616 0.035500372546009 0 0 0 19 0 
0.958531194298835 4.45102602937026 2.92795227076468 0.291706238859767 0.990205205874051 0.085590454152936 0 0 0 33 0 
2.79221503785591 4.59710362649354 1.82059566388822 -0.341556992428819 0.619420725298707 0.264119132777643 0 0 0 69 0 
2.84011305341215 4.20820988049106 0.557721935615984 -0.531977389317571 0.741641976098211 0.611544387123197 0 0 0 98 0 
3.42369572674756 6.82173215095785 3.21466017020936 -0.615260854650488 -0.335653569808431 0.742932034041871 0 0 0 207 0 
3.92593115604236 5.61395438841654 3.05622806882575 -0.114813768791528 -0.777209122316692 0.911245613765151 0 0 0 217 0 
3.34865046357261 5.6446183248184 2.68323803371957 -0.830269907285479 0.82892366496368 -0.363352393256085 0 0 0 72 1 
0.977237514337544 4.77842937486907 3.5828877477104 0.695447502867509 0.0556858749738145 -0.58342245045792 0 0 0 163 1 
3.02868707471737 7.84753981969281 3.39561408043975 0.705737414943474 -0.530492036061438 -0.62087718391205 0 0 0 165 1 
3.4137985413877 6.3623393465392 3.44367224503166 -0.417240291722461 0.77246786930784 -0.611265550993669 0 0 0 106 1 
5.90574339371536 7.03834333268111 3.10597956725698 -0.918851321256929 0.507668666536222 0.521195913451397 0 0 0 194 0 
6.53102068624876 6.63722471989837 0.963083255135728 -0.593795862750247 -0.972555056020326 0.292616651027146 0 0 0 195 0 
6.12948108782005 5.80212017892044 2.36059933264778 0.12589621756401 -0.939575964215912 0.572119866529556 0 0 0 198 0 
7.14211991000523 4.90575833157987 0.409356567320423 -0.871576017998955 -0.918848333684027 -0.0181286865359154 0 0 0 201 0 
5.88849569139863 4.55652093609547 3.63521450375805 0.0776991382797252 -0.988695812780906 0.62704290075161 0 0 0 202 0 
7.79436362459914 5.3354653417356 0.384533123064883 -0.741127275080172 -0.43290693165288 -0.0230933753870235 0 0 0 205 0 
6.97194312627038 5.8920419348181 3.00457271776347 -0.105611374745923 -0.521591613036379 0.700914543552693 0 0 0 208 0 
7.87360276559781 7.03697804810408 2.88632524402868 -0.525279446880438 -0.292604390379183 0.877265048805737 0 0 0 222 0 
6.64599990287127 6.83123714997155 2.6744544970543 0.0291999805742527 -0.133752570005689 0.834890899410859 0 0 0 223 0 
4.62799722274448 5.9898575184197 1.98484152342934 -0.374400555451104 -0.10202849631606 -0.103031695314131 0 0 0 235 0 
6.65761605607993 6.66025869280459 2.17672258334019 -0.968476788784015 -0.167948261439082 0.935344516668037 0 0 0 237 0 
7.85290415449957 6.65508618465909 2.08873814878404 0.0705808308999134 0.431017236931818 -0.282252370243192 0 0 0 244 0 
5.77645663661761 5.18066797065136 1.26415173843579 -0.344708672676478 -0.0638664058697281 0.952830347687157 0 0 0 248 0 
7.87236498862541 6.01085426103885 0.530101549472215 -0.325527002274917 -0.0978291477922298 0.806020309894443 0 0 0 251 0 
4.89947342450446 4.58038041893574 0.556029320166783 -0.120105315099108 -0.783923916212851 -0.588794135966643 0 0 0 254 0 
4.6058041087204 7.19027204500549 2.30659343298818 -0.978839178255921 -0.0619455909989007 -0.238681313402363 0 0 0 255 0 
6.74188301135647 5.17928649022456 2.19957583912937 0.648376602271294 0.135857298044913 0.339915167825875 0 0 0 132 0 
7.54533720007578 7.26502739237362 0.388705891819078 0.809067440015156 -0.646994521525277 -0.0222588216361844 0 0 0 136 0 
7.75034962129152 4.28258967753398 2.97477528800053 0.850069924258303 -0.443482064493203 0.494955057600106 0 0 0 140 0 
6.11693682198489 6.49727940057143 3.19082609173065 0.523387364396978 -0.200544119885714 0.73816521834613 0 0 0 144 0 
4.26302418260693 6.06482357398831 1.10788062857956 -0.247395163478615 0.312964714797661 -0.678423874284088 0 0 0 194 1 
6.77242980176253 4.56900681821128 1.10835356024837 -0.545514039647494 0.0138013636422558 -0.678329287950325 0 0 0 195 1 
4.60615410831083 7.54254102199434 0.237294747398734 -0.778769178337834 -0.591491795601133 -0.852541050520253 0 0 0 200 1 
7.10801148385813 4.41842589854248 0.143703157023115 -0.0783977032283739 -0.416314820291505 -0.871259368595377 0 0 0 204 1 
4.09182124433921 6.37219385354541 3.22104699819604 -0.681635751132157 0.774438770709081 0.344209399639207 0 0 0 92 0 
4.82617237012799 5.97544780072254 3.44813830341224 -0.134765525974402 0.495089560144509 0.989627660682447 0 0 0 94 0 
7.6142136795265 5.69373635591408 2.69723732471629 -0.5771572640947 0.438747271182816 0.0394474649432583 0 0 0 110 0 
6.25789574140215 5.29249611776756 2.08835952136712 -0.0484208517195701 0.358499223553513 0.917671904273425 0 0 0 111 0 
6.12084681798826 7.0693661558937 3.45162484657999 -0.0758306364023476 0.91387323117874 -0.00967503068400177 0 0 0 123 0 
6.65875039528922 5.33285441378838 0.882919031380841 -0.968249920942156 0.366570882757676 0.876583806276168 0 0 0 125 0 
6.49999422821243 6.73780496928465 1.20231153353656 0.599998845642485 0.847560993856931 0.740462306707311 0 0 0 44 0 
7.45039514250836 6.72094077206789 0.784136443202664 0.990079028501673 0.0441881544135785 -0.143172711359467 0 0 0 155 0 
5.66085447592123 4.70192757535021 1.61314180577374 0.0321708951842454 -0.959614484929957 -0.777371638845253 0 0 0 218 1 
7.6894087326405 4.57527677656592 1.08857695842524 0.2378817465281 -0.984944644686816 -0.882284608314952 0 0 0 219 1 
4.81634671909145 6.18186918609042 1.75738438450159 -0.53673065618171 0.736373837218083 0.251476876900317 0 0 0 76 0 
6.59886514038942 5.40627249739645 0.589027542637282 0.819773028077885 0.581254499479289 -0.182194491472544 0 0 0 27 0 
4.52324204594216 4.62996217459399 0.93934920647086 0.204648409188433 -0.574007565081202 0.487869841294172 0 0 0 160 0 
5.87439837984987 7.89718674269341 2.23811212992191 0.874879675969974 -0.920562651461317 -0.0523775740156186 0 0 0 46 0 
5.01280621159512 5.14126405131509 1.84181746843439 -0.897438757680975 0.528252810263018 -0.731636506313123 0 0 0 91 1 
7.18312989341913 5.83287713370414 1.67734955112758 -0.463374021316174 0.866575426740828 -0.964530089774484 0 0 0 103 1 
5.42964148792165 5.03393095480514 2.80048284772209 -0.61407170241567 0.106786190961028 -0.539903430455583 0 0 0 212 1 
6.0182239179931 5.65401988155367 1.91931898893718 -0.89635521640138 -0.969196023689265 -0.716136202212565 0 0 0 214 1 
7.17051993094764 7.47882313821448 1.54517642418335 -0.465896013810472 0.995764627642896 -0.990964715163329 0 0 0 107 1 
5.40399031058275 4.99339486051206 0.574693472006402 0.780798062116549 0.498678972102413 0.61493869440128 0 0 0 42 0 
6.25467507160503 5.61841420568509 2.20728720887367 0.150935014321005 0.823682841137018 0.341457441774733 0 0 0 70 0 
6.41128917125367 4.63230222229866 1.21789013806012 0.382257834250733 0.426460444459732 -0.656421972387975 0 0 0 73 1 
4.26298468663673 5.12180675432755 1.92245370320294 0.152596937327346 -0.87563864913449 0.0844907406405877 0 0 0 156 0 
5.55513799551948 6.35170723349761 2.74043581959809 -0.788972400896105 0.370341446699522 -0.751912836080382 0 0 0 227 1 
4.925401318678 7.59800400740593 2.46198185087887 -0.114919736264401 0.0196008014811857 -0.807603629824225 0 0 0 238 1 
6.02643210665582 6.35119111143966 3.14540142013812 0.305286421331164 0.970238222287932 -0.470919715972376 0 0 0 85 1 
5.59155458237885 4.82968856426051 1.30702045508171 -0.381689083524229 0.865937712852102 0.361404091016343 0 0 0 68 0 
6.07058305942139 4.36124556378214 3.67133513047441 -0.885883388115722 0.972249112756428 -0.165732973905118 0 0 0 66 1 
4.87362547674212 4.30811880847822 3.36872428966691 0.874725095348423 -0.838376238304357 -0.0262551420666183 0 0 0 189 0 
4.16756938564605 7.57064096478356 0.60506861673595 0.933513877129211 0.614128192956713 -0.97898627665281 0 0 0 145 1 
4.7361765664315 7.43809395288658 3.18048410552227 0.847235313286301 -0.412381209422684 -0.463903178895547 0 0 0 153 1 
4.36272807117041 7.89778473070095 2.72067344754651 0.772545614234082 0.679556946140191 -0.755865310490699 0 0 0 161 1 
4.14514748782322 5.6060262159528 2.69716570235169 0.729029497564644 -0.378794756809439 -0.960566859529662 0 0 0 189 1 
5.51558862054986 6.71164339791744 3.57408481204919 -0.596882275890029 0.242328679583489 -0.585183037590162 0 0 0 232 1 
7.61065423430485 6.26719223881522 3.5084446783976 0.22213084686097 -0.246561552236957 -0.798311064320479 0 0 0 255 1 
6.07613287248776 6.47219862222754 3.97707791157121 -0.484773425502449 0.594439724445508 -0.904584417685758 0 0 0 128 1 
3.45793470045545 1.60952304229562 4.81237784792572 0.59158694009109 0.821904608459125 0.0624755695851447 0 0 0 9 1 
3.71665035492966 0.62731242439782 7.26069992414923 0.643330070985931 0.825462484879564 0.552139984829846 0 0 0 13 1 
1.35278252923302 0.765920385020416 5.48766314305902 -0.229443494153395 0.0531840770040832 -0.00246737138819697 0 0 0 19 1 
1.71925608739893 2.91220863989921 5.66371648484261 0.0438512174797863 0.282441727979842 0.0327432969685226 0 0 0 22 1 
1.40151369105408 0.847966722476775 6.97985540246245 0.180302738210817 0.669593344495355 -0.704028919507509 0 0 0 25 1 
0.108237310241764 0.212083351568152 7.24000997771177 -0.278352537951647 -0.65758332968637 0.348001995542353 0 0 0 30 1 
1.17125285598758 1.326013190283 7.11726276846607 -0.265749428802484 0.365202638056599 -0.476547446306785 0 0 0 35 1 
3.16117670929196 2.08106501888773 5.05486623922493 0.532235341858391 0.916213003777546 -0.889026752155014 0 0 0 41 1 
3.59660132131969 0.860926279163998 5.48541925979361 0.219320264263938 -0.3278147441672 -0.802916148041278 0 0 0 43 1 
1.64529478856692 1.41017214802268 7.35707483382019 0.0290589577133848 0.382034429604536 -0.0285850332359621 0 0 0 50 1 
3.8785956392107 1.09451377574264 4.26891576344694 0.275719127842141 0.318902755148528 -0.846216847310612 0 0 0 51 1 
2.430831755227 1.32567719580115 6.73371843308671 0.5861663510454 -0.0348645608397693 -0.153256313382659 0 0 0 53 1 
0.317690280174761 1.04612098225309 6.38367241397876 -0.436461943965048 0.509224196450619 -0.223265517204247 0 0 0 55 1 
0.697469703267258 3.02073692604795 4.94995530933153 0.839493940653452 0.304147385209589 -0.710008938133694 0 0 0 56 1 
1.18227201009559 3.85711600061388 5.63943062743276 0.136454402019118 0.271423200122777 -0.372113874513447 0 0 0 57 1 
1.51786609625998 0.651832528523397 7.87828763547254 -0.596426780748005 0.230366505704679 -0.124342472905492 0 0 0 113 1 
2.48070043930419 0.0257473853166206 7.40566550611427 0.596140087860839 0.905149477063324 -0.818866898777147 0 0 0 129 1 
0.843413723310299 0.0564641074233754 5.20336752182949 -0.93131725533794 0.311292821484675 -0.059326495634102 0 0 0 86 1 
2.63460226776218 2.62984170692568 7.51539395327933 -0.373079546447564 0.225968341385136 0.00307879065586536 0 0 0 117 1 
3.84742369990945 0.806924512111471 6.08154997206633 0.66948473998189 -0.938615097577706 0.316309994413266 0 0 0 133 1 
0.508547358643927 2.30660461528087 6.88827688664568 -0.598290528271215 -0.438679076943825 0.277655377329136 0 0 0 148 1 
0.60193047181397 2.4393244417551 4.79493734043862 0.620386094362794 -0.412135111648979 -0.541012531912276 0 0 0 179 1 
2.44351853423916 0.66714819925882 7.76296399569298 -0.0112962931521684 -0.966570360148236 0.052592799138595 0 0 0 183 1 
0.273537262619775 3.73505784545385 6.6379227191136 0.354707452523955 0.447011569090769 0.82758454382272 0 0 0 38 0 
0.347547819734848 0.382142369989906 5.048359716091 -0.830490436053031 0.376428473997981 0.3096719432182 0 0 0 117 0 
1.0043326818838 2.34653086382026 5.81001983855583 -0.69913346362324 -0.0306938272359479 0.462003967711166 0 0 0 121 0 
3.60482125453924 1.18983677949237 6.2719471897814 0.0209642509078471 -0.862032644101526 0.754389437956281 0 0 0 168 0 
2.25906750781802 0.461023402827734 5.03743668217971 -0.848186498436396 -0.207795319434453 0.107487336435941 0 0 0 71 1 
2.21840982517254 1.06779859900055 7.666966676608 -0.856318034965493 0.313559719800109 0.4333933353216 0 0 0 83 1 
1.26079949032894 1.88365538293105 4.66548597154829 0.752159898065787 -0.72326892341379 0.0330971943096579 0 0 0 135 1 
2.41881037403715 2.05694951483947 5.56190082950939 0.783762074807431 -0.888610097032105 0.212380165901878 0 0 0 138 1 
0.523187739499413 3.3420986628522 7.65274476436603 -0.195362452100117 -0.23158026742956 0.430548952873206 0 0 0 146 1 
0.753592203190485 1.97493315650868 6.2783228874809 0.850718440638097 -0.705013368698264 -0.64433542250382 0 0 0 168 1 
2.74647302135117 2.60265441050548 6.29297911192785 0.449294604270235 0.220530882101095 0.95859582238557 0 0 0 21 0 
2.32337477346749 3.30197301678293 6.35470778708948 -0.235325045306502 0.360394603356587 0.970941557417895 0 0 0 24 0 
0.426595009319631 0.291774441212867 5.84429898911362 -0.214680998136074 0.158354888242573 0.668859797822724 0 0 0 34 0 
1.35532890784575 1.22824903700063 4.47364534836583 -0.82893421843085 -0.654350192599873 0.194729069673166 0 0 0 242 0 
2.88351865534487 1.1264005410311 5.80687578555361 -0.323296268931026 -0.87471989179378 0.861375157110723 0 0 0 213 0 
0.165541491619601 2.03596488699201 5.7782278044034 -0.86689170167608 -0.892807022601597 0.655645560880679 0 0 0 233 0 
3.15230359507656 2.99019015620521 7.78622442076818 -0.669539280984688 0.298038031241042 0.457244884153636 0 0 0 87 1 
3.22886837020608 0.646081978350642 6.39717103706577 -0.454226325958785 -0.570783604329872 -0.620565792586845 0 0 0 110 1 
3.11404726803089 1.23800597015454 7.95515539095696 -0.877190546393822 0.147601194030908 -0.108968921808608 0 0 0 116 1 
3.5884538330743 3.27424906890132 7.37104407251738 0.81769076661486 -0.645150186219735 0.574208814503476 0 0 0 137 1 
2.34369397262954 3.32172658359511 5.80244133155516 -0.831261205474091 -0.635654683280977 0.860488266311032 0 0 0 219 0 
3.49029382901862 3.43925349834063 5.40168669080681 0.798058765803723 0.387850699668126 0.980337338161362 0 0 0 5 0 
1.86922666493648 1.78949201546747 5.4612528422625 0.673845332987296 0.457898403093493 0.792250568452501 0 0 0 18 0 
3.65681116009039 2.75826889140585 5.44222703823209 0.0313622320180778 -0.148346221718831 0.788445407646418 0 0 0 32 0 
1.61661468130424 3.16731018645486 4.39780111588154 -0.176677063739152 0.533462037290971 0.379560223176308 0 0 0 35 0 
1.16581930206868 0.290201988911896 4.88556948091336 0.933163860413736 -0.841959602217621 0.677113896182673 0 0 0 148 0 
3.93321109224375 0.095194375600796 4.74295025219501 0.0866422184487494 -0.880961124879841 0.448590050439001 0 0 0 164 0 
3.86301645830216 0.722075463275111 6.74847865049433 -0.927396708339569 0.644415092655022 0.449695730098866 0 0 0 76 1 
3.35367528699924 3.61898215684282 6.2523163914595 -0.829264942600152 0.423796431368565 -0.649536721708101 0 0 0 104 1 
3.79786653466658 2.00315291333263 6.02898053457842 -0.940426693066684 -0.899369417333474 -0.494203893084315 0 0 0 252 1 
2.30206875482116 3.61917924719181 7.33180924746954 0.360413750964233 -0.776164150561638 -0.833638150506091 0 0 0 141 1 
3.09443976966933 3.93758053564087 6.10544875712649 0.118887953933866 -0.912483892871826 -0.878910248574702 0 0 0 159 1 
1.34634749912083 2.8595308222226 4.07947822039047 0.369269499824166 0.67190616444452 0.915895644078094 0 0 0 1 0 
1.79331169060901 0.959978583489714 4.59490572757519 0.258662338121801 -0.708004283302057 0.818981145515037 0 0 0 129 0 
5.15302047833241 3.52133242569457 6.4368026636105 -0.869395904333518 0.804266485138914 0.387360532722101 0 0 0 67 1 
4.21496643897559 2.24200427652942 7.37652347439679 -0.0570067122048807 -0.251599144694115 -0.824695305120643 0 0 0 77 1 
5.61814256689559 0.170709660225448 4.25392222583703 -0.976371486620882 -0.66585806795491 -0.0492155548325938 0 0 0 78 1 
7.91702207666303 3.60871350729336 6.72420517789881 -0.516595584667394 0.621742701458672 0.244841035579762 0 0 0 82 1 
7.89147614232221 0.109085622209472 5.80225829083284 0.0782952284644429 0.321817124441894 -0.939548341833431 0 0 0 88 1 
7.11929497387608 0.34195609241696 6.06067671826821 -0.0761410052247832 -0.431608781516608 -0.887864656346357 0 0 0 92 1 
7.08898254411696 1.42119564988527 4.68529685952726 0.517796508823392 0.184239129977053 -0.362940628094547 0 0 0 97 1 
4.58864466479386 2.27212464727811 4.08069919633549 -0.182271067041229 0.354424929455622 -0.483860160732901 0 0 0 98 1 
4.90273730509747 1.79867469351892 6.41406082653749 -0.919452538980506 0.459734938703783 -0.617187834692501 0 0 0 99 1 
6.01153537427142 3.13514436230062 6.86769800408351 -0.497692925145716 0.527028872460124 -0.526460399183299 0 0 0 100 1 
6.85945287994742 3.4599761489944 6.60281554757349 -0.928109424010517 0.39199522979888 -0.579436890485302 0 0 0 101 1 
7.6413077380737 0.121465587913794 5.21164349789745 0.42826154761474 -0.275706882417241 -0.857671300420511 0 0 0 102 1 
4.97619869457562 0.220038182457015 6.10758070497385 -0.304760261084876 -0.655992363508597 -0.67848385900523 0 0 0 111 1 
5.83446140418148 3.62756172335753 7.51545642612443 -0.933107719163703 0.625512344671506 0.00309128522488589 0 0 0 114 1 
7.6191626512268 0.114989247755178 6.26906442452773 0.22383253024536 -0.0770021504489643 -0.446187115094453 0 0 0 115 1 
7.32059762952636 2.49210625955105 6.59034512488006 0.364119525905272 0.19842125191021 -0.381930975023987 0 0 0 118 1 
4.53952477749641 3.36613850133169 4.56457432791012 -0.192095044500718 0.173227700266338 -0.587085134417976 0 0 0 122 1 
7.64878554583586 2.10458398896957 5.42064486294403 0.229757109167171 -0.0790832022060853 -0.415871027411194 0 0 0 123 1 
6.34432466658812 3.56536673854227 4.22249017677681 -0.431135066682377 0.213073347708453 -0.655501964644639 0 0 0 124 1 
7.04333152894563 2.71508216029244 5.87202776123234 0.508666305789126 -0.156983567941511 -0.525594447753532 0 0 0 125 1 
4.96667271459825 0.802443378979268 6.03353017265424 -0.106665457080351 0.860488675795854 -0.293293965469153 0 0 0 126 1 
7.34791650973987 2.84924944370227 5.31256339246498 0.769583301947973 0.469849888740455 -0.237487321507003 0 0 0 36 1 
7.74129923499641 2.5055449074322 6.5188721856768 -0.951740153000717 0.00110898148643934 0.0037744371353603 0 0 0 44 1 
4.55997228636266 0.866867026115384 5.44706076290691 -0.588005542727468 -0.726626594776923 -0.210587847418617 0 0 0 228 1 
6.95962352158169 2.07452488454669 7.23808750649101 -0.708075295683661 0.514904976909339 0.747617501298201 0 0 0 114 0 
4.88719907829214 2.15497348554002 6.71524351920293 -0.922560184341571 0.530994697108004 0.643048703840587 0 0 0 115 0 
6.44796990127505 1.50572543403027 7.73793631533094 -0.0104060197449899 -0.598854913193946 0.847587263066189 0 0 0 243 0 
4.87716883376332 1.32864703874003 5.76723713980709 0.275433766752664 0.365729407748005 0.0534474279614185 0 0 0 20 1 
4.39271711933006 1.67985050930264 6.15802349881668 -0.421456576133989 -0.764029898139473 0.331604699763336 0 0 0 199 1 
4.41844679637308 0.918867586475999 6.13823795683564 -0.616310640725383 -0.9162264827048 0.127647591367128 0 0 0 216 1 
5.81848482483798 1.27170335929346 7.12770988762368 -0.936303035032403 -0.845659328141308 0.125541977524737 0 0 0 230 1 
6.61735814892138 2.34624420235051 5.64010762001173 0.823471629784276 0.969248840470103 0.428021524002347 0 0 0 59 0 
7.58009194782852 1.54495067226265 6.44754987312746 -0.783981610434296 0.60899013445253 0.789509974625491 0 0 0 101 0 
5.97845667008954 1.82920659909016 6.64971918130386 0.0956913340179071 0.0658413198180312 0.829943836260773 0 0 0 102 0 
4.98927914898214 0.355437918746758 6.77499959195681 -0.702144170203572 0.371087583749352 0.854999918391361 0 0 0 104 0 
5.38694992045105 3.24415213189397 6.38725813709067 -0.42261001590979 -0.051169573621205 0.777451627418134 0 0 0 112 0 
6.4633886815875 3.44709689291636 6.81216771862102 0.9926777363175 0.589419378583272 -0.737566456275796 0 0 0 18 1 
4.35465375131257 1.26239691025609 6.60577037812959 0.170930750262514 -0.0475206179487826 -0.778845924374082 0 0 0 24 1 
5.73244857574062 0.541834767529219 4.21476151360002 0.646489715148125 -0.391633046494156 -0.857047697279995 0 0 0 59 1 
6.2045749582977 1.40150730727891 5.29605600997224 0.740914991659539 0.580301461455781 0.359211201994449 0 0 0 55 0 
6.03458069089506 3.33588090813087 7.42217462090929 0.906916138179013 -0.232823818373825 0.184434924181858 0 0 0 162 1 
7.03716153612526 1.89121997157497 6.58983448193877 -0.492567692774949 -0.721756005685005 -0.782033103612246 0 0 0 215 1 
5.84623171224952 2.71052518646947 6.28870566408796 0.269246342449904 -0.557894962706107 -0.442258867182408 0 0 0 245 1 
4.72309307101944 1.81289500207904 5.55557469702866 -0.955381385796113 -0.737420999584192 -0.388885060594268 0 0 0 247 1 
5.62400515312886 1.6572705659804 7.06122172943352 -0.575198969374227 -0.96854588680392 0.912244345886703 0 0 0 236 0 
4.90275849601182 3.38048138150889 5.87569479179781 -0.119448300797635 0.176096276301778 0.875138958359563 0 0 0 90 0 
4.61097323921726 1.36193128537726 6.14029452822872 -0.177805352156547 -0.827613742924547 0.728058905645744 0 0 0 230 0 
7.58817857109232 2.09209278700977 5.67221121591104 -0.182364285781536 -0.681581442598047 0.834442243182208 0 0 0 216 0 
7.11111469224276 3.46272597032637 4.43474236148055 0.522222938448551 -0.207454805934726 0.186948472296111 0 0 0 241 0 
5.54705982153117 3.30807371742974 7.65788576631697 0.809411964306234 -0.0383852565140511 -0.168422846736607 0 0 0 62 1 
4.21551656935984 1.80240883975669 6.74451469262097 0.143103313871968 -0.739518232048662 -0.151097061475806 0 0 0 184 1 
4.3059448437654 3.14550648940232 7.42386671815601 0.161188968753081 -0.670898702119537 0.984773343631202 0 0 0 172 0 
6.47939228173899 3.71533309475904 5.04881099184401 0.395878456347798 -0.156933381048193 -0.490237801631198 0 0 0 241 1 
7.3918185151665 2.78078117611139 5.15322616101591 0.3783637030333 -0.943843764777723 0.530645232203182 0 0 0 238 0 
7.88817296306725 2.1333767528044 4.93132109106823 -0.52236540738655 -0.273324649439121 0.886264218213647 0 0 0 78 0 
7.0468492821588 0.326975511917416 5.09221831798006 0.10936985643176 -0.0346048976165169 0.718443663596013 0 0 0 83 0 
7.59323119029652 0.774109580329051 5.07657118886915 -0.181353761940696 0.0548219160658101 0.71531423777383 0 0 0 84 0 
4.8933325222145 1.3942088222882 4.62845032526634 -0.1213334955571 -0.0211582355423606 0.625690065053268 0 0 0 86 0 
4.19321805444237 3.19079245582856 7.85890644653674 0.538643610888474 0.738158491165712 -0.728218710692651 0 0 0 2 1 
4.34989771318887 2.30367089185214 7.67545305855003 0.369979542637774 0.360734178370429 0.635090611710006 0 0 0 3 1 
4.18232752912647 3.72608618904675 7.06073325997516 0.336465505825294 0.245217237809349 -0.687853348004968 0 0 0 27 1 
4.19093889632636 1.04721184856309 5.58498742257959 0.738187779265272 0.109442369712617 -0.783002515484083 0 0 0 33 1 
4.86897441934946 2.05196710240414 7.95244583213445 0.873794883869893 0.710393420480827 0.29048916642689 0 0 0 37 1 
4.24643320597023 0.16174481810732 4.79091219511489 0.749286641194047 0.732348963621464 -0.741817560977022 0 0 0 61 1 
4.01838618832485 0.591585246769897 5.90904218110933 0.50367723766497 -0.981682950646021 0.681808436221865 0 0 0 166 0 
4.14592315704196 1.15210495237446 4.22349251402777 0.529184631408392 -0.269579009525109 0.144698502805553 0 0 0 58 0 
6.23285520840668 3.67609288820509 4.77779396750012 -0.253428958318665 -0.964781422358983 -0.344441206499976 0 0 0 240 1 
7.29511347984297 3.5508260315295 5.79051180081005 0.759022695968594 -0.5898347936941 -0.541897639837989 0 0 0 188 1 
4.47615187726728 3.90843761538567 6.06828509019915 -0.804769624546544 -0.918312476922866 0.91365701803983 0 0 0 224 0 
5.25662755153604 3.94450568946615 5.19916593739495 0.751325510307208 -0.51109886210677 0.539833187478991 0 0 0 170 0 
7.12280287819581 3.37538126683482 4.93889662860945 -0.0754394243608369 -0.824923746633036 0.48777932572189 0 0 0 240 0 
4.34452688862151 2.64500285025946 4.17622095966255 0.768905377724302 -0.170999429948109 0.935244191932511 0 0 0 13 0 
5.66058333477277 1.7740230057708 4.26158654837085 0.0321166669545541 -0.145195398845841 0.95231730967417 0 0 0 74 0 
7.45818987942914 1.30980443330782 4.45090776333971 0.191637975885827 -0.438039113338435 0.790181552667941 0 0 0 79 0 
6.3787373807923 0.0967373214481768 4.13328619720903 -0.82425252384154 -0.880652535710365 0.326657239441805 0 0 0 226 0 
6.4975704372632 3.98170257557275 4.14857465566133 0.399514087452641 -0.103659484885449 0.529714931132266 0 0 0 209 0 
3.25653449730193 6.57542947065854 7.85151539809471 -0.0486931005396138 0.415085894131709 0.670303079618942 0 0 0 132 1 
2.17580607779924 4.63158312028968 6.19289880100952 0.735161215559849 -0.173683375942065 0.338579760201903 0 0 0 134 1 
2.22983639601874 4.86376624487768 6.770771985107 0.145967279203749 -0.727246751024465 0.4541543970214 0 0 0 142 1 
2.25015852329247 7.58767981451536 4.33436713558726 -0.0499682953415065 -0.582464037096928 -0.233126572882548 0 0 0 151 1 
2.70810952830044 5.47628061632052 6.48863660467191 -0.158378094339912 -0.00474387673589671 -0.802272679065619 0 0 0 152 1 
1.58006304334839 5.4753362565501 6.84306292108493 0.616012608669678 -0.80493274868998 0.268612584216987 0 0 0 154 1 
0.892016067766835 4.70602723354712 7.08545866362438 0.878403213553367 -0.958794553290575 0.317091732724875 0 0 0 156 1 
2.15473051816104 4.66026148619014 5.02969473028158 0.530946103632208 -0.767947702761972 -0.0940610539436829 0 0 0 157 1 
1.41767181550199 5.16296431990093 7.18270557523757 -0.0164656368996022 -0.667407136019815 -0.663458884952487 0 0 0 158 1 
0.00592796176826271 5.41933373185598 7.90577702562344 0.101185592353653 -0.816133253628804 -0.318844594875313 0 0 0 169 1 
1.8123667101282 6.34804595316389 4.79652595143047 0.0624733420256394 -0.0303908093672229 -0.340694809713907 0 0 0 170 1 
1.82428328612795 4.74055224215826 4.23834999481114 0.86485665722559 -0.351889551568347 -0.452330001037772 0 0 0 171 1 
1.35010147968085 7.95167441267471 7.28313077788831 -0.429979704063829 0.290334882534941 0.156626155577663 0 0 0 172 1 
1.62847204781244 6.4236746141806 7.5157592661535 0.225694409562488 -0.41526507716388 0.2031518532307 0 0 0 173 1 
0.843485488225965 4.52436390353599 7.21919979752928 0.668697097645193 -0.595127219292803 -0.456160040494145 0 0 0 175 1 
1.64530414026187 7.1395226558606 4.39448518882865 0.429060828052375 0.527904531172121 -0.821102962234271 0 0 0 177 1 
3.01066810992553 5.52897142682598 5.14228022376026 0.902133621985105 0.205794285365195 -0.471543955247947 0 0 0 178 1 
1.63326356380475 6.4408603383157 4.01804809678719 0.22665271276095 -0.811827932336859 -0.896390380642561 0 0 0 181 1 
2.359499791184 7.80551455122853 7.47797006706973 0.771899958236799 -0.538897089754294 -0.204405986586054 0 0 0 182 1 
3.16828858860679 7.88783037606122 5.90222544237757 0.533657717721357 -0.322433924787755 -0.519554911524486 0 0 0 185 1 
1.70393033833712 5.10353094124108 7.46290042901286 0.0407860676674237 -0.279293811751784 -0.207419914197428 0 0 0 186 1 
1.56451574160936 7.13107122484185 7.7355573939391 -0.187096851678129 -0.0737857550316313 -0.152888521212179 0 0 0 191 1 
2.97844701161383 7.39581981716265 4.57274599415201 -0.104310597677234 -0.22083603656747 -0.785450801169597 0 0 0 192 1 
2.60765488029871 7.10639481580098 4.6070065997688 -0.178469023940257 0.721278963160195 0.0214013199537599 0 0 0 16 1 
2.4519776541154 7.71391086422817 7.19448238612179 0.990395530823079 0.842782172845633 -0.261103522775641 0 0 0 63 1 
0.435342976986981 7.84807561394269 7.56349070756995 -0.812931404602604 0.269615122788538 0.41269814151399 0 0 0 217 1 
1.14449755639563 5.71105067666082 7.07458114523209 -0.671100488720873 -0.357789864667836 -0.685083770953582 0 0 0 221 1 
0.473109029776169 7.84202543853958 6.24836965447025 0.394621805955234 -0.531594912292084 0.54967393089405 0 0 0 182 0 
1.27004577396819 7.27864844916917 7.02859941961341 -0.245990845206362 0.155729689833834 0.705719883922682 0 0 0 187 0 
2.36718695369898 6.05286703735478 6.35359013839328 0.173437390739797 -0.489426592529045 0.570718027678657 0 0 0 190 0 
3.13736159389914 7.27592948260773 7.13058681287283 0.327472318779829 0.955185896521546 -0.673882637425435 0 0 0 26 1 
0.829466150458885 5.29410147373527 6.45992498842721 0.265893230091777 0.358820294747053 0.191984997685443 0 0 0 29 1 
2.4484999107247 5.02751835321367 4.78523748551972 0.18969998214494 0.305503670642734 -0.342952502896057 0 0 0 46 1 
3.10387649777168 6.91793779293618 7.04587897148798 -0.279224700445664 -0.716412441412764 -0.690824205702404 0 0 0 213 1 
2.16397845366039 7.77696713095938 7.65998968961753 -0.467204309267922 -0.544606573808124 -0.368002062076493 0 0 0 229 1 
3.17387928562875 7.96623319222149 6.6076734317747 -0.26522414287425 -0.106753361555703 -0.37846531364506 0 0 0 253 1 
1.31511148188916 4.87215058092326 6.47005649054181 -0.836977703622169 -0.525569883815347 -0.405988701891638 0 0 0 254 1 
2.28099760935642 7.19050406058591 5.34551825455286 0.356199521871283 0.538100812117182 0.369103650910572 0 0 0 177 0 
1.81576852868036 5.50429088312527 7.99678573497611 0.663153705736072 0.600858176625054 0.0993571469952228 0 0 0 58 1 
2.80703704753238 4.66570829896233 6.3921643790962 -0.538592590493524 0.233141659792466 0.17843287581924 0 0 0 94 1 
2.63472664926594 7.72031223394617 4.7828743888396 -0.573054670146812 -0.755937553210766 -0.143425122232079 0 0 0 210 1 
2.98769165225453 7.32760699133289 5.2789225713209 -0.502461669549095 0.165521398266577 -0.244215485735821 0 0 0 234 1 
1.99744430576973 4.70140818929259 7.4174437351063 -0.900511138846054 -0.159718362141481 0.983488747021259 0 0 0 231 0 
0.92987165951877 7.27235295776479 6.16494227983072 0.285974331903754 0.354470591552958 0.932988455966145 0 0 0 149 0 
3.16833103422016 7.49890722647809 6.44364751703491 0.333666206844032 -0.400218554704383 0.988729503406982 0 0 0 154 0 
0.128507865089884 5.05946853232752 5.93859589120997 0.525701573017977 -0.688106293534495 0.687719178241995 0 0 0 175 0 
3.45824189630294 4.51296284011966 4.52804413071375 0.991648379260588 -0.397407431976068 0.20560882614275 0 0 0 186 0 
1.10160230824584 5.61370574556983 4.48657766766403 -0.479679538350832 -0.377258850886035 0.197315533532807 0 0 0 192 0 
2.38503824938106 6.32149867002553 5.00132716529557 -0.0229923501237885 0.564299734005107 0.500265433059114 0 0 0 47 0 
1.04586417556148 5.75555829095549 5.40341609708118 -0.690827164887705 0.0511116581910986 0.580683219416236 0 0 0 229 0 
3.92155322621349 7.40327179945021 6.00267344015818 0.284310645242697 0.980654359890041 0.700534688031636 0 0 0 43 0 
1.28344376307036 5.60742355514408 7.24048064289353 -0.443311247385928 0.821484711028816 -0.851903871421295 0 0 0 8 1 
3.92780855915469 5.03003341638815 5.48661382112286 0.0855617118309377 0.70600668327763 -0.802677235775428 0 0 0 40 1 
1.91479889802146 4.75574076841947 4.89780868766862 -0.317040220395708 0.451148153683894 0.279561737533723 0 0 0 60 0 
3.02727520849317 4.2188138915354 7.86373373650721 -0.494544958301367 -0.0562372216929206 -0.327253252698558 0 0 0 226 1 
3.53089229574778 6.05888196033759 7.0256537912936 -0.393821540850444 -0.688223607932482 0.705130758258719 0 0 0 250 0 
2.75307918435811 5.5166981729033 7.42621430103585 -0.749384163128378 -0.596660365419341 0.985242860207171 0 0 0 239 0 
2.95469299971955 7.9108428920932 5.46354738567894 0.29093859994391 0.68216857841864 0.992709477135789 0 0 0 130 0 
0.181771167378487 6.40378839657235 4.81652856553026 -0.263645766524303 -0.21924232068553 0.663305713106052 0 0 0 158 0 
2.66716174441465 7.02116519670113 5.0310917377734 -0.966567651117069 -0.895766960659775 0.706218347554681 0 0 0 212 0 
0.261950935551145 4.52352894532109 5.64458185963483 0.352390187110229 0.604705789064218 0.228916371926966 0 0 0 6 1 
1.98823191356725 4.04750297877575 7.93532079079231 0.897646382713449 0.109500595755149 0.487064158158462 0 0 0 31 1 
1.33414365062517 4.00037038216381 4.62961094406716 0.166828730125033 0.700074076432763 -0.774077811186568 0 0 0 49 1 
1.57041240385136 4.16992855359437 6.2922693651746 -0.385917519229728 0.933985710718873 -0.44154612696508 0 0 0 52 1 
0.491926567327191 4.15786602097766 7.35625121802076 0.998385313465438 0.331573204195532 -0.628749756395848 0 0 0 89 1 
2.1612040233169 4.00123665233185 4.39608733473715 -0.267759195336621 0.10024733046637 0.17921746694743 0 0 0 64 0 
2.88750958910458 4.21663937337087 7.6046732363142 -0.922498082179084 0.743327874674175 0.82093464726284 0 0 0 116 0 
2.78791434918758 4.35244105835538 5.24771865547673 -0.942417130162484 0.370488211671076 0.349543731095347 0 0 0 124 0 
3.53715718062807 4.62943205888216 6.81247608561494 -0.592568563874385 0.825886411776433 0.862495217122989 0 0 0 99 0 
3.67360396140029 6.20193346418258 4.8976041200101 -0.565279207719941 -0.0596133071634842 0.0795208240020191 0 0 0 203 1 
3.13812072232062 7.47774328832327 5.10971402342595 -0.872375855535876 -0.204451342335345 0.12194280468519 0 0 0 208 1 
3.62271425215639 4.88358509830745 7.3755587810479 -0.575457149568722 -0.123282980338511 0.175111756209581 0 0 0 231 1 
3.84779070565438 5.80528295294421 6.74183032688602 -0.930441858869123 0.261056590588842 -0.351633934622796 0 0 0 244 1 
3.44946334072234 7.5711005591336 7.69788573234558 -0.810107331855533 -0.18577988817328 0.0395771464691159 0 0 0 256 1 
3.65014976973797 7.127030501516 6.90240060261119 -0.769970046052405 0.525406100303201 0.880480120522239 0 0 0 228 0 
3.2782012957514 5.65109686694764 5.75347808317403 -0.844359740849721 0.0302193733895288 0.650695616634805 0 0 0 232 0 
1.35396889368125 5.24395177352618 4.493751925454 0.77079377873625 -0.851209645294764 0.998750385090799 0 0 0 139 0 
3.53309835741349 5.8674294510934 4.07322766246176 0.806619671482698 -0.92651410978132 0.314645532492351 0 0 0 165 0 
1.50753375017366 5.62013872270044 4.32591462314391 0.201506750034732 0.624027744540088 0.765182924628781 0 0 0 9 0 
2.04385241226839 5.59793558974414 4.48169535384021 -0.891229517546321 0.619587117948829 0.796339070768041 0 0 0 75 0 
6.78069129122526 5.01913619378564 4.95557450701315 -0.943861741754948 0.103827238757129 0.0911149014026305 0 0 0 193 1 
4.17351711816471 7.49947053994235 7.73736860926967 -0.265296576367058 -0.600105892011531 -0.752526278146067 0 0 0 198 1 
4.2332059440988 4.60040105623255 6.72282869158514 -0.0533588111802408 -0.97991978875349 -0.955434261682972 0 0 0 201 1 
5.73739172379083 7.00279674053256 6.00111583637553 -0.152521655241834 -0.0994406518934892 0.300223167275106 0 0 0 207 1 
4.28282783205938 7.54286162132911 4.99932523882671 -0.443434433588124 0.608572324265823 -0.100134952234657 0 0 0 211 1 
6.56431328277747 4.23100892537687 7.49650381249485 0.0128626565554935 -0.653798214924627 -0.600699237501029 0 0 0 223 1 
7.78907885088991 7.98408963890463 5.55113338392945 -0.742184229822017 0.696817927780926 -0.789773323214111 0 0 0 225 1 
5.93877387576167 7.24483670375828 7.40350861453446 0.287754775152333 0.148967340751655 0.180701722906892 0 0 0 233 1 
5.97002299958624 4.72299497236171 7.22084394808356 -0.105995400082753 -0.355401005527659 -0.455831210383288 0 0 0 235 1 
4.98156061874023 4.50299682554891 4.1194752988205 -0.703687876251955 -0.399400634890219 -0.476104940235901 0 0 0 236 1 
4.22106885776144 4.62126373991164 5.16346421124479 -0.455786228447712 -0.575747252017672 -0.267307157751042 0 0 0 239 1 
5.32455207842549 6.62191705794178 5.84731175305195 -0.0350895843149014 -0.975616588411645 -0.33053764938961 0 0 0 242 1 
7.54068329825524 7.71399038898895 4.19554398611169 0.208136659651047 -0.75720192220221 -0.860891202777661 0 0 0 243 1 
7.71046415614238 7.17370691707232 6.7374249295022 -0.557907168771524 0.334741383414463 -0.15251501409956 0 0 0 246 1 
4.79794551551077 7.83442970887103 4.65284296984095 0.0595891031021543 0.266885941774206 -0.56943140603181 0 0 0 249 1 
7.85537325226828 7.20613247169723 7.15268051758147 0.471074650453656 0.141226494339445 -0.0694638964837057 0 0 0 250 1 
7.88209149373868 4.02646544306033 4.25744149185729 -0.323581701252265 -0.494706911387935 -0.648511701628541 0 0 0 251 1 
5.5164857175319 7.86950347524993 7.92930683970798 -0.39670285649362 -0.926099304950014 -0.314138632058404 0 0 0 112 1 
5.41479650619025 6.68166988228537 4.22508731884513 -0.81704069876195 0.636333976457074 -0.654982536230975 0 0 0 127 1 
7.69609769562902 4.93326264936139 7.09696633789136 0.839219539125804 -0.113347470127722 -0.880606732421727 0 0 0 136 1 
6.93586992232436 5.24403717230053 4.77712109363148 0.687173984464872 -0.251192565539895 0.0554242187262972 0 0 0 140 1 
6.4596472241135 4.67077740539576 5.53311189310288 0.591929444822701 -0.765844518920848 0.206622378620576 0 0 0 144 1 
7.78580686511906 6.72513991617608 4.97798515430911 0.857161373023812 0.445027983235216 -0.904402969138178 0 0 0 164 1 
7.17955067811325 4.17426275719764 5.36947365161984 0.73591013562265 -0.0651474485604725 -0.626105269676032 0 0 0 180 1 
4.73525923565161 6.27952532704392 7.13080607067662 -0.152948152869678 0.555905065408784 0.726161214135323 0 0 0 126 0 
6.69723474696582 5.36599134870217 7.22419027569167 -0.960553050606835 -0.0268017302595656 0.744838055138335 0 0 0 245 0 
6.33778159200836 5.74602399483468 7.23177991574936 -0.832443681598328 0.0492047989669362 0.746355983149872 0 0 0 246 0 
6.42126508161206 5.13936478988129 5.10530487246391 -0.615746983677588 0.327872957976258 0.121060974492782 0 0 0 79 1 
5.21797533314522 5.99968833217818 7.4144503483769 -0.856404933370957 0.499937666435636 0.38289006967538 0 0 0 95 1 
6.87974979805641 4.16787226112595 7.84882739502521 0.875949959611281 -0.0664255477748089 0.869765479005043 0 0 0 179 0 
5.01163814914475 4.00801015623217 5.9259548353654 -0.49767237017105 -0.498397968753567 0.48519096707308 0 0 0 252 0 
6.33949064602263 7.1550211516213 4.98766487637211 -0.432101870795473 -0.0689957696757402 0.297532975274422 0 0 0 256 0 
6.26483345433644 4.38636653774703 6.53195794288759 -0.247033309132712 0.177273307549405 0.406391588577518 0 0 0 80 1 
5.60939703397162 5.9594440954221 6.00154542125526 0.421879406794323 0.691888819084421 -0.499690915748947 0 0 0 60 1 
5.58945130905581 7.43068883897759 5.78081987081972 0.617890261811162 -0.0138622322044832 0.256163974163943 0 0 0 143 1 
5.72279592251482 7.98553438246541 6.43899187931079 0.644559184502963 0.897106876493082 -0.612201624137843 0 0 0 47 1 
4.61297746406285 5.23629335451962 5.14520399245585 0.22259549281257 -0.852741329096075 0.32904079849117 0 0 0 188 0 
7.96051862752236 6.81043026753536 5.879561592213 -0.507896274495528 0.262086053507073 0.875912318442599 0 0 0 214 0 
7.68294342358325 6.67493466950431 4.64983365326413 0.63658868471665 -0.365013066099138 0.229966730652825 0 0 0 253 0 
4.57218804449825 4.70328767302853 7.57241625518071 -0.18556239110035 0.440657534605706 -0.785516748963857 0 0 0 74 1 
5.27826260899972 4.88416912550378 4.9901535248709 -0.644347478200056 0.476833825100756 -0.301969295025819 0 0 0 108 1 
5.6267708466094 5.45042318491297 5.18763233640662 0.62535416932188 0.990084636982594 0.337526467281325 0 0 0 51 0 
4.76195289243464 5.78260017806849 5.63600435748864 0.452390578486927 -0.943479964386302 -0.172799128502271 0 0 0 167 1 
4.91604135960366 6.74424054676801 4.29968445174936 0.483208271920732 0.0488481093536022 -0.640063109650128 0 0 0 187 1 
4.44958593777554 7.58498074439448 5.08031874489355 0.389917187555107 0.816996148878895 0.31606374897871 0 0 0 63 0 
4.13917652939589 4.85252755881416 4.73321422213735 -0.672164694120822 0.670505511762832 0.646642844427469 0 0 0 88 0 
5.02133270990182 5.85407922811934 5.14553341385099 0.104266541980363 0.0708158456238677 0.929106682770198 0 0 0 197 0 
4.65824209802668 5.49454323725715 5.41933486239176 -0.768351580394664 -0.80109135254857 0.983866972478351 0 0 0 204 0 
7.02812801628871 4.70065094593483 7.53119374651049 0.705625603257743 0.840130189186966 0.806238749302097 0 0 0 52 0 
4.59176605921148 5.89512923681545 6.81856943380985 0.818353211842297 0.879025847363089 0.663713886761971 0 0 0 53 0 
4.30667265558771 6.60828535964428 4.29611609041472 -0.638665468882458 0.421657071928856 0.959223218082944 0 0 0 196 0 
5.55485335395732 5.84669364855826 4.46969759998258 -0.789029329208535 -0.130661270288348 0.793939519996515 0 0 0 203 0 
5.93815777110652 6.5956700614135 4.58071141339311 -0.112368445778697 -0.9808659877173 0.616142282678623 0 0 0 211 0 
4.3615519389536 4.49783989208945 4.51714212026592 -0.0276896122092806 -0.60043202158211 0.603428424053184 0 0 0 221 0 
6.01538966570802 5.02837940162738 4.15527103515549 -0.696922066858396 0.505675880325475 0.331054207031099 0 0 0 107 0 
6.33166225841786 5.23256467650382 4.47930279042334 -0.633667548316428 0.746512935300763 0.595860558084669 0 0 0 87 0 
