512
1.26504941890627 1.94119863573665 3.94416731202363 -0.0771844113183578 0.0275749147335409 0.277760457001477 0 0 0 7 0 
3.06703045971818 3.98799818178405 2.70425007301556 0.410439403732386 0.0929998863615029 0.200265629563472 0 0 0 12 0 
2.23105805657504 0.448432591800525 0.573285155316733 0.0456911285359398 0.246777036987533 0.254580322207296 0 0 0 62 0 
2.10492664685399 0.941443341862645 0.678129180160788 0.162807915428374 -0.222409791133585 -0.113866926239951 0 0 0 161 0 
2.3225357406817 2.86772972246006 3.21372420346991 0.301408483792606 0.460483107653754 0.54460776271687 0 0 0 147 1 
2.63202253372374 1.41874068794049 2.40917767480777 0.695751408357734 -0.130078707003719 0.369323604675486 0 0 0 128 0 
3.53828278366776 3.36591202045486 3.76042557063079 0.564892673979235 0.804119501278428 0.0787765981644244 0 0 0 234 0 
2.75900602003128 0.109589841756498 1.11767904377441 0.703687876251955 -0.399400634890219 0.476104940235901 0 0 0 236 1 
2.06102926869917 2.29133243547647 3.14477088050825 0.910064329293698 0.0494582772172791 0.0402981800317657 0 0 0 40 0 
1.23654980960637 2.17851417631704 0.115342159239787 -0.0164656368996022 0.667407136019815 0.663458884952487 0 0 0 158 1 
0.792579655163395 1.71195603228276 2.22308547598334 0.455786228447712 0.575747252017672 -0.267307157751042 0 0 0 239 1 
3.5878926047219 0.525586315105848 1.69512488193029 -0.0570067122048807 0.251599144694115 0.824695305120643 0 0 0 77 1 
0.0324047928693734 0.962599062604224 0.553187291238459 -0.279224700445664 0.716412441412764 0.690824205702404 0 0 0 213 1 
1.19522486668828 0.750292907157125 0.975566832100286 0.980951554168017 0.32814330669732 0.154722927006268 0 0 0 146 0 
0.358036401282748 0.573489093553928 0.130505993807624 0.741127275080172 -0.43290693165288 -0.0230933753870235 0 0 0 205 0 
0.515199353780502 3.43719123560306 1.41624766408068 0.875949959611281 -0.0664255477748089 0.869765479005043 0 0 0 179 0 
3.09912026701272 0.56302336036137 3.67683250019442 0.287445016688295 0.878938960022586 0.636052031262151 0 0 0 42 1 
1.25525477812708 0.898305727815511 0.540420450337067 -0.265296576367058 -0.600105892011531 0.752526278146067 0 0 0 198 1 
0.445079040242491 0.148087655595574 0.143858853821049 0.809067440015156 -0.646994521525277 -0.0222588216361844 0 0 0 136 0 
0.374947677152277 0.350913155505182 3.13637317142577 0.742184229822017 -0.696817927780926 0.789773323214111 0 0 0 225 1 
3.66887472234899 0.595000851372251 3.20519804428673 0.573054670146812 0.755937553210766 -0.143425122232079 0 0 0 210 1 
0.303011809611324 3.40621436013426 1.32313451410722 0.862688238100708 0.306638397508391 0.363945907131701 0 0 0 7 1 
0.725437830037606 3.45764082303244 1.51768431481651 -0.73591013562265 -0.0651474485604725 0.626105269676032 0 0 0 180 1 
0.355636864502501 2.9373566991056 0.170362237407826 -0.759022695968594 0.5898347936941 0.541897639837989 0 0 0 188 1 
1.70050727453589 1.18057540644915 1.76997483387923 -0.0499682953415065 -0.582464037096928 -0.233126572882548 0 0 0 151 1 
3.79362528631462 3.31746164077713 0.24187155965362 0.768351580394664 0.80109135254857 0.983866972478351 0 0 0 204 0 
1.27754615421859 0.687742765422065 1.86200595559501 -0.888903365361338 0.261733922838879 0.522625372224689 0 0 0 45 1 
0.501925184480413 2.22900242338107 1.6619588157501 -0.874879675969974 0.920562651461317 -0.0523775740156186 0 0 0 46 0 
3.41150578875401 0.58615567821096 2.27359262365847 0.244469111797126 -0.932115270111815 0.360849538978654 0 0 0 49 0 
1.17584466755937 1.14051409107456 3.28024881589871 0.417240291722461 -0.77246786930784 0.611265550993669 0 0 0 106 1 
3.67413420985156 0.944014195897156 1.84827241751811 0.885883388115722 -0.972249112756428 -0.165732973905118 0 0 0 66 1 
3.59297995817484 1.35624462353894 2.13046194274071 0.443311247385928 -0.821484711028816 0.851903871421295 0 0 0 8 1 
0.801144653607111 1.51157772691972 1.21790786786049 0.393821540850444 0.688223607932482 -0.705130758258719 0 0 0 250 0 
0.738239745443352 2.68128682206072 1.06077396130986 -0.42261001590979 -0.051169573621205 -0.777451627418134 0 0 0 112 0 
2.1421534818152 0.873194391025933 1.31977250858165 -0.52236540738655 0.273324649439121 -0.886264218213647 0 0 0 78 0 
1.30573015384263 3.80947424223269 2.11848548642251 -0.949641865384835 0.706842140139543 0.288655342901407 0 0 0 173 0 
3.5726511801912 2.31865637668682 2.9797205796956 0.81704069876195 -0.636333976457074 0.654982536230975 0 0 0 127 1 
0.92751262601287 3.68644047795645 2.58970771874763 0.839219539125804 -0.113347470127722 0.880606732421727 0 0 0 136 1 
2.67468030767565 1.55622862849802 1.43526196855873 0.385917519229728 -0.933985710718873 -0.44154612696508 0 0 0 52 1 
2.98109702199016 2.28581741157708 0.299923473967824 0.592568563874385 -0.825886411776433 0.862495217122989 0 0 0 99 0 
1.20999034787612 2.05791697300853 0.399819988833557 -0.705625603257743 -0.840130189186966 0.806238749302097 0 0 0 52 0 
1.94423498741919 2.90190064923706 1.92245086232875 -0.847235313286301 -0.412381209422684 0.463903178895547 0 0 0 153 1 
2.60155926472564 1.57178327992223 0.248019309494579 -0.806152545954648 0.31698645499514 -0.0782487931565888 0 0 0 29 0 
3.21525585882574 3.44782607963285 0.692949950487247 -0.517796508823392 0.184239129977053 -0.362940628094547 0 0 0 97 1 
3.36133910737399 0.988262912935825 0.0904888359434857 -0.508666305789126 -0.156983567941511 -0.525594447753532 0 0 0 125 1 
3.18705304795259 1.85371002388931 0.295225986205481 -0.644559184502963 0.897106876493082 0.612201624137843 0 0 0 47 1 
2.40634861052325 0.435586442190569 1.88057781180846 -0.818353211842297 -0.879025847363089 -0.663713886761971 0 0 0 53 0 
3.19751395641117 0.764009120830259 1.53609292907983 -0.768905377724302 -0.170999429948109 -0.935244191932511 0 0 0 13 0 
2.39110567411829 3.59109234338408 0.740170212845382 0.430694104632393 -0.369306728538495 0.265010638302836 0 0 0 249 0 
1.93489597017718 2.03367821188118 2.79824323483642 0.214680998136074 0.158354888242573 -0.668859797822724 0 0 0 34 0 
2.70939656203906 0.36547328813316 2.59322232396923 0.763087285127441 0.241592080508323 -0.931673604751923 0 0 0 95 0 
2.66297969933556 2.93534595706708 2.92007017975759 -0.114813768791528 0.777209122316692 -0.911245613765151 0 0 0 217 0 
2.97526894828675 1.78629481907002 3.6119670067761 0.467204309267922 -0.544606573808124 -0.368002062076493 0 0 0 229 1 
0.59495093740999 1.76284281174684 3.89784076424549 0.443434433588124 -0.608572324265823 -0.100134952234657 0 0 0 211 1 
3.68899553175565 2.25107791540188 3.02804024774532 -0.738187779265272 0.109442369712617 0.783002515484083 0 0 0 33 1 
3.41694773416225 3.82240297951577 2.31265896794437 -0.81769076661486 0.645150186219735 -0.574208814503476 0 0 0 137 1 
3.53865656865102 2.26990709998811 1.33346936507652 -0.497583964459311 -0.889380806250743 0.364591835317283 0 0 0 65 1 
3.05282955408515 3.60551895345945 0.881420573834832 -0.152948152869678 -0.555905065408784 -0.726161214135323 0 0 0 126 0 
3.39083373308949 3.72793137463069 3.07777969309893 -0.881822891681907 -0.548254289085582 0.0986112308186828 0 0 0 30 0 
1.62579923360188 0.794715721127035 3.6112167540287 0.195362452100117 -0.23158026742956 -0.430548952873206 0 0 0 146 1 
1.77143917718243 2.38698158346345 3.63003887101813 -0.0455350514260984 -0.319563651033534 -0.866872570561367 0 0 0 159 0 
2.71833226438884 3.99212286903152 3.88710859030317 0.263645766524303 -0.21924232068553 -0.663305713106052 0 0 0 158 0 
3.7241080005557 3.51555608735859 3.25707320593949 0.201506750034732 -0.624027744540088 -0.765182924628781 0 0 0 9 0 
2.09552884991299 3.81832975393307 3.46375921910821 -0.525279446880438 -0.292604390379183 -0.877265048805737 0 0 0 222 0 
5.53207524729237 0.0773267681347178 1.62086686977682 -0.247995297044227 0.0985829230084199 0.257554179361051 0 0 0 103 0 
4.34039452131681 0.306067175871065 0.8571935000518 -0.0724753424176992 -0.0746208015080584 0.272324593753237 0 0 0 118 0 
5.12812271511584 0.270498637176704 2.23726112410522 -0.33574233030526 0.110656164823544 0.421078820256576 0 0 0 70 1 
6.92797362038297 1.42728002195951 1.18305424923511 -0.0357516487260645 -0.129544998627531 0.417690890577195 0 0 0 96 1 
7.50754730873047 2.55368591063284 2.69615373540544 -0.187028293204346 0.565855369414552 -0.11274039153716 0 0 0 202 1 
4.75001280138047 0.736520125882471 0.446131287441972 -0.671874199913721 -0.110217492132346 0.246633205465123 0 0 0 57 0 
7.01246348718793 0.178124393515268 1.05961979894044 -0.467971032050754 0.167382774594704 -0.215023762566223 0 0 0 10 1 
4.32269277996376 1.41531058220696 2.87618722605666 -0.323581701252265 0.494706911387935 0.648511701628541 0 0 0 251 1 
6.28785975526951 2.961894886601 1.96672857064589 -0.575758765295656 0.0913684304125628 0.404170535665368 0 0 0 5 1 
6.009124228223 2.7450359066752 3.34665836866045 0.219320264263938 0.3278147441672 0.802916148041278 0 0 0 43 1 
4.66229348439056 0.869767174906443 0.737280016604357 -0.86485665722559 -0.351889551568347 0.452330001037772 0 0 0 171 1 
5.16594469843524 1.98906590322892 0.343804826099163 -0.395878456347798 -0.156933381048193 0.490237801631198 0 0 0 241 1 
5.82388625332526 1.23466876470263 0.846063561420905 -0.229757109167171 -0.0790832022060853 -0.415871027411194 0 0 0 123 1 
6.23489200420022 0.739670112819478 1.96153478998531 0.170930750262514 -0.0475206179487826 0.778845924374082 0 0 0 24 1 
6.73955710047726 1.78297434434474 0.282122198806948 0.327472318779829 0.955185896521546 0.673882637425435 0 0 0 26 1 
7.46334529474284 0.876901317110458 1.56922654071659 -0.877290919078573 0.336056332319404 0.191826658794787 0 0 0 210 0 
7.4261775098047 2.09416178638367 1.15620051059642 0.620386094362794 0.412135111648979 0.541012531912276 0 0 0 179 1 
5.28670981756244 1.12197169885984 3.34519950905597 -0.0758306364023476 0.91387323117874 -0.00967503068400177 0 0 0 123 0 
6.61541725870137 1.02381155660692 2.03471545555801 -0.305286421331164 0.970238222287932 0.470919715972376 0 0 0 85 1 
5.00395278097224 3.27018407718928 3.26321196981097 0.156497048810765 -0.13936349517567 0.360200748113186 0 0 0 167 0 
5.91867951607423 0.732034407183429 1.36100615848875 -0.22383253024536 0.0770021504489643 -0.446187115094453 0 0 0 115 1 
7.19205852080154 3.42631940329771 1.42385812508147 -0.269246342449904 0.557894962706107 -0.442258867182408 0 0 0 245 1 
6.7058025048879 2.96077143879403 0.888812199983534 0.0128626565554935 0.653798214924627 -0.600699237501029 0 0 0 223 1 
7.90817822153687 2.9445062057363 2.23581995234015 0.900511138846054 -0.159718362141481 0.983488747021259 0 0 0 231 0 
7.8916432579547 0.909118141045549 2.00418076973378 0.836977703622169 0.525569883815347 -0.405988701891638 0 0 0 254 1 
7.03106134428651 2.5534611170885 0.220898619827636 0.0956913340179071 0.0658413198180312 -0.829943836260773 0 0 0 102 0 
6.15501759910256 0.58530274530176 0.383351634172624 0.29093859994391 -0.68216857841864 0.992709477135789 0 0 0 130 0 
6.23760781953398 1.77536216531462 0.461340335257318 0.671100488720873 -0.357789864667836 0.685083770953582 0 0 0 221 1 
5.20820136090441 2.01212742301699 3.4340349425928 -0.705737414943474 -0.530492036061438 0.62087718391205 0 0 0 165 1 
7.31672394793535 1.35948798470818 3.21559597864424 0.61354524674596 -0.696282000955739 0.294724748665265 0 0 0 31 0 
7.19341342357993 3.52491477290206 0.793763942417897 0.543338338973746 -0.123442826693621 0.393360246401119 0 0 0 150 1 
6.80017928758546 3.67047493249563 0.732187739023487 0.831261205474091 0.635654683280977 -0.860488266311032 0 0 0 219 0 
4.80407359867596 0.813583911557458 2.2067006338674 -0.105995400082753 -0.355401005527659 -0.455831210383288 0 0 0 235 1 
7.80084643767691 2.02203550868484 2.20143935209369 -0.668697097645193 0.595127219292803 -0.456160040494145 0 0 0 175 1 
5.78431851656766 1.23722136058112 1.31363829209736 0.830269907285479 -0.82892366496368 0.363352393256085 0 0 0 72 1 
4.84990646170363 2.01252976655014 2.06800596073614 -0.853130846143523 -0.842966889590616 0.035500372546009 0 0 0 19 0 
5.74992949129083 2.42977889464927 0.504945348016847 -0.421879406794323 -0.691888819084421 -0.499690915748947 0 0 0 60 1 
6.83865930950452 3.09650312472988 1.31967205451171 0.333666206844032 -0.400218554704383 0.988729503406982 0 0 0 154 0 
6.01386667127287 0.176873618466551 1.26292304521327 0.0321166669545541 -0.145195398845841 -0.95231730967417 0 0 0 74 0 
7.04897032388315 2.19046975824067 2.29144499149382 0.284310645242697 0.980654359890041 -0.700534688031636 0 0 0 43 0 
5.91122516828763 2.50970069655193 2.49649314812808 0.525701573017977 0.688106293534495 -0.687719178241995 0 0 0 175 0 
5.49014661005404 1.04656584670946 2.26388576331473 0.749384163128378 0.596660365419341 0.985242860207171 0 0 0 239 0 
4.81952073683848 3.09350239514879 0.587681928355822 0.769970046052405 -0.525406100303201 0.880480120522239 0 0 0 228 0 
5.58674194538499 2.09414370992042 3.49241660433867 -0.369578628413438 -0.962866018129974 0.499526037771167 0 0 0 69 1 
4.868987389295 3.20389306755791 3.34283577240686 0.0855617118309377 -0.70600668327763 0.802677235775428 0 0 0 40 1 
4.27499825183675 0.669174519535286 3.36851155714149 0.173437390739797 -0.489426592529045 -0.570718027678657 0 0 0 190 0 
7.75008229709184 0.0536783618642698 3.0049013824638 -0.10936985643176 0.0346048976165169 -0.718443663596013 0 0 0 83 0 
5.59833980894887 1.37715065705296 3.05497219561872 -0.181353761940696 0.0548219160658101 -0.71531423777383 0 0 0 84 0 
6.43379238582676 3.50862581341497 2.85709515731294 -0.191637975885827 0.438039113338435 -0.790181552667941 0 0 0 79 0 
7.96508241787311 2.8322713705564 3.20050643912511 0.966567651117069 0.895766960659775 -0.706218347554681 0 0 0 212 0 
4.16729982175627 0.656716706015177 3.86944726644698 0.291706238859767 -0.990205205874051 0.085590454152936 0 0 0 33 0 
4.00179571228924 1.1264604524987 1.88487347765731 0.0313622320180778 -0.148346221718831 -0.788445407646418 0 0 0 32 0 
7.25996931486535 3.6067540052132 0.634954356205443 0.922498082179084 -0.743327874674175 0.82093464726284 0 0 0 116 0 
7.75967228074114 3.58660611281874 2.75857486771133 0.891229517546321 -0.619587117948829 -0.796339070768041 0 0 0 75 0 
7.51036550428757 3.27406473354232 3.91799426141654 0.438147844017973 0.360879045846395 -0.911375358661466 0 0 0 41 0 
7.99513765811532 3.78716324419156 3.99502313690107 0.530946103632208 0.767947702761972 -0.0940610539436829 0 0 0 157 1 
4.81394889528374 1.99448140332665 3.7052171056952 0.394621805955234 -0.531594912292084 -0.54967393089405 0 0 0 182 0 
2.74570096667059 4.50950565068106 2.34741353864565 0.202856310416912 -0.311905896832434 -0.00953665383464652 0 0 0 169 0 
3.16925968200053 4.29881477707579 3.88524497898509 0.166828730125033 -0.700074076432763 0.774077811186568 0 0 0 49 1 
0.509591112782331 4.86754405894304 0.8514928749739 -0.374400555451104 -0.10202849631606 -0.103031695314131 0 0 0 235 0 
2.10358794725294 6.38616479088966 1.25563810270492 0.287724246703309 -0.694614700569396 0.234727381419058 0 0 0 39 0 
1.32514723865072 6.20857905537645 3.13845488728933 0.61407170241567 0.106786190961028 0.539903430455583 0 0 0 212 1 
1.05011641424045 6.62274112666418 2.86292860144259 0.596882275890029 -0.242328679583489 0.585183037590162 0 0 0 232 1 
2.49957347241023 6.01374705012444 1.04888304457749 0.0624733420256394 -0.0303908093672229 -0.340694809713907 0 0 0 170 1 
0.925385998633062 6.87046574103251 2.02945486878585 0.151586624914566 -0.664345891185468 -0.0919090707008845 0 0 0 54 0 
2.42647928798851 5.27164320426141 1.89336215068761 -0.192095044500718 0.173227700266338 0.587085134417976 0 0 0 122 1 
0.965950490561399 5.42409797222565 2.3363628650499 -0.158378094339912 -0.00474387673589671 0.802272679065619 0 0 0 152 1 
1.8095596512009 5.87065879838791 1.66849127958689 0.644347478200056 -0.476833825100756 -0.301969295025819 0 0 0 108 1 
3.74655338430437 7.87622351347806 0.988453024563 0.265409586519023 -0.663986030407621 -0.0319716859648126 0 0 0 25 0 
1.02824158071441 5.11431322029742 3.9597017355617 0.34551509879465 0.163394576268589 0.216231358472606 0 0 0 73 0 
2.58366292734034 6.17079887128995 1.24176257172642 -0.182271067041229 0.354424929455622 0.483860160732901 0 0 0 98 1 
2.34126445602676 7.20701047061726 0.790763381751476 0.990079028501673 0.0441881544135785 0.143172711359467 0 0 0 155 0 
3.66740816447193 5.50702698004819 0.508062451273279 -0.0520369897205044 -0.624560813746988 0.18800390320458 0 0 0 97 0 
3.38484381137307 7.78650648807432 0.764462712120149 0.180302738210817 -0.669593344495355 0.704028919507509 0 0 0 25 1 
2.68327043230589 6.84277120196444 1.54617800778485 0.136454402019118 0.271423200122777 -0.372113874513447 0 0 0 57 1 
2.53100174239441 6.4494794463087 1.06826798342172 -0.18556239110035 -0.440657534605706 0.785516748963857 0 0 0 74 1 
3.34975078416827 7.77192367678208 0.22900975223517 0.928109424010517 0.39199522979888 -0.579436890485302 0 0 0 101 1 
1.60183893308198 5.90917356333526 2.98803143431422 -0.431135066682377 0.213073347708453 0.655501964644639 0 0 0 124 1 
1.38284378108 6.06928994266764 1.30106330041273 0.9926777363175 -0.589419378583272 0.737566456275796 0 0 0 18 1 
0.127434602210798 6.22575711738202 3.07803626048296 0.789214662638175 0.357859819836376 0.473627266280185 0 0 0 4 1 
0.703183509987639 7.00326581113728 1.09590953418726 0.575198969374227 -0.96854588680392 0.912244345886703 0 0 0 236 0 
2.53938671278551 6.85165762773477 2.59255222822686 0.502461669549095 -0.165521398266577 -0.244215485735821 0 0 0 234 1 
0.265200724904034 7.26631365370538 1.03506491868632 0.235325045306502 0.360394603356587 0.970941557417895 0 0 0 24 0 
0.536913197668553 7.06753804063801 1.07663361306722 -0.497692925145716 -0.527028872460124 -0.526460399183299 0 0 0 100 1 
1.4418002336299 6.58748844643606 1.64449224133375 -0.128637485398131 0.630468027902254 0.44653076508336 0 0 0 32 1 
1.62383582264198 6.99587781613755 1.35574174408369 -0.304760261084876 0.655992363508597 0.67848385900523 0 0 0 111 1 
1.26548377448481 5.48004366107494 3.13115943909213 -0.5771572640947 -0.438747271182816 0.0394474649432583 0 0 0 110 0 
0.383631550753843 4.19992800833137 1.4151118635607 -0.819773028077885 -0.581254499479289 0.182194491472544 0 0 0 27 0 
0.186667168832429 7.98240178015273 2.70020285588795 -0.769583301947973 -0.469849888740455 -0.237487321507003 0 0 0 36 1 
1.90808868363948 7.12602551643077 3.13059444130212 0.588005542727468 0.726626594776923 -0.210587847418617 0 0 0 228 1 
2.72091039136617 4.85862569389266 0.775150726096939 -0.0486931005396138 -0.415085894131709 -0.670303079618942 0 0 0 132 1 
0.256413714011992 6.79194621510877 2.44455498167903 -0.26522414287425 -0.106753361555703 -0.37846531364506 0 0 0 253 1 
3.86884880970936 5.07117231584695 0.582591117786648 0.960553050606835 -0.0268017302595656 -0.744838055138335 0 0 0 245 0 
2.81909890557324 6.28727678347099 0.558304269602047 0.832443681598328 0.0492047989669362 -0.746355983149872 0 0 0 246 0 
0.829204730938584 7.73847963054942 0.538119979228781 0.708075295683661 0.514904976909339 -0.747617501298201 0 0 0 114 0 
3.80107006310978 4.45134104350295 0.00626047865705992 0.393816878944361 0.121958815218934 0.0316412799160662 0 0 0 11 0 
1.75199086083975 5.34324220890559 1.87524085909143 0.265749428802484 0.365202638056599 -0.476547446306785 0 0 0 35 1 
2.93981104576061 7.31261161857559 0.107333380279821 -0.285011809639962 0.925788226160974 -0.337041663732511 0 0 0 224 1 
2.37365960807156 6.30662314388684 0.485402904918406 -0.507896274495528 -0.262086053507073 -0.875912318442599 0 0 0 214 0 
3.58882718723784 5.31754042082845 0.497776666247002 -0.119448300797635 0.176096276301778 -0.875138958359563 0 0 0 90 0 
1.43585352330179 7.00832496265866 1.20848185723709 0.245990845206362 -0.155729689833834 -0.705719883922682 0 0 0 187 0 
1.04370576694873 7.75615784875952 0.867840405992142 0.783981610434296 -0.60899013445253 -0.789509974625491 0 0 0 101 0 
0.672740302896421 7.50448173129952 0.717997486228441 0.323296268931026 -0.87471989179378 -0.861375157110723 0 0 0 213 0 
3.83542801452555 7.70747769437559 1.42976899269951 0.0209642509078471 -0.862032644101526 -0.754389437956281 0 0 0 168 0 
1.76762121534055 5.63253766927795 0.429052681389521 0.454226325958785 0.570783604329872 0.620565792586845 0 0 0 110 1 
3.64625902111615 6.17871662005584 3.78694818692756 -0.0533588111802408 0.97991978875349 0.955434261682972 0 0 0 201 1 
1.61891691560082 6.04809609096008 2.01252965779594 -0.492567692774949 0.721756005685005 0.782033103612246 0 0 0 215 1 
1.79523075131173 6.20247314754606 2.55092526070532 -0.981548078043017 -0.081095428278371 0.315682828794082 0 0 0 174 0 
3.44513666690136 6.93650275774372 0.98894069600038 -0.253428958318665 0.964781422358983 -0.344441206499976 0 0 0 240 1 
2.71864750211933 4.75348684913831 1.1524285106729 0.638665468882458 -0.421657071928856 -0.959223218082944 0 0 0 196 0 
2.65511436549524 7.74181988679276 1.8510575096681 -0.177805352156547 0.827613742924547 -0.728058905645744 0 0 0 230 0 
3.34375158440957 4.57856703768786 1.66595742908084 -0.134765525974402 -0.495089560144509 -0.989627660682447 0 0 0 94 0 
0.501502803124875 4.99125608333009 3.18382727380627 0.625093925195304 0.65570350520813 0.105239204612892 0 0 0 215 0 
2.44521628798327 5.20157333894443 0.209941015425354 0.871576017998955 0.918848333684027 -0.0181286865359154 0 0 0 201 0 
2.73430672325716 4.43740133998963 0.179998694261782 0.702144170203572 0.371087583749352 0.854999918391361 0 0 0 104 0 
1.50439847442523 4.91401981286971 3.07991772693411 -0.874725095348423 0.838376238304357 -0.0262551420666183 0 0 0 189 0 
2.56395320821784 7.13130048145979 0.365131471647387 -0.871002924486385 -0.523043719908763 0.366570716977962 0 0 0 17 1 
3.06586204823832 7.79270856584313 0.0447032839671562 -0.902133621985105 0.205794285365195 0.471543955247947 0 0 0 178 1 
3.79335268671439 5.73218118726635 2.80729655249355 -0.106665457080351 -0.860488675795854 -0.293293965469153 0 0 0 126 1 
2.36698145380085 7.3412606206616 1.17529173100987 -0.820813659137447 0.92757878879135 -0.0202942668118828 0 0 0 157 0 
0.0429929674987974 5.27280364842086 2.29905959856418 -0.0285629395313252 0.985800228026304 -0.887558775089738 0 0 0 133 0 
3.94948331532081 6.77394392292229 2.7121182992732 0.340592707207551 -0.232878504817357 -0.861742606295425 0 0 0 134 0 
3.12446926733656 4.40941967538643 2.79696768005576 0.789029329208535 -0.130661270288348 -0.793939519996515 0 0 0 203 0 
0.39251019469188 4.39683534705307 3.03720311697991 0.868281887168243 0.618552209190817 0.0960751948112444 0 0 0 151 0 
3.51141374089525 7.78241658205657 3.36908097563235 -0.749286641194047 -0.732348963621464 0.741817560977022 0 0 0 61 1 
3.73105974714042 7.70561119469002 0.185397410581785 -0.798058765803723 0.387850699668126 0.980337338161362 0 0 0 5 0 
3.99562862054424 4.81282781697469 3.5344877333114 0.968476788784015 -0.167948261439082 -0.935344516668037 0 0 0 237 0 
1.4150850031227 7.67151893034794 3.11626804925145 0.994692812695169 -0.676780066853254 -0.898983246921784 0 0 0 26 0 
7.37070670560138 4.60372420909091 1.01603792389108 -0.0705808308999134 -0.431017236931818 0.282252370243192 0 0 0 244 0 
6.73901118130549 5.05260508459735 1.43059793186817 0.264938198831593 -0.340462182212666 0.0581623707417604 0 0 0 135 0 
5.76866764926828 7.28156974965763 2.74100975440204 -0.483208271920732 0.0488481093536022 0.640063109650128 0 0 0 187 1 
5.45342564963447 5.22982493161271 1.61090249650897 0.0595891031021543 -0.266885941774206 0.56943140603181 0 0 0 249 1 
7.14598457154374 6.1575459154372 3.66778321947382 -0.584625964278516 -0.0214033802851747 0.135486451217114 0 0 0 153 0 
7.496788992326 7.08952982093719 2.3329513402975 -0.562700687979625 -0.338154386191426 0.364559458768594 0 0 0 61 0 
6.06809694954477 6.36635816335343 2.8601430101391 -0.839493940653452 0.304147385209589 0.710008938133694 0 0 0 56 1 
6.96147651645829 4.34105720339591 0.187121415608219 -0.533657717721357 -0.322433924787755 -0.519554911524486 0 0 0 185 1 
7.37283995411986 5.39097399958104 2.83475920732672 -0.695447502867509 0.0556858749738145 0.58342245045792 0 0 0 163 1 
6.96175859422658 6.01760836698682 1.60187038043435 -0.596140087860839 -0.905149477063324 0.818866898777147 0 0 0 129 1 
7.88344809320471 6.42347580494959 0.505653568079482 0.336465505825294 0.245217237809349 0.687853348004968 0 0 0 27 1 
7.30087119166942 4.89789628005718 3.00965611478102 -0.824945550520661 -0.725131482496426 0.156853507173814 0 0 0 65 0 
5.88170222578442 4.6894641413486 0.15149937108242 -0.538643610888474 -0.738158491165712 0.728218710692651 0 0 0 2 1 
4.52583498455299 7.80517126712851 0.440003897666443 -0.998385313465438 0.331573204195532 -0.628749756395848 0 0 0 89 1 
7.68871366832376 5.02849411361753 0.837533158169118 0.449294604270235 0.220530882101095 0.95859582238557 0 0 0 21 0 
7.71695453553084 5.75906520136893 0.816491832112447 0.888559658470678 -0.483808424914442 -0.230219260492972 0 0 0 75 1 
7.58032731779561 6.27174685392686 1.3385502126399 -0.369979542637774 0.360734178370429 -0.635090611710006 0 0 0 3 1 
6.88650581020516 5.97571452832918 3.88730136173462 0.274156613137822 0.592232158020574 0.274206335108414 0 0 0 15 0 
4.67408758551565 4.67474003056336 2.3891043996162 -0.364119525905272 0.19842125191021 -0.381930975023987 0 0 0 118 1 
4.38484081259276 6.94718888596325 0.364472093951697 0.117802550787048 -0.972050694627297 -0.258470494128019 0 0 0 139 1 
6.16826467168582 6.63305352998188 0.634293075676838 0.104266541980363 0.0708158456238677 -0.929106682770198 0 0 0 197 0 
6.35588514377969 6.23637918939899 3.79294599239989 0.30349282148623 0.921023699337437 0.705809124524993 0 0 0 190 1 
5.88850494979045 5.78021389917222 0.809366760061123 -0.850718440638097 0.705013368698264 0.64433542250382 0 0 0 168 1 
4.40220726294186 6.09974228594922 3.56256397719523 0.118887953933866 0.912483892871826 0.878910248574702 0 0 0 159 1 
5.58217142749541 5.40530308156875 1.14892410908467 -0.182364285781536 0.681581442598047 -0.834442243182208 0 0 0 216 0 
5.89767430998273 6.39769631882137 2.91017523660044 0.712354644373921 -0.443893980073664 0.400635952287528 0 0 0 122 0 
6.16142685209474 6.50887054401758 0.318901014437811 0.978839178255921 -0.0619455909989007 0.238681313402363 0 0 0 255 0 
4.53519971431904 7.61194126971625 1.01275995366309 0.18969998214494 -0.305503670642734 -0.342952502896057 0 0 0 46 1 
5.76823908160244 7.71925709810296 0.892587547329615 0.829264942600152 -0.423796431368565 0.649536721708101 0 0 0 104 1 
6.54682708906694 7.88991067733558 0.592737710650952 0.940426693066684 0.899369417333474 -0.494203893084315 0 0 0 252 1 
6.38706974190597 7.32309455057853 2.87385704603526 0.930441858869123 -0.261056590588842 -0.351633934622796 0 0 0 244 1 
4.13765787658481 5.25200953208238 2.7069734694646 -0.897646382713449 0.109500595755149 -0.487064158158462 0 0 0 31 1 
7.54794902969732 6.93425239949998 2.11624336838356 -0.372003185643917 0.402140774968749 -0.898984789476028 0 0 0 3 0 
6.44116419736048 5.79307278966367 2.59106502045016 -0.50367723766497 -0.981682950646021 -0.681808436221865 0 0 0 166 0 
5.20671886422511 6.29260024192698 2.66576024272246 -0.643330070985931 -0.825462484879564 -0.552139984829846 0 0 0 13 1 
6.71847467220326 6.82637444949589 1.82399090475999 -0.673845332987296 0.457898403093493 -0.792250568452501 0 0 0 18 0 
5.40831199718665 5.74950136888768 1.8456696947505 0.369269499824166 -0.67190616444452 -0.915895644078094 0 0 0 1 0 
7.84498813713378 4.93047004760242 1.3109092429259 0.459061758570861 0.714404377975151 0.0506818276828687 0 0 0 137 0 
6.26662001542772 4.9186264089862 1.83821040809746 0.360413750964233 0.776164150561638 0.833638150506091 0 0 0 141 1 
6.33350368408016 5.08167861110313 1.06139620905901 -0.0104060197449899 0.598854913193946 0.847587263066189 0 0 0 243 0 
5.46217401119431 6.40992332415701 3.58179022988823 0.935135875699644 -0.568129792240187 0.192611889368014 0 0 0 67 0 
4.78070328898855 7.64618839593738 2.53003444420469 0.517543955561784 -0.615863225253914 0.376877152762793 0 0 0 56 0 
5.21124062368809 6.85575901926053 0.375005355080021 0.919452538980506 0.459734938703783 0.617187834692501 0 0 0 99 1 
5.11159517096829 4.50883248290927 1.34385742483296 0.850724698185518 0.12555203018183 -0.0722589109479397 0 0 0 108 0 
5.12194378593411 7.15372908727857 3.7125511226785 0.976371486620882 0.66585806795491 -0.0492155548325938 0 0 0 78 1 
5.7861021727378 6.29873599334707 1.27783903049171 0.955381385796113 0.737420999584192 -0.388885060594268 0 0 0 247 1 
5.26096294946514 7.99591515372806 2.21122073855061 0.922560184341571 0.530994697108004 -0.643048703840587 0 0 0 115 0 
7.20108855944789 4.51695551680175 3.56570663485439 0.856318034965493 0.313559719800109 -0.4333933353216 0 0 0 83 1 
5.39872367867849 6.77757603443973 2.85292590209551 0.806170229917406 0.642348502152483 -0.852942131119031 0 0 0 80 0 
5.57209364993115 7.08674734934361 2.68755026307218 -0.557994146879303 -0.463328290666024 -0.925778108557988 0 0 0 22 0 
6.62973277318273 7.78491236162556 3.00967102590913 -0.86689170167608 0.892807022601597 -0.655645560880679 0 0 0 233 0 
6.00975585359553 5.98350997423246 3.08887013384312 0.844359740849721 0.0302193733895288 -0.650695616634805 0 0 0 232 0 
4.63859740994882 6.82806853283292 2.3963016717594 0.258662338121801 0.708004283302057 -0.818981145515037 0 0 0 129 0 
5.94155099723754 4.51021838615184 2.8518518502494 0.152596937327346 0.87563864913449 0.0844907406405877 0 0 0 156 0 
6.28174391640347 4.40574050426573 3.70583450154171 -0.0761410052247832 0.431608781516608 0.887864656346357 0 0 0 92 1 
6.07902350004929 4.23437923391259 2.25637349809924 0.161188968753081 0.670898702119537 0.984773343631202 0 0 0 172 0 
4.93856665096158 4.10986541458631 2.21139760976625 -0.0350895843149014 0.975616588411645 -0.33053764938961 0 0 0 242 1 
6.16729954022 4.11935432471622 0.51999383854721 -0.77079377873625 0.851209645294764 -0.998750385090799 0 0 0 139 0 
6.26175074420917 4.59567943018084 3.73521394396366 -0.452390578486927 0.943479964386302 -0.172799128502271 0 0 0 167 1 
4.07558931046006 4.82847053515268 0.427815295458316 0.285974331903754 -0.354470591552958 0.932988455966145 0 0 0 149 0 
4.17531924038328 7.34781489454769 0.258647298836483 0.354707452523955 -0.447011569090769 -0.82758454382272 0 0 0 38 0 
4.3763139927447 6.19299963076586 0.118512288637276 0.804769624546544 0.918312476922866 0.91365701803983 0 0 0 224 0 
4.212628495755 6.26860849985668 3.18408185354181 0.669539280984688 0.298038031241042 -0.457244884153636 0 0 0 87 1 
5.72526637248689 6.7640124231438 3.8172495316252 -0.0484208517195701 -0.358499223553513 -0.917671904273425 0 0 0 111 0 
4.56937823338022 7.02864636451807 3.66617766107723 -0.933163860413736 -0.841959602217621 -0.677113896182673 0 0 0 148 0 
7.49309752635834 5.18615803538339 3.89682973577615 -0.812931404602604 -0.269615122788538 -0.41269814151399 0 0 0 217 1 
5.41005049998574 7.35323629974776 3.14601403388238 -0.318121843750891 -0.946672731265765 -0.897124122882351 0 0 0 218 0 
4.48339110344076 6.6475871432099 3.92775172473205 0.436461943965048 0.509224196450619 -0.223265517204247 0 0 0 55 1 
1.17109590645433 1.35094523206533 5.46052205778885 0.229443494153395 0.0531840770040832 -0.00246737138819697 0 0 0 19 1 
3.83547646725998 3.13594801639144 4.2335296476576 0.145967279203749 0.727246751024465 -0.4541543970214 0 0 0 142 1 
1.11896947765844 3.55813205806086 4.39848648199499 0.101185592353653 0.816133253628804 -0.318844594875313 0 0 0 169 1 
1.69260270966726 3.37503677897914 7.26857858165951 -0.175462330645797 0.179689798686196 0.360536161353719 0 0 0 81 0 
0.462757922736809 1.47436750005707 4.73694452683071 0.49767237017105 0.498397968753567 -0.48519096707308 0 0 0 252 0 
2.72784244801147 2.51774370378303 6.56039099416577 0.951740153000717 0.00110898148643934 0.0037744371353603 0 0 0 44 1 
2.15257708267878 2.03129901197146 5.18128137284115 0.0407860676674237 -0.279293811751784 -0.207419914197428 0 0 0 186 1 
2.41271933282187 3.60020445291327 4.26394795682307 0.494544958301367 -0.0562372216929206 -0.327253252698558 0 0 0 226 1 
1.10111878813285 0.595713031891255 7.5807190783983 0.850069924258303 0.443482064493203 -0.494955057600106 0 0 0 140 0 
1.15275429610207 2.31758887920022 4.47378188706553 -0.39670285649362 0.926099304950014 -0.314138632058404 0 0 0 112 1 
2.344414626924 1.0901967536251 6.73305658266674 0.0527759141827502 0.161887297101569 0.452066036416671 0 0 0 6 0 
0.953208240340263 2.93408766155296 5.94637716933363 0.215825515021266 0.46463047884706 -0.909601426916648 0 0 0 131 1 
3.83744038597099 0.881280007230262 4.78595300964974 0.646090024123187 0.836330000451892 -0.919627936896891 0 0 0 127 0 
3.96030685340534 1.03613127038187 6.85934319167595 0.778769178337834 -0.591491795601133 -0.852541050520253 0 0 0 200 1 
0.0115549512719042 3.71193473796324 6.94754458657609 0.656972184454494 0.700745921122703 -0.847028463338994 0 0 0 206 1 
2.30231012380528 0.404362818567306 7.14533811130195 0.23764438273783 0.681522676160456 0.540333631956372 0 0 0 150 0 
3.91942841261386 1.93583123296283 7.612326038916 0.463714275788366 -0.347760547939823 -0.86797962256775 0 0 0 160 1 
0.0106582108642073 0.774818906018794 6.54904121309026 0.906916138179013 -0.232823818373825 -0.184434924181858 0 0 0 162 1 
2.04566377903244 2.43223404228634 6.64456455738673 -0.465896013810472 0.995764627642896 -0.990964715163329 0 0 0 107 1 
0.64449561695588 0.959536589436877 4.84242111926017 -0.178469023940257 -0.721278963160195 0.0214013199537599 0 0 0 16 1 
0.327398076449413 2.83107436948993 7.53101602460394 -0.885787620221911 0.0831921480931206 -0.935561498462253 0 0 0 38 1 
1.54940857110026 2.88583589577518 5.80523445221429 -0.809411964306234 -0.0383852565140511 -0.168422846736607 0 0 0 62 1 
3.5586640710864 1.16146823132223 4.48895895914771 -0.1213334955571 -0.0211582355423606 -0.625690065053268 0 0 0 86 0 
1.50521624856205 2.48091895136168 5.38678749962075 -0.687173984464872 -0.251192565539895 0.0554242187262972 0 0 0 140 1 
2.70731439309955 3.52747231458383 6.69821190064671 0.575457149568722 -0.123282980338511 -0.175111756209581 0 0 0 231 1 
3.40617201811452 1.1089796686547 7.00735039422732 0.681635751132157 -0.774438770709081 0.344209399639207 0 0 0 92 0 
1.3145810445336 2.65979094241379 7.17946769044521 -0.63658868471665 -0.365013066099138 0.229966730652825 0 0 0 253 0 
2.08601565894122 0.634793172146757 7.06751856360826 -0.463374021316174 -0.866575426740828 -0.964530089774484 0 0 0 103 1 
1.66492515886274 2.19061230861675 6.97924144780751 0.260307822428921 0.543163269288547 0.779952590487969 0 0 0 155 1 
2.47879183508468 1.67758179370831 4.86266900033615 -0.751325510307208 0.51109886210677 -0.539833187478991 0 0 0 170 0 
3.09354741051625 1.11936384452954 5.81388313082847 -0.337903286842734 0.413710240283097 -0.605382304323221 0 0 0 200 0 
1.6336259318306 0.141481088382918 6.78974121828401 -0.991648379260588 -0.397407431976068 0.20560882614275 0 0 0 186 0 
1.56377796593263 1.67394891269259 5.83621957355504 -0.933513877129211 -0.614128192956713 -0.97898627665281 0 0 0 145 1 
1.45924999719051 1.46800476323527 6.90752709161071 -0.940046875175593 0.185500297702204 0.775470443225669 0 0 0 21 1 
3.3441736744078 3.12954288306511 4.61308745533006 0.615260854650488 -0.335653569808431 -0.742932034041871 0 0 0 207 0 
1.39297466361234 1.64499659436637 5.28246545626149 -0.381689083524229 -0.865937712852102 0.361404091016343 0 0 0 68 0 
0.796167917488461 0.584982991855239 6.74270223523692 -0.231489505156971 -0.119688563009048 0.952668889702308 0 0 0 121 1 
1.08769049890735 1.71801860451066 4.52363003040507 0.53673065618171 -0.736373837218083 0.251476876900317 0 0 0 76 0 
3.14443298482318 1.18072310504438 6.49117555673777 -0.522222938448551 -0.207454805934726 0.186948472296111 0 0 0 241 0 
3.02912888283679 3.75351230273357 7.80595805792922 -0.591929444822701 0.765844518920848 0.206622378620576 0 0 0 144 1 
2.65367150683073 0.984514765530135 4.32234363558973 -0.990395530823079 0.842782172845633 -0.261103522775641 0 0 0 63 1 
2.90001846972024 0.060975901710894 6.65260309268302 -0.599998845642485 0.847560993856931 -0.740462306707311 0 0 0 44 0 
3.13927017225468 0.627088861756945 5.59384496785118 -0.772545614234082 -0.679556946140191 0.755865310490699 0 0 0 161 1 
0.638680773062857 2.55579303518779 4.96623107064531 0.633667548316428 -0.746512935300763 -0.595860558084669 0 0 0 87 0 
0.486423163362019 2.32959746741166 7.91889196218539 0.311651447710126 -0.885650158286772 0.713680747636587 0 0 0 113 0 
0.324453923451582 2.99201855247836 5.65165561596245 -0.823471629784276 -0.969248840470103 -0.428021524002347 0 0 0 59 0 
0.743625191960817 2.98896440887188 5.97335068297212 -0.484773425502449 -0.594439724445508 0.904584417685758 0 0 0 128 1 
0.301641034352131 3.19926621188188 4.43696075803369 -0.137397435352992 0.668704138242617 0.246060047377106 0 0 0 143 0 
3.15616455763001 3.7661287439065 5.21276315647992 -0.646489715148125 0.391633046494156 0.857047697279995 0 0 0 59 1 
3.5438131346727 0.311010081823901 6.28322073242994 -0.684761679082956 0.300688130113994 -0.826048704223128 0 0 0 178 0 
3.49433329084991 0.341354191721505 7.09957652349881 -0.62535416932188 0.990084636982594 -0.337526467281325 0 0 0 51 0 
3.83552803896569 1.43928389104897 7.86906975247459 -0.729029497564644 -0.378794756809439 0.960566859529662 0 0 0 189 1 
3.68653583401244 1.75860684222525 7.47877758656266 -0.863341510374222 0.578662927639078 0.873673599160166 0 0 0 174 1 
2.13212239801938 3.47120425591829 5.49575307105417 -0.0229923501237885 -0.564299734005107 -0.500265433059114 0 0 0 47 0 
3.25463510593316 3.77191181179469 4.15371448916049 0.672164694120822 -0.670505511762832 -0.646642844427469 0 0 0 88 0 
2.54246725541296 3.87496313148984 5.69542696253459 -0.05984579653669 -0.226564804281885 0.199714185158412 0 0 0 176 0 
3.01163822908113 3.63372838242862 7.28471019397115 0.531977389317571 -0.741641976098211 0.611544387123197 0 0 0 98 0 
2.17444794141132 3.98300052554469 7.604637074597 0.292152996338208 -0.907312467153457 -0.805960182837688 0 0 0 11 1 
0.557930935626309 3.23335771272704 4.61855531846288 -0.183879316523356 -0.89166514295456 0.25740970740393 0 0 0 8 0 
3.64781523816417 2.91131011867586 4.22274080672817 -0.42826154761474 0.275706882417241 0.857671300420511 0 0 0 102 1 
6.03304589746573 1.81326415240174 5.81517604488886 -0.529184631408392 0.269579009525109 0.144698502805553 0 0 0 58 0 
5.10777460075775 2.84144824183281 6.02456110188373 -0.399514087452641 -0.103659484885449 -0.529714931132266 0 0 0 209 0 
4.05696620465152 2.10691234531376 4.84514521514906 -0.0276896122092806 0.60043202158211 -0.603428424053184 0 0 0 221 0 
7.12133838327359 0.942167026563691 5.04789898587747 -0.5861663510454 -0.0348645608397693 -0.153256313382659 0 0 0 53 1 
5.59414600364972 3.71002864615025 7.15633487447843 0.193384125228107 0.513126790384391 0.353520929654902 0 0 0 147 0 
7.64379826128514 3.37892397903968 6.20219865252821 -0.616012608669678 0.80493274868998 -0.268612584216987 0 0 0 154 1 
5.81021800406522 0.154534191417927 5.28536730315691 -0.105611374745923 -0.521591613036379 -0.700914543552693 0 0 0 208 0 
5.73742055104242 2.72106598492697 6.08272383676955 -0.735161215559849 -0.173683375942065 -0.338579760201903 0 0 0 134 1 
5.24949455794393 0.642795330740604 6.50536866719986 -0.140656590128504 0.00892470817128777 -0.749664458300009 0 0 0 100 0 
7.97361638647267 1.58775098003502 5.91902673868962 -0.470398975845458 0.505484436252189 -0.848810828831899 0 0 0 185 0 
6.24563674834602 0.161037124664076 6.55985010247397 -0.0783977032283739 0.416314820291505 -0.871259368595377 0 0 0 204 1 
6.59892391459296 3.4806851437548 4.55077606985436 -0.93131725533794 0.311292821484675 -0.059326495634102 0 0 0 86 1 
7.26132499911829 0.571938382062328 7.44298001634064 -0.389917187555107 0.816996148878895 -0.31606374897871 0 0 0 63 0 
4.63430512134801 2.84328247024627 5.38615683824173 -0.866605929915749 -0.228544845609609 0.180384802390108 0 0 0 171 0 
7.28382721630289 0.620077936839777 5.62171539282193 0.798989201018931 -0.117495128947514 0.19510721205137 0 0 0 106 0 
5.15664267826118 0.0435630960042448 4.434610849186 0.228540167391324 -0.966027306499735 -0.691586821925875 0 0 0 2 0 
6.77437454701493 1.68412104129923 6.30591746070675 0.204648409188433 0.574007565081202 0.487869841294172 0 0 0 160 0 
5.07882807152612 0.0615846760630605 6.76995634475725 -0.776323245529618 0.722599042253941 0.579372271547328 0 0 0 162 0 
6.07264845233943 2.5188652311012 6.05751396273382 0.598290528271215 0.438679076943825 -0.277655377329136 0 0 0 148 1 
6.68613541797183 2.00889876422483 5.10793651662135 0.69913346362324 -0.0306938272359479 -0.462003967711166 0 0 0 121 0 
7.07098397498233 1.82472511095125 6.21979738297506 0.848186498436396 0.207795319434453 0.107487336435941 0 0 0 71 1 
5.14960066821121 1.87764656393131 5.22950421462313 -0.771899958236799 -0.538897089754294 -0.204405986586054 0 0 0 182 1 
7.91496022913608 1.32107454180772 5.96331906839573 0.150935014321005 -0.823682841137018 0.341457441774733 0 0 0 70 0 
6.88181791790185 3.97626106506804 5.80951430066594 0.211363619868866 0.217266316566753 0.456844643791621 0 0 0 20 0 
4.74368185774617 1.16460725106962 6.25616877300746 -0.547269883890865 0.291537953191851 0.672260548312966 0 0 0 15 1 
5.10051660613112 0.169525319170845 7.28663230996909 -0.212467712116804 -0.333154667551822 0.986664519373068 0 0 0 248 1 
7.14115773801308 2.67910222874628 6.47543023241505 -0.647427641374182 0.511193889296642 0.810964389525941 0 0 0 166 1 
4.75640646084607 3.23697244615847 6.83830992442955 0.0785254038028789 0.983560777884905 0.833644370276847 0 0 0 48 1 
6.92228819549932 2.74088004855349 7.11440050930102 -0.848606987781292 0.890055003034593 0.788400031831314 0 0 0 209 1 
6.53504874230115 2.86161910449453 6.75649725106229 0.877190546393822 0.147601194030908 -0.108968921808608 0 0 0 116 1 
4.96362248996335 2.9686584784148 4.81117226952334 0.466476405622709 0.279291154900925 -0.793051733154791 0 0 0 23 0 
6.29786306124413 0.158468566066884 6.04580707764217 0.799866441327758 0.66615428537918 -0.840887057647364 0 0 0 247 0 
5.85226265744123 2.05612378966804 7.86735751110207 0.709516416090077 -0.402742263145748 0.46045984444388 0 0 0 206 0 
5.7097281536726 3.47512654616856 7.40997551876583 0.825608009604538 0.185945409135535 0.806873469922865 0 0 0 84 1 
6.19919234994053 2.89038700612509 6.59434158543084 0.356199521871283 -0.538100812117182 -0.369103650910572 0 0 0 177 0 
5.96908958611354 0.00346788328131653 6.21771009698236 -0.908181900867904 0.218966742705082 0.794856881061398 0 0 0 109 1 
5.04282849196807 3.18586409127487 6.51052043351213 0.596426780748005 0.230366505704679 -0.124342472905492 0 0 0 113 1 
5.6453986635037 3.17656311590464 7.42277158595872 0.259087416468981 -0.58271480525596 -0.56732677587758 0 0 0 14 0 
4.71051330198006 3.91419952280825 4.69667413253161 -0.611842918626247 0.463387470175516 0.574792133283226 0 0 0 14 1 
6.46646845104042 1.66624765777666 5.12263749932088 -0.814595721809974 0.322890478611041 0.788914843707555 0 0 0 64 1 
6.16981344558324 0.61523075523536 5.27425924444258 -0.208136659651047 0.75720192220221 0.860891202777661 0 0 0 243 1 
6.14309038132768 2.0386223732457 4.82664890185593 0.72769314883298 -0.341336101672144 0.645415556365996 0 0 0 222 1 
5.94590645022448 3.5550151642087 5.27297702912767 -0.22213084686097 -0.246561552236957 0.798311064320479 0 0 0 255 1 
4.17487261361331 1.46385838582344 6.65704853652491 0.479679538350832 -0.377258850886035 0.197315533532807 0 0 0 192 0 
4.1111105529998 1.85575876537793 6.24957034830879 0.225694409562488 -0.41526507716388 -0.2031518532307 0 0 0 173 1 
4.12644340417521 2.48924691738975 5.84224609028098 0.22665271276095 0.811827932336859 0.896390380642561 0 0 0 181 1 
4.20162114011086 3.37730133542046 7.16086538477765 0.918851321256929 -0.507668666536222 -0.521195913451397 0 0 0 194 0 
4.41033446933629 3.63173623777737 5.30223147644639 0.869395904333518 -0.804266485138914 -0.387360532722101 0 0 0 67 1 
6.88954070822285 3.88626917399914 6.91028564807644 -0.663153705736072 -0.600858176625054 -0.0993571469952228 0 0 0 58 1 
7.2183178452909 3.77144753217019 5.67933648579145 -0.830105134669319 -0.983034529239363 0.323708530361966 0 0 0 77 0 
7.30522234232012 3.79564871172374 5.48888611554648 -0.699673603604993 -0.419021955517266 0.561805382221655 0 0 0 183 0 
7.24727634456892 3.64907399107031 4.5327734693349 -0.0782952284644429 0.321817124441894 0.939548341833431 0 0 0 88 1 
5.62932994209832 3.08403371141644 4.55467339368353 -0.929416878618855 0.724002106963527 0.56591708710522 0 0 0 205 1 
4.93407046188727 2.47154326938901 4.41749347028776 0.214629403867955 0.185721454336813 0.682343341892985 0 0 0 34 1 
6.364973248838 3.05352750124607 4.63764739574833 0.429060828052375 -0.527904531172121 0.821102962234271 0 0 0 177 1 
6.98423453026574 3.84059193955926 4.72442803448023 -0.532235341858391 -0.916213003777546 0.889026752155014 0 0 0 41 1 
3.37967526502127 4.85464187944093 6.99398151075739 0.429979704063829 -0.290334882534941 -0.156626155577663 0 0 0 172 1 
0.493549626850055 6.3194279194939 6.05378366060513 0.187096851678129 -0.0737857550316313 -0.152888521212179 0 0 0 191 1 
3.75429168146843 6.75887528404715 7.42824003703292 0.265893230091777 -0.358820294747053 -0.191984997685443 0 0 0 29 1 
3.11748144789639 7.23026655667945 7.64507398689216 0.538592590493524 0.233141659792466 -0.17843287581924 0 0 0 94 1 
1.57264352633133 6.2816295410577 7.97298780053957 0.317040220395708 -0.451148153683894 0.279561737533723 0 0 0 60 0 
0.784147125385928 5.10395728746192 6.36747947115889 0.267759195336621 0.10024733046637 0.17921746694743 0 0 0 64 0 
2.54446732351906 5.54618708538425 5.77233318403231 0.565279207719941 -0.0596133071634842 0.0795208240020191 0 0 0 203 1 
0.326833019826427 6.96460740334446 7.42703642917908 0.176677063739152 -0.533462037290971 -0.379560223176308 0 0 0 35 0 
3.60178786807916 6.16123582011406 5.95783842244208 0.943861741754948 0.103827238757129 0.0911149014026305 0 0 0 193 1 
1.65075306973435 5.4091859147924 7.79686731249758 0.696922066858396 -0.505675880325475 0.331054207031099 0 0 0 107 0 
1.68170083368115 4.50554403806498 7.22274486417268 -0.0511436978949282 0.000346502379061642 -0.579828445989207 0 0 0 131 0 
2.20161947967658 6.01906764767747 6.02389275149636 0.0438512174797863 0.282441727979842 0.0327432969685226 0 0 0 22 1 
0.351951738841418 7.25403267237988 6.4369755918845 0.615746983677588 -0.327872957976258 0.121060974492782 0 0 0 79 1 
1.21792962012224 7.63181925797529 7.26985504262621 0.16987060125764 0.0707387036234557 0.423115940164138 0 0 0 138 0 
0.451252121930094 5.5893233986815 5.28776736619631 -0.128046742379369 -0.119417287582407 -0.888264539612731 0 0 0 191 0 
3.9919987350745 6.63486587587718 5.47465909958131 0.968249920942156 -0.366570882757676 -0.876583806276168 0 0 0 125 0 
2.3192593095653 6.03487423762823 7.65851521378248 -0.0112962931521684 -0.966570360148236 -0.052592799138595 0 0 0 183 1 
2.68804038146463 6.40955942863417 7.72651583106888 0.82425252384154 -0.880652535710365 0.326657239441805 0 0 0 226 0 
3.33293371444087 6.78704288744561 7.14756597732055 0.927058357152554 -0.857059819534649 0.290472873582535 0 0 0 225 0 
2.36097025160613 6.8403762767232 7.54236146187404 0.616310640725383 -0.9162264827048 0.127647591367128 0 0 0 216 1 
1.58637006727243 6.39606768518816 7.73947239560924 -0.432101870795473 -0.0689957696757402 -0.297532975274422 0 0 0 256 0 
1.98466123717634 4.47813750608435 4.25471443700548 -0.344708672676478 -0.0638664058697281 -0.952830347687157 0 0 0 248 0 
2.95364060722635 7.02133327498191 4.93196807132234 0.278352537951647 0.65758332968637 -0.348001995542353 0 0 0 30 1 
1.96494332341416 5.61255087367257 7.04263946822461 0.0290589577133848 0.382034429604536 -0.0285850332359621 0 0 0 50 1 
1.46927274316103 5.11549346216218 7.54926065049385 0.373079546447564 0.225968341385136 0.00307879065586536 0 0 0 117 1 
2.08837869760301 7.86085621806063 5.59268240065876 0.161773668600188 -0.97744648637121 -0.681707349958827 0 0 0 141 0 
0.663380683764615 6.67492687363735 7.02545652565689 -0.677288707264711 0.573432929602334 0.282841032853556 0 0 0 105 0 
1.81126686213831 7.49216808788878 4.33783634774828 -0.480545821116356 0.812010505493049 -0.760135228265733 0 0 0 199 0 
1.57348529965562 5.14413786536859 5.05975977440704 -0.557907168771524 -0.334741383414463 -0.15251501409956 0 0 0 246 1 
1.18175594327877 7.44570334328691 7.10890583507812 0.355109746454923 -0.190893541044568 0.725556614692382 0 0 0 197 1 
1.59404359152903 6.88999251418305 7.5101484174418 0.0683777244705643 0.0868745321364404 0.813134276090112 0 0 0 149 1 
2.0173516819582 6.89237067153101 5.08565350381788 -0.155165519877612 -0.725476833029312 0.224103343988618 0 0 0 89 0 
2.95778854749546 7.93837590702586 7.19081003579866 0.716111784218466 0.777398494189117 0.730675627237417 0 0 0 196 1 
0.243305218143822 6.72447837023156 6.19432480378663 0.421456576133989 0.764029898139473 -0.331604699763336 0 0 0 199 1 
2.07532971826462 5.68032043796605 4.85416668165921 0.535958107391539 0.511270027372878 -0.790364582396299 0 0 0 91 0 
2.23447064532169 5.55211677666125 6.5825434307238 -0.516595584667394 -0.621742701458672 -0.244841035579762 0 0 0 82 1 
1.64536013344737 7.7848233832925 6.75262076808882 -0.740914991659539 0.580301461455781 -0.359211201994449 0 0 0 55 0 
2.53414430625793 5.62264489028158 7.09354388354573 -0.372865980858879 0.445165305642599 0.912096492721608 0 0 0 120 1 
1.54167738434216 6.49256456323742 6.35478198854541 -0.247395163478615 -0.312964714797661 0.678423874284088 0 0 0 194 1 
0.629298700293335 6.27980070254531 7.2645707335531 0.320581168768334 -0.763762456090918 0.860285670847069 0 0 0 105 1 
0.771775365640084 4.72082181827609 6.3532686072052 -0.545514039647494 0.0138013636422558 0.678329287950325 0 0 0 195 1 
3.87696766940289 6.97954832022129 5.28051120973376 -0.03893952066232 -0.782528229986169 0.42378195060836 0 0 0 93 0 
2.96280559274149 7.24037609056887 6.38857765626071 -0.471074650453656 -0.141226494339445 -0.0694638964837057 0 0 0 250 1 
1.51928185808171 6.13370527230677 4.85217333716976 -0.873794883869893 -0.710393420480827 -0.29048916642689 0 0 0 37 1 
2.1259743636593 6.67371676871861 5.93864268521399 -0.648376602271294 0.135857298044913 0.339915167825875 0 0 0 132 0 
2.00723100613521 5.5211364463614 7.33901911042048 -0.780798062116549 -0.498678972102413 0.61493869440128 0 0 0 42 0 
0.443170899178042 5.80722974635788 5.06006387077856 -0.128551818801372 0.644201859147367 0.47250399192366 0 0 0 163 0 
0.9649118788611 4.58926839522068 4.72590612444229 0.341556992428819 -0.619420725298707 0.264119132777643 0 0 0 69 0 
3.12355841433768 5.57453685280765 5.53060537728611 0.788972400896105 -0.370341446699522 0.751912836080382 0 0 0 227 1 
2.68544064928795 5.15782880799006 5.42208704552695 0.949090040580497 0.166114300499379 0.620130440345435 0 0 0 12 1 
1.02131696000215 7.02802174378241 4.46857889895074 0.595082310000135 -0.9669986410136 0.185536181184421 0 0 0 220 0 
3.66128421976958 7.81361282369897 6.42165807718761 -0.114919736264401 0.0196008014811857 0.807603629824225 0 0 0 238 1 
3.61887236674593 4.47623694057705 6.80953424139021 0.507429522921621 0.311014808786066 0.769345890086888 0 0 0 81 1 
1.17781561119289 5.43564073654949 7.11434572001008 -0.145136524300444 0.870977546034343 0.85089660750063 0 0 0 176 1 
3.84168346242208 5.00713637902824 5.95817923540103 0.89635521640138 0.969196023689265 0.716136202212565 0 0 0 214 1 
3.5474670538766 6.33637292079048 4.99773458275972 -0.247033309132712 0.177273307549405 -0.406391588577518 0 0 0 80 1 
2.14596699285392 7.02485187758805 4.29506055889787 0.10287293705337 -0.529696757650747 0.174691284931117 0 0 0 17 0 
1.214581968381 4.37955226823655 4.97044750621085 0.857161373023812 -0.445027983235216 0.904402969138178 0 0 0 164 1 
0.927085583406795 4.41109736965236 6.24929366664857 0.964192848962925 0.431943585603273 -0.640669145834464 0 0 0 10 0 
3.57831495841427 4.04278265940562 5.92070617546629 -0.120105315099108 0.783923916212851 0.588794135966643 0 0 0 254 0 
1.74109449223491 4.04453136510824 5.3583410286452 0.202568405764682 0.159033210319265 0.803646314290325 0 0 0 54 1 
3.59408525627683 4.32422575650112 7.53432851987762 -0.806619671482698 0.92651410978132 0.314645532492351 0 0 0 165 0 
3.61375581102141 7.27820428472828 7.40137641337691 -0.617890261811162 -0.0138622322044832 -0.256163974163943 0 0 0 143 1 
3.87808361573329 4.71124597566074 6.56813960015876 -0.976369774016669 -0.486797126521203 0.566758725009922 0 0 0 48 0 
3.51994701930718 6.62667057633701 5.75155233422066 -0.873753311293301 0.382916911021063 0.578222020888791 0 0 0 50 0 
0.000733804003955285 4.06088089632521 4.18186641643433 0.593795862750247 0.972555056020326 0.292616651027146 0 0 0 195 0 
3.5107247421109 6.93495483497489 4.03293591874539 0.438170296381932 -0.41031532281407 0.595808494921587 0 0 0 28 1 
1.83103043716426 4.96662341492049 4.06721281871356 -0.104310597677234 -0.22083603656747 0.785450801169597 0 0 0 192 1 
4.05965351613065 5.90894956970418 6.6964293235983 -0.152521655241834 -0.0994406518934892 -0.300223167275106 0 0 0 207 1 
6.89592359756267 7.11652254797352 6.60877243348973 -0.287754775152333 -0.148967340751655 -0.180701722906892 0 0 0 233 1 
6.99639949767805 7.27578414709765 5.62561760337845 -0.468975031395122 -0.0140134908063967 -0.617148899788847 0 0 0 142 0 
6.96719968918805 5.35995887990897 4.14174560942625 0.0291999805742527 -0.133752570005689 -0.834890899410859 0 0 0 223 0 
4.12580216964835 4.29129408182858 4.68935650646193 -0.523387364396978 -0.200544119885714 -0.73816521834613 0 0 0 144 0 
6.03460895854255 5.349526264654 5.49960911336231 -0.59158694009109 -0.821904608459125 0.0624755695851447 0 0 0 9 1 
4.65071699528688 7.975170720161 5.66996388291132 0.00941981220543053 -0.407801829989938 -0.739377257318043 0 0 0 85 0 
7.52363109370521 6.73389238837736 7.66402586288345 -0.123523056643425 -0.672881725726415 0.447751616430216 0 0 0 71 0 
5.54320062695708 7.13574674971789 4.86289768081253 -0.872299960815183 0.289734171857368 -0.789818894949217 0 0 0 28 0 
4.40545886999163 6.44247058740754 6.30323819086698 0.0565911793744773 -0.628595588287029 0.237702386929186 0 0 0 36 0 
6.22999495346124 5.95222452617068 4.44694083768877 0.358124684591328 -0.971735967114333 -0.940816197644452 0 0 0 181 0 
4.88627549517999 6.40462200192255 6.32255919297597 0.0866422184487494 -0.880961124879841 -0.448590050439001 0 0 0 164 0 
5.86781910427975 7.81810787740216 7.4687155917794 -0.914511305982516 -0.230118257662365 -0.501955275513787 0 0 0 193 0 
4.29156796360132 4.93473363532432 6.60367504168891 -0.325527002274917 -0.0978291477922298 -0.806020309894443 0 0 0 251 0 
4.78824416028977 6.48215843875671 6.43904008938773 -0.66948473998189 -0.938615097577706 -0.316309994413266 0 0 0 133 1 
4.25186547775115 7.86113359080089 6.68066363214145 -0.328008407640553 -0.789929150574944 -0.738708522991159 0 0 0 227 0 
7.60715140716938 6.44680842268778 6.52724235718654 -0.805803037051914 -0.378324473582013 0.251702647324159 0 0 0 109 0 
4.06009094110126 6.52288740066917 7.3185230218637 -0.902494316181171 0.501430462541823 -0.886342311133519 0 0 0 23 1 
6.04103999609614 6.70335590012539 5.69147322811938 -0.841185000243991 0.387709743757837 0.324467076757462 0 0 0 4 0 
5.81766108002917 7.33248246071221 4.38180005874743 0.394853817501823 0.677030153794513 -0.882387496328286 0 0 0 45 0 
4.95980680308111 7.71776155251368 7.89808265443004 -0.783762074807431 0.888610097032105 0.212380165901878 0 0 0 138 1 
5.92054437476294 7.94082117519673 7.39376720091341 -0.848715976577317 -0.847448676550205 -0.444139549942912 0 0 0 152 0 
4.62932749439164 7.50927123938161 5.68810132908153 -0.491917031600523 -0.749420547538649 0.386756333067595 0 0 0 16 0 
7.90694026804262 5.35167052396809 6.3551588473827 0.275433766752664 0.365729407748005 0.0534474279614185 0 0 0 20 1 
5.78965302195149 6.3322917127786 5.08244701638711 0.143103313871968 0.739518232048662 -0.151097061475806 0 0 0 184 1 
4.4461807514672 7.60150023644356 5.00967628474909 -0.3783637030333 0.943843764777723 -0.530645232203182 0 0 0 238 0 
7.76294749489361 5.96960308159797 6.61566511477065 0.82893421843085 0.654350192599873 0.194729069673166 0 0 0 242 0 
6.99010146344317 7.30350727838743 7.95476000277353 -0.844368658534802 0.925219204899214 -0.909077499826654 0 0 0 237 1 
6.55323463820328 6.31778653105758 4.20906848934021 0.690827164887705 0.0511116581910986 -0.580683219416236 0 0 0 229 0 
7.57867408259973 7.57218861326278 6.90730030247445 0.942417130162484 -0.370488211671076 -0.349543731095347 0 0 0 124 0 
7.13507938098529 7.56492096123333 5.86405164835341 0.977192461311581 0.379057560077083 -0.664746771977911 0 0 0 72 0 
5.22679833641915 5.89644355786501 5.98504658573293 0.357924896026197 0.0872777223665637 -0.719684588391692 0 0 0 145 0 
7.31290787183265 5.70298718451922 6.84584022413032 0.925806741989541 -0.674813300967549 -0.853384985991855 0 0 0 68 1 
4.91003024556058 5.32168909685447 5.5030175932009 0.275626890347536 0.301355568553404 -0.937311400424944 0 0 0 1 1 
6.32459483215804 6.34598358704887 6.13052938331444 0.739037177009877 0.552873974190554 -0.960591913542848 0 0 0 90 1 
5.38387465198826 6.67663288864429 6.00275155820761 -0.382257834250733 -0.426460444459732 0.656421972387975 0 0 0 73 1 
4.93477644640858 5.45141229373769 6.66359004467626 0.152173527900536 0.246963268358606 0.822724377792266 0 0 0 39 1 
6.2929692102266 5.69877994612858 5.69553078844976 -0.0754394243608369 0.824923746633036 -0.48777932572189 0 0 0 240 0 
6.74318621247561 6.3191330044945 5.46731358797425 0.0776991382797252 0.988695812780906 -0.62704290075161 0 0 0 202 0 
6.4654416309474 6.07230277462065 5.02955510895453 -0.752159898065787 0.72326892341379 0.0330971943096579 0 0 0 135 1 
5.69389205555041 6.25911431498906 7.38344626696077 -0.2378817465281 0.984944644686816 -0.882284608314952 0 0 0 219 1 
6.45801368857401 5.22877852263447 6.45108487496303 0.872375855535876 -0.204451342335345 0.12194280468519 0 0 0 208 1 
6.3383473334331 7.81064148248035 4.30486831841814 0.927396708339569 0.644415092655022 -0.449695730098866 0 0 0 76 1 
5.3639955529456 6.7755362932606 4.68292630446682 0.6789997220591 -0.607778981671213 0.198932894029176 0 0 0 82 0 
5.44554858314613 5.8407128526492 5.426532276402 -0.878403213553367 0.958794553290575 -0.317091732724875 0 0 0 156 1 
7.21215302315151 4.5228555839677 7.5452489085088 -0.830490436053031 0.376428473997981 -0.3096719432182 0 0 0 117 0 
6.59780194905653 4.72863470278433 7.6933629767944 0.443612621816033 0.38928966892402 -0.67541481395035 0 0 0 37 0 
6.01473432294793 5.85383175887932 6.93794622152404 0.0321708951842454 0.959614484929957 0.777371638845253 0 0 0 218 1 
5.19595035782864 4.58400333903038 7.97845580297162 0.54349689736429 0.567750208689399 -0.720096512314274 0 0 0 180 0 
5.46171730968852 5.52752178922751 7.86676565649415 0.810107331855533 -0.18577988817328 -0.0395771464691159 0 0 0 256 1 
6.91150604547425 4.60244408237645 5.03946955696978 0.275719127842141 0.318902755148528 0.846216847310612 0 0 0 51 1 
5.15855523504618 6.34961182458052 5.02398085454244 -0.583840297809613 -0.884399260963717 0.595248803408903 0 0 0 130 1 
4.02679772590274 4.50328596176767 7.60107781424287 0.720424857868921 0.687705372610479 0.818817363390179 0 0 0 220 1 
7.06152788500113 4.14386126553721 7.23534722414128 0.22259549281257 0.852741329096075 -0.32904079849117 0 0 0 188 0 
4.70210486754085 4.19385580347681 4.64172347714204 -0.112368445778697 0.9808659877173 -0.616142282678623 0 0 0 211 0 
7.51433948102417 4.53321542745459 7.3460821355271 0.12589621756401 0.939575964215912 -0.572119866529556 0 0 0 198 0 
5.89229238573498 4.47582927544138 6.60564609294301 -0.850481725891564 0.623489329715086 0.631602880808938 0 0 0 184 0 
7.91899811028775 4.33253945814802 6.41882011002134 -0.786312618107015 0.489533716134251 0.744926256876334 0 0 0 93 1 
4.13824299376367 4.82470737497251 7.83733804916854 0.352390187110229 -0.604705789064218 -0.228916371926966 0 0 0 6 1 
4.20247893393531 4.50099733702982 4.37375888519392 0.856404933370957 -0.499937666435636 -0.38289006967538 0 0 0 95 1 
4.42972350661925 5.4918024852559 7.54946056359817 0.933107719163703 -0.625512344671506 0.00309128522488589 0 0 0 114 1 
4.75740837831689 4.22440810219666 5.79587071103386 0.766088023644806 -0.829724493612709 -0.856508080560384 0 0 0 120 0 
4.48084856051845 7.96945074973907 7.49132835960421 0.936303035032403 -0.845659328141308 -0.125541977524737 0 0 0 230 1 
4.8590201228956 5.0479550357917 6.20618410100997 0.897438757680975 -0.528252810263018 0.731636506313123 0 0 0 91 1 
6.1604770201853 4.94531314411083 4.08908683711009 -0.146220186238419 0.0903320715069265 0.16181792731938 0 0 0 96 0 
7.45377213025236 6.59102992185436 4.02694442717038 -0.127889241859227 -0.681810629884102 0.0329340266981486 0 0 0 119 0 
6.99083096249129 6.1682564801761 4.19733897623495 -0.906823064844295 -0.645733969988994 0.231083686014684 0 0 0 66 0 
5.58183891460835 7.68647984012918 4.74968092128016 0.755114932163022 0.386654990008074 0.76560505758001 0 0 0 119 1 
