512
0.130730500175834 0.17190616444452 0.415895644078094 -0.369269499824166 0.67190616444452 0.915895644078094 0 0 0 1 0 
1.72854016739132 1.46602730649973 1.19158682192587 0.228540167391324 0.966027306499735 0.691586821925875 0 0 0 2 0 
2.87200318564392 0.902140774968749 0.398984789476028 0.372003185643917 0.402140774968749 0.898984789476028 0 0 0 3 0 
2.65881499975601 0.887709743757837 0.824467076757462 -0.841185000243991 0.387709743757837 0.324467076757462 0 0 0 4 0 
0.298058765803723 1.88785069966813 1.48033733816136 0.798058765803723 0.387850699668126 0.980337338161362 0 0 0 5 0 
1.55277591418275 1.33811270289843 0.0479339635833288 0.0527759141827502 -0.161887297101569 -0.452066036416671 0 0 0 6 0 
2.42281558868164 1.52757491473354 0.222239542998523 -0.0771844113183578 0.0275749147335409 -0.277760457001477 0 0 0 7 0 
3.31612068347664 0.60833485704544 0.75740970740393 -0.183879316523356 -0.89166514295456 0.25740970740393 0 0 0 8 0 
0.701506750034732 3.12402774454009 1.26518292462878 0.201506750034732 0.624027744540088 0.765182924628781 0 0 0 9 0 
2.46419284896292 2.06805641439673 0.140669145834464 0.964192848962925 -0.431943585603273 0.640669145834464 0 0 0 10 0 
2.10618312105564 2.62195881521893 0.468358720083934 -0.393816878944361 0.121958815218934 -0.0316412799160662 0 0 0 11 0 
3.08956059626761 2.5929998863615 0.299734370436528 -0.410439403732386 0.0929998863615029 -0.200265629563472 0 0 0 12 0 
1.2689053777243 3.32900057005189 0.435244191932511 0.768905377724302 -0.170999429948109 0.935244191932511 0 0 0 13 0 
2.77415661313782 2.90776784197943 0.225793664891586 0.274156613137822 -0.592232158020574 -0.274206335108414 0 0 0 15 0 
3.99191703160052 2.75057945246135 0.113243666932405 0.491917031600523 -0.749420547538649 -0.386756333067595 0 0 0 16 0 
0.60287293705337 1.02969675765075 1.67469128493112 0.10287293705337 0.529696757650747 0.174691284931117 0 0 0 17 0 
0.826154667012704 0.0421015969065066 2.2922505684525 -0.673845332987296 -0.457898403093493 0.792250568452501 0 0 0 18 0 
1.64686915385648 1.34296688959062 1.53550037254601 -0.853130846143523 0.842966889590616 0.035500372546009 0 0 0 19 0 
3.71136361986887 0.717266316566753 1.04315535620838 0.211363619868866 0.217266316566753 -0.456844643791621 0 0 0 20 0 
0.949294604270235 1.7205308821011 2.45859582238557 0.449294604270235 0.220530882101095 0.95859582238557 0 0 0 21 0 
2.0579941468793 1.96332829066602 0.574221891442012 0.557994146879303 0.463328290666024 -0.925778108557988 0 0 0 22 0 
2.03352359437729 1.22070884509908 0.706948266845209 -0.466476405622709 -0.279291154900925 -0.793051733154791 0 0 0 23 0 
3.2646749546935 1.86039460335659 2.4709415574179 -0.235325045306502 0.360394603356587 0.970941557417895 0 0 0 24 0 
0.234590413480977 1.83601396959238 1.46802831403519 -0.265409586519023 -0.663986030407621 -0.0319716859648126 0 0 0 25 0 
2.49469281269517 1.82321993314675 0.601016753078216 0.994692812695169 -0.676780066853254 -0.898983246921784 0 0 0 26 0 
3.31977302807788 3.08125449947929 1.31780550852746 0.819773028077885 0.581254499479289 -0.182194491472544 0 0 0 27 0 
2.62770003918482 2.78973417185737 0.710181105050783 -0.872299960815183 0.289734171857368 -0.789818894949217 0 0 0 28 0 
1.30615254595465 3.18301354500486 1.42175120684341 0.806152545954648 -0.31698645499514 -0.0782487931565888 0 0 0 29 0 
3.53136223201808 3.35165377828117 2.28844540764642 0.0313622320180778 -0.148346221718831 0.788445407646418 0 0 0 32 0 
0.208293761140233 0.490205205874051 2.58559045415294 -0.291706238859767 0.990205205874051 0.085590454152936 0 0 0 33 0 
1.28531900186393 0.341645111757427 3.16885979782272 -0.214680998136074 -0.158354888242573 0.668859797822724 0 0 0 34 0 
2.32332293626085 1.03346203729097 2.87956022317631 -0.176677063739152 0.533462037290971 0.379560223176308 0 0 0 35 0 
3.55659117937448 0.128595588287029 2.73770238692919 0.0565911793744773 0.628595588287029 0.237702386929186 0 0 0 36 0 
0.0563873781839669 1.11071033107598 1.82458518604965 -0.443612621816033 -0.38928966892402 -0.67541481395035 0 0 0 37 0 
1.14529254747604 1.94701156909077 3.32758454382272 -0.354707452523955 0.447011569090769 0.82758454382272 0 0 0 38 0 
2.21227575329669 0.805385299430604 2.26527261858094 -0.287724246703309 -0.694614700569396 -0.234727381419058 0 0 0 39 0 
0.938147844017973 2.13912095415361 1.58862464133853 0.438147844017973 -0.360879045846395 -0.911375358661466 0 0 0 41 0 
2.28079806211655 2.99867897210241 1.88506130559872 0.780798062116549 0.498678972102413 -0.61493869440128 0 0 0 42 0 
2.7843106452427 3.48065435989004 3.20053468803164 0.284310645242697 0.980654359890041 0.700534688031636 0 0 0 43 0 
0.105146182498177 2.82296984620549 1.61761250367171 -0.394853817501823 -0.677030153794513 -0.882387496328286 0 0 0 45 0 
2.52363022598333 3.9867971265212 1.93324127499008 -0.976369774016669 0.486797126521203 -0.566758725009922 0 0 0 48 0 
0.255530888202874 1.43211527011181 3.13915046102135 -0.244469111797126 0.932115270111815 -0.360849538978654 0 0 0 49 0 
0.626246688706699 0.882916911021063 2.92177797911121 -0.873753311293301 0.382916911021063 -0.578222020888791 0 0 0 50 0 
3.12535416932188 1.49008463698259 3.83752646728132 0.62535416932188 0.990084636982594 0.337526467281325 0 0 0 51 0 
1.34841337508543 0.835654108814532 3.40809092929912 -0.151586624914566 -0.664345891185468 -0.0919090707008845 0 0 0 54 0 
3.24091499165954 0.919698538544219 3.85921120199445 0.740914991659539 -0.580301461455781 0.359211201994449 0 0 0 55 0 
2.98245604443822 0.884136774746086 3.12312284723721 -0.517543955561784 -0.615863225253914 -0.376877152762793 0 0 0 56 0 
1.17187419991372 2.38978250786765 3.25336679453488 0.671874199913721 -0.110217492132346 -0.246633205465123 0 0 0 57 0 
2.02918463140839 2.23042099047489 3.64469850280555 0.529184631408392 -0.269579009525109 0.144698502805553 0 0 0 58 0 
3.32347162978428 1.5307511595299 3.92802152400235 0.823471629784276 -0.969248840470103 0.428021524002347 0 0 0 59 0 
3.18295977960429 2.95114815368389 3.77956173753372 -0.317040220395708 0.451148153683894 0.279561737533723 0 0 0 60 0 
0.0627006879796252 3.83815438619143 3.13544054123141 0.562700687979625 0.338154386191426 -0.364559458768594 0 0 0 61 0 
1.54569112853594 3.25322296301247 3.2454196777927 0.0456911285359398 -0.246777036987533 -0.254580322207296 0 0 0 62 0 
3.23224080466338 3.60024733046637 3.67921746694743 -0.267759195336621 0.10024733046637 0.17921746694743 0 0 0 64 0 
3.67505444947934 0.225131482496426 0.656853507173814 -0.824945550520661 0.725131482496426 0.156853507173814 0 0 0 65 0 
3.66989486533068 2.51696547076064 0.823708530361966 -0.830105134669319 -0.983034529239363 0.323708530361966 0 0 0 77 0 
3.69419696294809 3.87832447358201 2.75170264732416 -0.805803037051914 0.378324473582013 0.251702647324159 0 0 0 109 0 
3.66950956394697 1.12357152600202 3.8096719432182 -0.830490436053031 -0.376428473997981 0.3096719432182 0 0 0 117 0 
3.80086653637676 2.46930617276405 3.96200396771117 -0.69913346362324 -0.0306938272359479 0.462003967711166 0 0 0 121 0 
0.758662338121801 3.79199571669794 1.31898114551504 0.258662338121801 -0.708004283302057 0.818981145515037 0 0 0 129 0 
2.69338412522811 3.98687320961561 1.8535209296549 0.193384125228107 -0.513126790384391 0.353520929654902 0 0 0 147 0 
2.56683613958626 3.65804039778238 2.17711389618267 -0.933163860413736 -0.841959602217621 0.677113896182673 0 0 0 148 0 
2.37144818119863 3.85579814085263 2.02749600807634 -0.128551818801372 -0.644201859147367 -0.47250399192366 0 0 0 163 0 
3.58664221844875 3.61903887512016 2.948590050439 0.0866422184487494 -0.880961124879841 0.448590050439001 0 0 0 164 0 
2.95650310263571 3.9322497913106 2.77990348768573 -0.54349689736429 -0.567750208689399 -0.720096512314274 0 0 0 180 0 
0.775626890347536 0.801355568553404 3.56268859957506 0.275626890347536 0.301355568553404 -0.937311400424944 0 0 0 1 1 
2.20784700366179 1.59268753284654 3.69403981716231 -0.292152996338208 -0.907312467153457 -0.805960182837688 0 0 0 11 1 
2.11184291862625 3.03661252982448 3.92520786671677 0.611842918626247 -0.463387470175516 -0.574792133283226 0 0 0 14 1 
3.04726988389086 3.20846204680815 3.82773945168703 0.547269883890865 -0.291537953191851 -0.672260548312966 0 0 0 15 1 
2.08384029780961 3.61560073903628 3.9047511965911 0.583840297809613 -0.884399260963717 -0.595248803408903 0 0 0 130 1 
4.59317693515571 0.145733969988994 0.731083686014684 -0.906823064844295 0.645733969988994 0.231083686014684 0 0 0 66 0 
7.43513587569964 1.06812979224019 0.692611889368014 0.935135875699644 0.568129792240187 0.192611889368014 0 0 0 67 0 
7.11831091647577 1.3659377128521 0.138595908983657 -0.381689083524229 0.865937712852102 -0.361404091016343 0 0 0 68 0 
4.15844300757118 2.11942072529871 0.764119132777643 -0.341556992428819 0.619420725298707 0.264119132777643 0 0 0 69 0 
5.65093501432101 2.32368284113702 0.841457441774733 0.150935014321005 0.823682841137018 0.341457441774733 0 0 0 70 0 
6.62352305664342 0.827118274273585 0.947751616430216 0.123523056643425 -0.672881725726415 0.447751616430216 0 0 0 71 0 
7.52280753868842 1.87905756007708 0.164746771977911 -0.977192461311581 0.379057560077083 0.664746771977911 0 0 0 72 0 
4.15448490120535 2.66339457626859 0.716231358472606 -0.34551509879465 0.163394576268589 0.216231358472606 0 0 0 73 0 
5.53211666695455 2.35480460115416 0.45231730967417 0.0321166669545541 -0.145195398845841 0.95231730967417 0 0 0 74 0 
5.60877048245368 3.11958711794883 1.29633907076804 -0.891229517546321 0.619587117948829 0.796339070768041 0 0 0 75 0 
6.96326934381829 3.23637383721808 0.751476876900317 -0.53673065618171 0.736373837218083 0.251476876900317 0 0 0 76 0 
6.02236540738655 3.22667535056088 1.38626421821365 0.52236540738655 -0.273324649439121 0.886264218213647 0 0 0 78 0 
6.69163797588583 3.06196088666156 1.29018155266794 0.191637975885827 -0.438039113338435 0.790181552667941 0 0 0 79 0 
6.69382977008259 2.85765149784752 0.352942131119031 -0.806170229917406 -0.642348502152483 0.852942131119031 0 0 0 80 0 
4.3245376693542 0.679689798686196 1.86053616135372 -0.175462330645797 0.179689798686196 0.360536161353719 0 0 0 81 0 
4.8210002779409 0.107778981671213 1.69893289402918 -0.6789997220591 0.607778981671213 0.198932894029176 0 0 0 82 0 
6.60936985643176 0.465395102383483 2.21844366359601 0.10936985643176 -0.0346048976165169 0.718443663596013 0 0 0 83 0 
7.6813537619407 0.55482191606581 2.21531423777383 0.181353761940696 0.0548219160658101 0.71531423777383 0 0 0 84 0 
4.50941981220543 1.90780182998994 0.760622742681957 0.00941981220543053 0.407801829989938 -0.739377257318043 0 0 0 85 0 
5.3786665044429 1.47884176445764 2.12569006505327 -0.1213334955571 -0.0211582355423606 0.625690065053268 0 0 0 86 0 
7.13366754831643 2.24651293530076 2.09586055808467 0.633667548316428 0.746512935300763 0.595860558084669 0 0 0 87 0 
6.82783530587918 2.17050551176283 2.14664284442747 -0.672164694120822 0.670505511762832 0.646642844427469 0 0 0 88 0 
4.34483448012239 1.77452316697069 1.72410334398862 -0.155165519877612 -0.725476833029312 0.224103343988618 0 0 0 89 0 
5.38055169920236 2.67609627630178 2.37513895835956 -0.119448300797635 0.176096276301778 0.875138958359563 0 0 0 90 0 
5.96404189260846 1.98872997262712 0.709635417603701 -0.535958107391539 -0.511270027372878 -0.790364582396299 0 0 0 91 0 
6.81836424886784 3.27443877070908 1.84420939963921 -0.681635751132157 0.774438770709081 0.344209399639207 0 0 0 92 0 
4.46106047933768 2.71747177001383 1.07621804939164 -0.03893952066232 -0.782528229986169 -0.42378195060836 0 0 0 93 0 
5.3652344740256 3.99508956014451 0.510372339317553 -0.134765525974402 0.495089560144509 -0.989627660682447 0 0 0 94 0 
7.26308728512744 3.25840791949168 0.568326395248077 0.763087285127441 -0.241592080508323 -0.931673604751923 0 0 0 95 0 
7.64622018623842 3.59033207150693 1.66181792731938 0.146220186238419 0.0903320715069265 0.16181792731938 0 0 0 96 0 
4.4479630102795 1.12456081374699 2.31199609679542 -0.0520369897205044 0.624560813746988 -0.18800390320458 0 0 0 97 0 
4.96802261068243 1.24164197609821 1.8884556128768 -0.531977389317571 0.741641976098211 -0.611544387123197 0 0 0 98 0 
5.90743143612561 1.32588641177643 3.36249521712299 -0.592568563874385 0.825886411776433 0.862495217122989 0 0 0 99 0 
7.3593434098715 0.508924708171288 1.75033554169999 -0.140656590128504 0.00892470817128777 -0.749664458300009 0 0 0 100 0 
5.2839816104343 0.89100986554747 3.28950997462549 0.783981610434296 -0.60899013445253 0.789509974625491 0 0 0 101 0 
5.59569133401791 1.56584131981803 3.32994383626077 0.0956913340179071 0.0658413198180312 0.829943836260773 0 0 0 102 0 
6.74799529704423 1.40141707699158 2.24244582063895 0.247995297044227 -0.0985829230084199 -0.257554179361051 0 0 0 103 0 
7.79785582979643 1.12891241625065 3.35499991839136 -0.702144170203572 -0.371087583749352 0.854999918391361 0 0 0 104 0 
5.17728870726471 1.92656707039767 2.78284103285356 0.677288707264711 -0.573432929602334 0.282841032853556 0 0 0 105 0 
4.70101079898107 2.38250487105249 2.69510721205137 -0.798989201018931 -0.117495128947514 0.19510721205137 0 0 0 106 0 
7.1969220668584 3.00567588032548 2.8310542070311 0.696922066858396 0.505675880325475 0.331054207031099 0 0 0 107 0 
7.64927530181448 2.62555203018183 2.42774108905206 -0.850724698185518 0.12555203018183 -0.0722589109479397 0 0 0 108 0 
6.0771572640947 3.93874727118282 2.53944746494326 0.5771572640947 0.438747271182816 0.0394474649432583 0 0 0 110 0 
6.45157914828043 3.85849922355351 1.58232809572658 -0.0484208517195701 0.358499223553513 -0.917671904273425 0 0 0 111 0 
7.07738998409021 3.44883042637879 3.27745162741813 -0.42261001590979 -0.051169573621205 0.777451627418134 0 0 0 112 0 
4.18834855228987 0.385650158286772 2.78631925236341 -0.311651447710126 0.885650158286772 -0.713680747636587 0 0 0 113 0 
5.4275246575823 1.42537919849194 3.22767540624676 -0.0724753424176992 -0.0746208015080584 -0.272324593753237 0 0 0 118 0 
6.62788924185923 0.818189370115898 3.53293402669815 0.127889241859227 -0.681810629884102 0.0329340266981486 0 0 0 119 0 
6.73391197635519 0.670275506387291 2.64349191943962 -0.766088023644806 -0.829724493612709 -0.856508080560384 0 0 0 120 0 
4.78764535562608 2.94389398007366 3.09936404771247 -0.712354644373921 0.443893980073664 -0.400635952287528 0 0 0 122 0 
6.42416936359765 3.41387323117874 3.490324969316 -0.0758306364023476 0.91387323117874 -0.00967503068400177 0 0 0 123 0 
6.55758286983752 2.87048821167108 3.84954373109535 -0.942417130162484 0.370488211671076 0.349543731095347 0 0 0 124 0 
5.46824992094216 3.86657088275768 2.62341619372383 0.968249920942156 0.366570882757676 -0.876583806276168 0 0 0 125 0 
7.80424859164227 3.36992129299628 3.13067639532451 -0.695751408357734 -0.130078707003719 -0.369323604675486 0 0 0 128 0 
4.4100643292937 1.54945827721728 2.54029818003177 0.910064329293698 0.0494582772172791 0.0402981800317657 0 0 0 40 0 
4.09999884564249 3.34756099385693 1.75953769329269 0.599998845642485 0.847560993856931 -0.740462306707311 0 0 0 44 0 
5.42705835715255 3.64294018046535 2.79047287358253 0.927058357152554 -0.857059819534649 0.290472873582535 0 0 0 225 0 
6.32425252384154 3.61934746428964 2.82665723944181 0.82425252384154 -0.880652535710365 0.326657239441805 0 0 0 226 0 
6.82800840764055 3.71007084942506 1.76129147700884 0.328008407640553 -0.789929150574944 -0.738708522991159 0 0 0 227 0 
4.67106578156915 3.84564980740013 3.69472906967317 -0.82893421843085 -0.654350192599873 0.194729069673166 0 0 0 242 0 
4.4490900405805 2.66611430049938 3.87986955965457 0.949090040580497 0.166114300499379 -0.620130440345435 0 0 0 12 1 
6.57419325801046 0.174813300967549 3.64661501400814 -0.925806741989541 0.674813300967549 -0.853384985991855 0 0 0 68 1 
4.88225783425073 2.92646044445973 3.84357802761202 0.382257834250733 0.426460444459732 -0.656421972387975 0 0 0 73 1 
7.78388821578153 3.72260150581088 3.76932437276258 -0.716111784218466 -0.777398494189117 -0.730675627237417 0 0 0 196 1 
1.79093859994391 5.18216857841864 1.49270947713579 0.29093859994391 0.68216857841864 0.992709477135789 0 0 0 130 0 
2.44885630210507 4.50034650237906 0.0798284459892071 -0.0511436978949282 0.000346502379061642 0.579828445989207 0 0 0 131 0 
0.471437060468675 6.4858002280263 0.387558775089738 -0.0285629395313252 0.985800228026304 0.887558775089738 0 0 0 133 0 
1.15940729279245 5.73287850481736 0.361742606295425 -0.340592707207551 0.232878504817357 0.861742606295425 0 0 0 134 0 
2.76493819883159 5.84046218221267 0.55816237074176 0.264938198831593 0.340462182212666 0.0581623707417604 0 0 0 135 0 
0.959061758570861 5.78559562202485 0.550681827682869 0.459061758570861 -0.714404377975151 0.0506818276828687 0 0 0 137 0 
1.33012939874236 6.57073870362346 0.923115940164138 -0.16987060125764 0.0707387036234557 0.423115940164138 0 0 0 138 0 
1.72920622126375 7.35120964529476 0.498750385090799 -0.77079377873625 0.851209645294764 0.998750385090799 0 0 0 139 0 
0.338226331399812 6.52255351362879 0.181707349958827 -0.161773668600188 -0.97744648637121 0.681707349958827 0 0 0 141 0 
1.96897503139512 7.4859865091936 1.11714889978885 0.468975031395122 -0.0140134908063967 0.617148899788847 0 0 0 142 0 
2.36260256464701 6.83129586175738 0.746060047377106 -0.137397435352992 -0.668704138242617 0.246060047377106 0 0 0 143 0 
0.142075103973803 4.58727772236656 0.780315411608308 -0.357924896026197 0.0872777223665637 -0.719684588391692 0 0 0 145 0 
2.48095155416802 4.17185669330268 1.34527707299373 0.980951554168017 -0.32814330669732 -0.154722927006268 0 0 0 146 0 
0.214025668096246 5.85447059155296 2.43298845596614 -0.285974331903754 0.354470591552958 0.932988455966145 0 0 0 149 0 
1.26235561726217 6.18152267616046 0.959666368043628 -0.23764438273783 0.681522676160456 -0.540333631956372 0 0 0 150 0 
3.36828188716824 4.88144779080918 1.59607519481124 0.868281887168243 -0.618552209190817 0.0960751948112444 0 0 0 151 0 
2.65128402342268 4.6525513234498 1.94413954994291 -0.848715976577317 -0.847448676550205 0.444139549942912 0 0 0 152 0 
0.0846259642785163 6.47859661971482 1.63548645121711 0.584625964278516 -0.0214033802851747 0.135486451217114 0 0 0 153 0 
1.83366620684403 6.90021855470438 2.48872950340698 0.333666206844032 0.400218554704383 0.988729503406982 0 0 0 154 0 
3.49007902850167 6.54418815441358 1.35682728864053 0.990079028501673 0.0441881544135785 -0.143172711359467 0 0 0 155 0 
3.65259693732735 7.37563864913449 1.58449074064059 0.152596937327346 0.87563864913449 0.0844907406405877 0 0 0 156 0 
1.32081365913745 6.57242121120865 1.47970573318812 0.820813659137447 -0.92757878879135 -0.0202942668118828 0 0 0 157 0 
1.2363542334757 7.28075767931447 2.16330571310605 -0.263645766524303 -0.21924232068553 0.663305713106052 0 0 0 158 0 
2.4544649485739 7.18043634896647 0.633127429438633 -0.0455350514260984 -0.319563651033534 -0.866872570561367 0 0 0 159 0 
3.70464840918843 6.9259924349188 1.01213015870583 0.204648409188433 -0.574007565081202 -0.487869841294172 0 0 0 160 0 
0.337192084571626 4.27759020886642 2.38613307376005 -0.162807915428374 -0.222409791133585 -0.113866926239951 0 0 0 161 0 
0.723676754470382 5.22259904225394 1.92062772845267 -0.776323245529618 0.722599042253941 -0.579372271547328 0 0 0 162 0 
0.306619671482698 6.42651410978132 2.81464553249235 0.806619671482698 0.92651410978132 0.314645532492351 0 0 0 165 0 
2.00367723766497 4.51831704935398 3.18180843622187 0.50367723766497 -0.981682950646021 0.681808436221865 0 0 0 166 0 
2.65649704881077 5.36063650482433 2.13979925188681 0.156497048810765 -0.13936349517567 -0.360200748113186 0 0 0 167 0 
3.52096425090785 4.63796735589847 3.25438943795628 0.0209642509078471 -0.862032644101526 0.754389437956281 0 0 0 168 0 
0.297143689583088 6.81190589683243 2.49046334616535 -0.202856310416912 0.311905896832434 -0.00953665383464652 0 0 0 169 0 
2.25132551030721 5.98890113789323 3.03983318747899 0.751325510307208 -0.51109886210677 0.539833187478991 0 0 0 170 0 
1.63339407008425 6.27145515439039 2.68038480239011 -0.866605929915749 -0.228544845609609 0.180384802390108 0 0 0 171 0 
3.66118896875308 5.82910129788046 3.4847733436312 0.161188968753081 -0.670898702119537 0.984773343631202 0 0 0 172 0 
0.449641865384835 6.79315785986046 2.21134465709859 0.949641865384835 -0.706842140139543 -0.288655342901407 0 0 0 173 0 
0.518451921956983 7.41890457172163 2.18431717120592 -0.981548078043017 -0.081095428278371 -0.315682828794082 0 0 0 174 0 
1.97429842698202 7.8118937064655 3.18771917824199 -0.525701573017977 -0.688106293534495 0.687719178241995 0 0 0 175 0 
3.44015420346331 7.27343519571811 2.69971418515841 -0.05984579653669 -0.226564804281885 0.199714185158412 0 0 0 176 0 
0.856199521871283 5.03810081211718 3.86910365091057 0.356199521871283 0.538100812117182 0.369103650910572 0 0 0 177 0 
2.18476167908296 4.19931186988601 2.67395129577687 0.684761679082956 -0.300688130113994 -0.826048704223128 0 0 0 178 0 
0.858124684591328 4.52826403288567 2.55918380235555 0.358124684591328 -0.971735967114333 -0.940816197644452 0 0 0 181 0 
1.80032639639501 5.91902195551727 2.93819461777835 -0.699673603604993 0.419021955517266 -0.561805382221655 0 0 0 183 0 
2.64951827410844 4.87651067028491 2.86839711919106 -0.850481725891564 -0.623489329715086 -0.631602880808938 0 0 0 184 0 
0.970398975845458 5.99451556374781 2.6511891711681 0.470398975845458 -0.505484436252189 -0.848810828831899 0 0 0 185 0 
0.508351620739412 6.10259256802393 3.70560882614275 -0.991648379260588 -0.397407431976068 0.20560882614275 0 0 0 186 0 
3.72259549281257 7.35274132909608 3.82904079849117 0.22259549281257 0.852741329096075 0.32904079849117 0 0 0 188 0 
1.37472509534842 7.66162376169564 3.47374485793338 0.874725095348423 -0.838376238304357 -0.0262551420666183 0 0 0 189 0 
2.37195325762063 7.38058271241759 2.61173546038727 -0.128046742379369 -0.119417287582407 -0.888264539612731 0 0 0 191 0 
3.02032046164917 7.12274114911397 3.69731553353281 -0.479679538350832 -0.377258850886035 0.197315533532807 0 0 0 192 0 
1.75908741646898 4.08271480525596 0.06732677587758 0.259087416468981 0.58271480525596 0.56732677587758 0 0 0 14 0 
0.618177108318093 4.04825428908558 1.59861123081868 -0.881822891681907 0.548254289085582 0.0986112308186828 0 0 0 30 0 
1.88645475325404 4.19628200095574 1.20527525133473 -0.61354524674596 0.696282000955739 -0.294724748665265 0 0 0 31 0 
2.37487967596997 4.42056265146132 2.44762242598438 0.874879675969974 0.920562651461317 -0.0523775740156186 0 0 0 46 0 
2.47700764987621 4.06429973400511 3.00026543305911 -0.0229923501237885 0.564299734005107 0.500265433059114 0 0 0 47 0 
2.88991718755511 4.3169961488789 3.81606374897871 0.389917187555107 0.816996148878895 0.31606374897871 0 0 0 63 0 
3.58548869401748 4.73011825766237 1.00195527551379 -0.914511305982516 0.230118257662365 0.501955275513787 0 0 0 193 0 
3.8091728351123 5.5511116581911 3.08068321941624 -0.690827164887705 0.0511116581910986 0.580683219416236 0 0 0 229 0 
3.63310829832392 5.6071929773984 3.15564556088068 -0.86689170167608 -0.892807022601597 0.655645560880679 0 0 0 233 0 
2.28417448497873 4.03536952115294 3.59039857308335 -0.215825515021266 -0.46463047884706 -0.909601426916648 0 0 0 131 1 
3.57058312138115 7.77599789303647 3.93408291289478 -0.929416878618855 -0.724002106963527 -0.56591708710522 0 0 0 205 1 
6.41885132125693 5.00766866653622 1.0211959134514 0.918851321256929 0.507668666536222 0.521195913451397 0 0 0 194 0 
7.09379586275025 5.47255505602033 0.207383348972854 0.593795862750247 0.972555056020326 -0.292616651027146 0 0 0 195 0 
6.86133453111754 4.92165707192886 0.459223218082944 -0.638665468882458 0.421657071928856 0.959223218082944 0 0 0 196 0 
4.60426654198036 5.57081584562387 1.4291066827702 0.104266541980363 0.0708158456238677 0.929106682770198 0 0 0 197 0 
5.62589621756401 6.43957596421591 0.0721198665295562 0.12589621756401 0.939575964215912 0.572119866529556 0 0 0 198 0 
6.98054582111636 4.68798949450695 0.260135228265733 0.480545821116356 -0.812010505493049 0.760135228265733 0 0 0 199 0 
7.83790328684273 5.0862897597169 1.10538230432322 0.337903286842734 -0.413710240283097 0.605382304323221 0 0 0 200 0 
5.37157601799895 7.41884833368403 0.481871313464085 0.871576017998955 0.918848333684027 -0.0181286865359154 0 0 0 201 0 
5.57769913827973 7.48869581278091 1.12704290075161 0.0776991382797252 0.988695812780906 0.62704290075161 0 0 0 202 0 
7.28902932920854 6.36933872971165 1.29393951999652 0.789029329208535 -0.130661270288348 0.793939519996515 0 0 0 203 0 
7.73164841960534 7.30109135254857 1.48386697247835 -0.768351580394664 0.80109135254857 0.983866972478351 0 0 0 204 0 
5.24112727508017 7.06709306834712 0.476906624612977 0.741127275080172 -0.43290693165288 -0.0230933753870235 0 0 0 205 0 
4.79048358390992 7.90274226314575 0.96045984444388 -0.709516416090077 0.402742263145748 0.46045984444388 0 0 0 206 0 
5.88473914534951 7.83565356980843 0.242932034041871 -0.615260854650488 0.335653569808431 0.742932034041871 0 0 0 207 0 
7.39438862525408 7.97840838696362 0.200914543552693 -0.105611374745923 -0.521591613036379 0.700914543552693 0 0 0 208 0 
4.89951408745264 4.39634051511455 2.02971493113227 0.399514087452641 -0.103659484885449 0.529714931132266 0 0 0 209 0 
4.62270908092143 4.1639436676806 1.30817334120521 -0.877290919078573 -0.336056332319404 -0.191826658794787 0 0 0 210 0 
6.3876315542213 5.4808659877173 2.11614228267862 -0.112368445778697 0.9808659877173 0.616142282678623 0 0 0 211 0 
6.53343234888293 5.39576696065977 2.20621834755468 -0.966567651117069 0.895766960659775 0.706218347554681 0 0 0 212 0 
4.17670373106897 4.62528010820622 2.36137515711072 -0.323296268931026 -0.87471989179378 0.861375157110723 0 0 0 213 0 
6.00789627449553 5.76208605350707 2.3759123184426 0.507896274495528 0.262086053507073 0.875912318442599 0 0 0 214 0 
7.1250939251953 4.84429649479187 1.60523920461289 0.625093925195304 -0.65570350520813 0.105239204612892 0 0 0 215 0 
7.68236428578154 4.81841855740195 2.33444224318221 0.182364285781536 -0.681581442598047 0.834442243182208 0 0 0 216 0 
4.38518623120847 7.27720912231669 0.588754386234849 -0.114813768791528 0.777209122316692 -0.911245613765151 0 0 0 217 0 
5.81812184375089 5.55332726873424 0.602875877117649 0.318121843750891 -0.946672731265765 -0.897124122882351 0 0 0 218 0 
5.66873879452591 5.86434531671902 2.36048826631103 -0.831261205474091 -0.635654683280977 0.860488266311032 0 0 0 219 0 
7.90491768999987 5.5330013589864 1.68553618118442 -0.595082310000135 -0.9669986410136 0.185536181184421 0 0 0 220 0 
4.47231038779072 6.89956797841789 2.10342842405318 -0.0276896122092806 -0.60043202158211 0.603428424053184 0 0 0 221 0 
6.02527944688044 7.79260439037918 0.622734951194263 0.525279446880438 0.292604390379183 -0.877265048805737 0 0 0 222 0 
6.52919998057425 7.36624742999431 0.665109100589141 0.0291999805742527 -0.133752570005689 -0.834890899410859 0 0 0 223 0 
7.69523037545346 7.58168752307713 2.41365701803983 -0.804769624546544 -0.918312476922866 0.91365701803983 0 0 0 224 0 
6.73002995394759 5.0254061003032 3.38048012052224 -0.769970046052405 0.525406100303201 0.880480120522239 0 0 0 228 0 
5.32219464784345 4.67238625707545 3.22805890564574 -0.177805352156547 -0.827613742924547 0.728058905645744 0 0 0 230 0 
5.59948886115395 5.34028163785852 3.48348874702126 -0.900511138846054 -0.159718362141481 0.983488747021259 0 0 0 231 0 
6.65564025915028 5.53021937338953 3.15069561663481 -0.844359740849721 0.0302193733895288 0.650695616634805 0 0 0 232 0 
4.93510732602077 7.30411950127843 2.57877659816442 -0.564892673979235 0.804119501278428 0.0787765981644244 0 0 0 234 0 
6.1255994445489 6.39797150368394 2.39696830468587 -0.374400555451104 -0.10202849631606 -0.103031695314131 0 0 0 235 0 
7.92480103062577 5.53145411319608 3.4122443458867 -0.575198969374227 -0.96854588680392 0.912244345886703 0 0 0 236 0 
5.46847678878401 7.33205173856092 1.56465548333196 0.968476788784015 -0.167948261439082 -0.935344516668037 0 0 0 237 0 
5.8783637030333 6.55615623522228 3.03064523220318 0.3783637030333 -0.943843764777723 0.530645232203182 0 0 0 238 0 
5.75061583687162 7.90333963458066 3.48524286020717 -0.749384163128378 -0.596660365419341 0.985242860207171 0 0 0 239 0 
7.42456057563916 6.67507625336696 2.98777932572189 -0.0754394243608369 -0.824923746633036 0.48777932572189 0 0 0 240 0 
5.02222293844855 4.29254519406527 3.68694847229611 0.522222938448551 -0.207454805934726 0.186948472296111 0 0 0 241 0 
7.57058083089991 4.93101723693182 3.21774762975681 0.0705808308999134 0.431017236931818 -0.282252370243192 0 0 0 244 0 
5.70013355867224 6.16615428537918 2.65911294235264 -0.799866441327758 0.66615428537918 -0.840887057647364 0 0 0 247 0 
7.15529132732352 5.43613359413027 2.54716965231284 -0.344708672676478 -0.0638664058697281 -0.952830347687157 0 0 0 248 0 
4.06930589536761 6.8693067285385 3.23498936169716 -0.430694104632393 0.369306728538495 -0.265010638302836 0 0 0 249 0 
6.82552700227492 6.40217085220777 2.69397969010556 0.325527002274917 -0.0978291477922298 -0.806020309894443 0 0 0 251 0 
7.00232762982895 6.00160203124643 3.98519096707308 -0.49767237017105 -0.498397968753567 0.48519096707308 0 0 0 252 0 
5.13658868471665 7.86501306609914 3.72996673065283 0.63658868471665 0.365013066099138 0.229966730652825 0 0 0 253 0 
5.37989468490089 7.71607608378715 2.91120586403336 -0.120105315099108 -0.783923916212851 -0.588794135966643 0 0 0 254 0 
7.47883917825592 7.4380544090011 3.26131868659764 0.978839178255921 -0.0619455909989007 -0.238681313402363 0 0 0 255 0 
7.93210187079547 7.43100423032426 3.79753297527442 0.432101870795473 -0.0689957696757402 0.297532975274422 0 0 0 256 0 
5.85390997587681 4.33633000045189 2.58037206310311 -0.646090024123187 0.836330000451892 -0.919627936896891 0 0 0 127 0 
4.14837660227129 4.63585729804491 0.839915167825875 0.648376602271294 0.135857298044913 0.339915167825875 0 0 0 132 0 
4.30906744001516 6.14699452152528 0.477741178363816 0.809067440015156 0.646994521525277 -0.0222588216361844 0 0 0 136 0 
4.3500699242583 6.0565179355068 0.994955057600106 0.850069924258303 -0.443482064493203 0.494955057600106 0 0 0 140 0 
4.02338736439698 7.29945588011429 0.23816521834613 0.523387364396978 -0.200544119885714 0.73816521834613 0 0 0 144 0 
5.25260483652139 4.81296471479766 3.82157612571591 -0.247395163478615 0.312964714797661 -0.678423874284088 0 0 0 194 1 
7.04551403964749 4.51380136364226 3.82167071204967 0.545514039647494 0.0138013636422558 -0.678329287950325 0 0 0 195 1 
4.14489025354508 5.69089354104457 3.77444338530762 -0.355109746454923 0.190893541044568 -0.725556614692382 0 0 0 197 1 
7.72123082166217 6.09149179560113 3.64745894947975 -0.778769178337834 0.591491795601133 -0.852541050520253 0 0 0 200 1 
7.42160229677163 6.0836851797085 3.62874063140462 -0.0783977032283739 -0.416314820291505 -0.871259368595377 0 0 0 204 1 
6.15697218445449 6.7992540788773 3.65297153666101 0.656972184454494 -0.700745921122703 -0.847028463338994 0 0 0 206 1 
2.03864361088847 0.238158491165712 5.22821871069265 0.538643610888474 0.738158491165712 0.728218710692651 0 0 0 2 1 
2.86997954263777 0.860734178370429 5.13509061171001 0.369979542637774 0.360734178370429 0.635090611710006 0 0 0 3 1 
1.07575876529566 1.59136843041256 4.09582946433463 0.575758765295656 0.0913684304125628 -0.404170535665368 0 0 0 5 1 
1.14760981288977 2.10470578906422 4.72891637192697 -0.352390187110229 0.604705789064218 0.228916371926966 0 0 0 6 1 
3.36268823810071 1.19336160249161 4.1360540928683 0.862688238100708 -0.306638397508391 -0.363945907131701 0 0 0 7 1 
3.05668875261407 2.32148471102882 5.35190387142129 -0.443311247385928 0.821484711028816 0.851903871421295 0 0 0 8 1 
1.09158694009109 1.67809539154088 4.56247556958514 0.59158694009109 -0.821904608459125 0.0624755695851447 0 0 0 9 1 
1.96797103205075 2.3326172254053 4.28497623743378 0.467971032050754 -0.167382774594704 -0.215023762566223 0 0 0 10 1 
1.14333007098593 2.67453751512044 5.05213998482985 0.643330070985931 -0.825462484879564 0.552139984829846 0 0 0 13 1 
0.371002924486385 1.02304371990876 5.13342928302204 0.871002924486385 0.523043719908763 -0.366570716977962 0 0 0 17 1 
2.4926777363175 1.08941937858327 6.2375664562758 0.9926777363175 0.589419378583272 0.737566456275796 0 0 0 18 1 
2.2705565058466 0.553184077004083 5.4975326286118 -0.229443494153395 0.0531840770040832 -0.00246737138819697 0 0 0 19 1 
3.77543376675266 0.134270592251995 5.55344742796142 0.275433766752664 -0.365729407748005 0.0534474279614185 0 0 0 20 1 
0.440046875175593 1.3144997022978 4.72452955677433 0.940046875175593 -0.185500297702204 -0.775470443225669 0 0 0 21 1 
1.54385121747979 1.78244172797984 5.53274329696852 0.0438512174797863 0.282441727979842 0.0327432969685226 0 0 0 22 1 
1.59750568381883 0.998569537458177 4.61365768886648 -0.902494316181171 -0.501430462541823 -0.886342311133519 0 0 0 23 1 
3.67093075026251 1.45247938205122 6.27884592437408 0.170930750262514 -0.0475206179487826 0.778845924374082 0 0 0 24 1 
0.680302738210817 1.83040665550464 6.20402891950751 0.180302738210817 -0.669593344495355 0.704028919507509 0 0 0 25 1 
1.82747231877983 3.45518589652155 6.17388263742543 0.327472318779829 0.955185896521546 0.673882637425435 0 0 0 26 1 
2.83646550582529 2.74521723780935 6.18785334800497 0.336465505825294 0.245217237809349 0.687853348004968 0 0 0 27 1 
3.06182970361807 2.91031532281407 4.90419150507841 -0.438170296381932 0.41031532281407 -0.595808494921587 0 0 0 28 1 
0.234106769908223 3.85882029474705 5.69198499768544 -0.265893230091777 0.358820294747053 0.191984997685443 0 0 0 29 1 
1.22164746204835 2.84241667031363 5.84800199554235 -0.278352537951647 -0.65758332968637 0.348001995542353 0 0 0 30 1 
1.60235361728655 3.60950059575515 5.98706415815846 -0.897646382713449 0.109500595755149 0.487064158158462 0 0 0 31 1 
3.37136251460187 2.86953197209775 5.05346923491664 -0.128637485398131 -0.630468027902254 -0.44653076508336 0 0 0 32 1 
1.23818777926527 0.609442369712617 7.28300251548408 0.738187779265272 0.109442369712617 0.783002515484083 0 0 0 33 1 
1.71462940386795 0.314278545663187 5.81765665810702 0.214629403867955 -0.185721454336813 -0.682343341892985 0 0 0 34 1 
2.23425057119752 0.134797361943401 6.97654744630679 -0.265749428802484 -0.365202638056599 0.476547446306785 0 0 0 35 1 
1.37379488386989 0.789606579519173 6.79048916642689 0.873794883869893 -0.710393420480827 0.29048916642689 0 0 0 37 1 
2.38578762022191 1.58319214809312 5.56443850153775 0.885787620221911 0.0831921480931206 -0.935561498462253 0 0 0 38 1 
2.65217352790054 1.74696326835861 5.67727562220773 0.152173527900536 0.246963268358606 -0.822724377792266 0 0 0 39 1 
3.58556171183094 2.20600668327763 7.30267723577543 0.0855617118309377 0.70600668327763 0.802677235775428 0 0 0 40 1 
1.03223534185839 1.58378699622245 7.38902675215501 0.532235341858391 -0.916213003777546 0.889026752155014 0 0 0 41 1 
1.21255498331171 3.37893896002259 5.86394796873785 -0.287445016688295 0.878938960022586 -0.636052031262151 0 0 0 42 1 
2.71932026426394 2.1721852558328 7.30291614804128 0.219320264263938 -0.3278147441672 0.802916148041278 0 0 0 43 1 
1.38890336536134 3.23826607716112 5.97737462777531 0.888903365361338 -0.261733922838879 -0.522625372224689 0 0 0 45 1 
1.68969998214494 3.80550367064273 6.15704749710394 0.18969998214494 0.305503670642734 -0.342952502896057 0 0 0 46 1 
0.666828730125033 1.20007407643276 7.72592218881343 0.166828730125033 0.700074076432763 -0.774077811186568 0 0 0 49 1 
1.52905895771338 0.117965570395464 7.47141496676404 0.0290589577133848 -0.382034429604536 -0.0285850332359621 0 0 0 50 1 
2.77571912784214 0.181097244851472 7.65378315268939 0.275719127842141 -0.318902755148528 -0.846216847310612 0 0 0 51 1 
3.11408248077027 0.433985710718873 7.94154612696508 -0.385917519229728 0.933985710718873 0.44154612696508 0 0 0 52 1 
0.0861663510454003 1.46513543916023 7.34674368661734 0.5861663510454 -0.0348645608397693 -0.153256313382659 0 0 0 53 1 
1.29743159423532 1.65903321031927 6.69635368570968 -0.202568405764682 0.159033210319265 -0.803646314290325 0 0 0 54 1 
2.06353805603495 0.990775803549381 7.27673448279575 -0.436461943965048 -0.509224196450619 -0.223265517204247 0 0 0 55 1 
2.66050605934655 1.80414738520959 7.78999106186631 -0.839493940653452 0.304147385209589 -0.710008938133694 0 0 0 56 1 
0.636454402019118 2.77142320012278 7.12788612548655 0.136454402019118 0.271423200122777 -0.372113874513447 0 0 0 57 1 
0.836846294263928 3.10085817662505 7.59935714699522 -0.663153705736072 0.600858176625054 0.0993571469952228 0 0 0 58 1 
3.14648971514812 2.10836695350584 7.64295230272 0.646489715148125 -0.391633046494156 -0.857047697279995 0 0 0 59 1 
3.92187940679432 3.19188881908442 7.99969091574895 0.421879406794323 0.691888819084421 0.499690915748947 0 0 0 60 1 
1.24928664119405 2.76765103637854 7.75818243902298 0.749286641194047 -0.732348963621464 -0.741817560977022 0 0 0 61 1 
2.30941196430623 3.46161474348595 7.66842284673661 0.809411964306234 -0.0383852565140511 0.168422846736607 0 0 0 62 1 
2.68540427819003 3.17710952138896 6.71108515629244 -0.814595721809974 -0.322890478611041 -0.788914843707555 0 0 0 64 1 
3.99257047707838 0.188985191213934 4.73065410991311 -0.507429522921621 -0.311014808786066 -0.769345890086888 0 0 0 81 1 
3.50161468653456 2.83157320419553 6.12874975639585 -0.998385313465438 0.331573204195532 0.628749756395848 0 0 0 89 1 
3.71368738189298 3.01046628386575 4.75507374312367 -0.786312618107015 -0.489533716134251 -0.744926256876334 0 0 0 93 1 
3.5918180991321 3.28103325729492 5.7051431189386 -0.908181900867904 -0.218966742705082 -0.794856881061398 0 0 0 109 1 
3.903573219252 0.269633494295321 7.62434247290549 -0.596426780748005 -0.230366505704679 0.124342472905492 0 0 0 113 1 
0.0961400878608387 3.59485052293668 5.31886689877715 0.596140087860839 -0.905149477063324 0.818866898777147 0 0 0 129 1 
1.3183532118423 2.37902584736309 4.16371388676197 0.818353211842297 0.879025847363089 0.663713886761971 0 0 0 53 0 
4.99758396445931 0.389380806250743 4.13540816468272 0.497583964459311 0.889380806250743 -0.364591835317283 0 0 0 65 1 
6.38588338811572 0.472249112756428 4.33426702609488 0.885883388115722 0.972249112756428 -0.165732973905118 0 0 0 66 1 
7.36939590433352 0.304266485138914 4.8873605327221 0.869395904333518 0.804266485138914 0.387360532722101 0 0 0 67 1 
4.86957862841344 0.537133981870026 4.00047396222883 0.369578628413438 -0.962866018129974 -0.499526037771167 0 0 0 69 1 
5.83574233030526 1.38934383517646 4.07892117974342 0.33574233030526 -0.110656164823544 -0.421078820256576 0 0 0 70 1 
5.6518135015636 1.29220468056555 4.60748733643594 -0.848186498436396 -0.207795319434453 0.107487336435941 0 0 0 71 1 
6.66973009271452 2.32892366496368 4.13664760674391 -0.830269907285479 0.82892366496368 -0.363352393256085 0 0 0 72 1 
5.31443760889965 2.94065753460571 5.28551674896386 -0.18556239110035 0.440657534605706 0.785516748963857 0 0 0 74 1 
5.61144034152932 2.98380842491444 4.26978073950703 -0.888559658470678 0.483808424914442 -0.230219260492972 0 0 0 75 1 
7.57260329166043 1.85558490734498 4.94969573009887 -0.927396708339569 -0.644415092655022 0.449695730098866 0 0 0 76 1 
4.44299328779512 3.24840085530588 5.32469530512064 -0.0570067122048807 -0.251599144694115 0.824695305120643 0 0 0 77 1 
6.47637148662088 2.83414193204509 4.45078444516741 0.976371486620882 -0.66585806795491 -0.0492155548325938 0 0 0 78 1 
7.11574698367759 3.82787295797626 4.62106097449278 0.615746983677588 0.327872957976258 0.121060974492782 0 0 0 79 1 
7.25296669086729 3.67727330754941 4.90639158857752 -0.247033309132712 0.177273307549405 0.406391588577518 0 0 0 80 1 
6.01659558466739 1.12174270145867 5.74484103557976 0.516595584667394 0.621742701458672 0.244841035579762 0 0 0 82 1 
5.64368196503451 0.186440280199891 5.9333933353216 -0.856318034965493 -0.313559719800109 0.4333933353216 0 0 0 83 1 
6.67439199039546 0.685945409135535 4.69312653007714 -0.825608009604538 0.185945409135535 -0.806873469922865 0 0 0 84 1 
4.80528642133116 2.47023822228793 5.02908028402762 0.305286421331164 0.970238222287932 -0.470919715972376 0 0 0 85 1 
4.56868274466206 1.18870717851532 5.4406735043659 -0.93131725533794 -0.311292821484675 -0.059326495634102 0 0 0 86 1 
5.83046071901531 1.79803803124104 5.95724488415364 -0.669539280984688 0.298038031241042 0.457244884153636 0 0 0 87 1 
7.57829522846444 1.17818287555811 6.43954834183343 0.0782952284644429 -0.321817124441894 0.939548341833431 0 0 0 88 1 
4.76096282299012 1.94712602580945 4.53940808645715 -0.739037177009877 -0.552873974190554 -0.960591913542848 0 0 0 90 1 
7.39743875768098 3.02825281026302 4.76836349368688 0.897438757680975 0.528252810263018 -0.731636506313123 0 0 0 91 1 
7.42385899477522 2.06839121848339 6.38786465634636 -0.0761410052247832 -0.431608781516608 0.887864656346357 0 0 0 92 1 
4.96140740950648 3.73314165979247 5.67843287581924 -0.538592590493524 0.233141659792466 0.17843287581924 0 0 0 94 1 
7.35640493337096 3.99993766643564 5.88289006967538 0.856404933370957 0.499937666435636 0.38289006967538 0 0 0 95 1 
7.46424835127394 3.37045500137247 5.08230910942281 -0.0357516487260645 -0.129544998627531 -0.417690890577195 0 0 0 96 1 
5.01779650882339 0.684239129977053 6.13705937190545 0.517796508823392 0.184239129977053 -0.362940628094547 0 0 0 97 1 
5.31772893295877 0.854424929455622 6.0161398392671 -0.182271067041229 0.354424929455622 -0.483860160732901 0 0 0 98 1 
7.41945253898051 0.040265061296217 7.1171878346925 0.919452538980506 -0.459734938703783 0.617187834692501 0 0 0 99 1 
7.99769292514572 1.02702887246012 7.0264603991833 0.497692925145716 0.527028872460124 0.526460399183299 0 0 0 100 1 
5.42810942401052 1.89199522979888 7.0794368904853 0.928109424010517 0.39199522979888 0.579436890485302 0 0 0 101 1 
5.92826154761474 1.22429311758276 7.35767130042051 0.42826154761474 -0.275706882417241 0.857671300420511 0 0 0 102 1 
6.96337402131617 2.36657542674083 5.53546991022552 0.463374021316174 0.866575426740828 -0.964530089774484 0 0 0 103 1 
6.67073505739985 1.92379643136856 7.1495367217081 -0.829264942600152 0.423796431368565 0.649536721708101 0 0 0 104 1 
4.17941883123167 1.73623754390908 5.63971432915293 -0.320581168768334 -0.763762456090918 -0.860285670847069 0 0 0 105 1 
5.08275970827754 3.27246786930784 5.88873444900633 -0.417240291722461 0.77246786930784 -0.611265550993669 0 0 0 106 1 
6.96589601381047 3.4957646276429 5.50903528483667 0.465896013810472 0.995764627642896 -0.990964715163329 0 0 0 107 1 
7.85565252179994 2.97683382510076 6.19803070497418 -0.644347478200056 0.476833825100756 -0.301969295025819 0 0 0 108 1 
5.04577367404122 2.92921639567013 7.12056579258685 -0.454226325958785 -0.570783604329872 0.620565792586845 0 0 0 110 1 
6.19523973891512 2.8440076364914 7.17848385900523 -0.304760261084876 -0.655992363508597 0.67848385900523 0 0 0 111 1 
6.4331077191637 1.12551234467151 7.50309128522489 0.933107719163703 0.625512344671506 0.00309128522488589 0 0 0 114 1 
6.72383253024536 0.422997849551036 7.94618711509445 0.22383253024536 -0.0770021504489643 0.446187115094453 0 0 0 115 1 
6.62280945360618 0.647601194030908 7.60896892180861 -0.877190546393822 0.147601194030908 0.108968921808608 0 0 0 116 1 
4.12692045355244 1.72596834138514 7.50307879065587 -0.373079546447564 0.225968341385136 0.00307879065586536 0 0 0 117 1 
5.86411952590527 1.69842125191021 7.88193097502399 0.364119525905272 0.19842125191021 0.381930975023987 0 0 0 118 1 
5.74488506783698 1.88665499000807 6.73439494241999 -0.755114932163022 0.386654990008074 -0.76560505758001 0 0 0 119 1 
7.87286598085888 1.0548346943574 6.58790350727839 0.372865980858879 -0.445165305642599 -0.912096492721608 0 0 0 120 1 
4.26851049484303 2.38031143699095 7.54733111029769 -0.231489505156971 -0.119688563009048 -0.952668889702308 0 0 0 121 1 
5.30790495549928 2.67322770026634 6.91291486558202 -0.192095044500718 0.173227700266338 -0.587085134417976 0 0 0 122 1 
6.72975710916717 2.42091679779391 7.08412897258881 0.229757109167171 -0.0790832022060853 -0.415871027411194 0 0 0 123 1 
7.93113506668238 2.71307334770845 6.84449803535536 0.431135066682377 0.213073347708453 -0.655501964644639 0 0 0 124 1 
5.00866630578913 3.34301643205849 7.97440555224647 0.508666305789126 -0.156983567941511 -0.525594447753532 0 0 0 125 1 
5.39333454291965 2.63951132420415 7.20670603453085 -0.106665457080351 -0.860488675795854 -0.293293965469153 0 0 0 126 1 
4.28921466263817 0.857859819836376 4.02637273371981 0.789214662638175 0.357859819836376 -0.473627266280185 0 0 0 4 1 
4.26958330194797 0.969849888740455 6.262512678493 0.769583301947973 0.469849888740455 -0.237487321507003 0 0 0 36 1 
4.45174015300072 2.50110898148644 6.50377443713536 0.951740153000717 0.00110898148643934 0.0037744371353603 0 0 0 44 1 
6.91199445727253 3.77337340522308 6.28941215258138 -0.588005542727468 -0.726626594776923 -0.210587847418617 0 0 0 228 1 
4.20562560325774 1.34013018918697 4.3062387493021 0.705625603257743 0.840130189186966 0.806238749302097 0 0 0 52 0 
6.20807529568366 0.0149049769093386 4.2476175012982 0.708075295683661 0.514904976909339 0.747617501298201 0 0 0 114 0 
7.42256018434157 0.0309946971080038 4.14304870384059 0.922560184341571 0.530994697108004 0.643048703840587 0 0 0 115 0 
6.57750191782092 1.24332787467417 4.32093464726284 -0.922498082179084 0.743327874674175 0.82093464726284 0 0 0 116 0 
6.48959398025501 3.90114508680605 4.34758726306619 -0.0104060197449899 -0.598854913193946 0.847587263066189 0 0 0 243 0 
3.45130689946039 4.91508589413171 5.17030307961894 -0.0486931005396138 0.415085894131709 0.670303079618942 0 0 0 132 1 
1.16948473998189 4.56138490242229 4.81630999441327 0.66948473998189 -0.938615097577706 0.316309994413266 0 0 0 133 1 
0.764838784440151 5.32631662405794 4.8385797602019 -0.735161215559849 -0.173683375942065 0.338579760201903 0 0 0 134 1 
1.74784010193421 4.77673107658621 4.53309719430966 -0.752159898065787 -0.72326892341379 0.0330971943096579 0 0 0 135 1 
0.31769076661486 5.85484981378026 5.07420881450348 0.81769076661486 -0.645150186219735 0.574208814503476 0 0 0 137 1 
0.716237925192569 5.6113899029679 4.71238016590188 -0.783762074807431 -0.888610097032105 0.212380165901878 0 0 0 138 1 
2.61780255078705 5.5279493053727 4.24152950587198 0.117802550787048 -0.972050694627297 -0.258470494128019 0 0 0 139 1 
0.860413750964233 6.72383584943836 5.33363815050609 0.360413750964233 -0.776164150561638 0.833638150506091 0 0 0 141 1 
1.64596727920375 7.77275324897554 4.9541543970214 0.145967279203749 -0.727246751024465 0.4541543970214 0 0 0 142 1 
3.11789026181116 7.48613776779552 4.75616397416394 0.617890261811162 -0.0138622322044832 0.256163974163943 0 0 0 143 1 
0.433513877129211 5.11412819295671 4.52101372334719 0.933513877129211 0.614128192956713 -0.97898627665281 0 0 0 145 1 
1.30463754789988 4.26841973257044 5.93054895287321 -0.195362452100117 -0.23158026742956 0.430548952873206 0 0 0 146 1 
2.19859151620739 4.03951689234625 4.95539223728313 -0.301408483792606 -0.460483107653754 -0.54460776271687 0 0 0 147 1 
2.90170947172879 4.06132092305617 5.77765537732914 -0.598290528271215 -0.438679076943825 0.277655377329136 0 0 0 148 1 
0.568377724470564 5.58687453213644 4.68686572390989 0.0683777244705643 0.0868745321364404 -0.813134276090112 0 0 0 149 1 
0.956661661026254 5.37655717330638 5.10663975359888 -0.543338338973746 -0.123442826693621 -0.393360246401119 0 0 0 150 1 
2.45003170465849 6.08246403709693 5.26687342711745 -0.0499682953415065 0.582464037096928 -0.233126572882548 0 0 0 151 1 
3.34162190566009 5.4952561232641 6.30227267906562 -0.158378094339912 -0.00474387673589671 0.802272679065619 0 0 0 152 1 
1.3472353132863 6.91238120942268 5.03609682110445 0.847235313286301 0.412381209422684 -0.463903178895547 0 0 0 153 1 
0.883987391330322 7.30493274868998 5.76861258421699 -0.616012608669678 0.80493274868998 0.268612584216987 0 0 0 154 1 
2.23969217757108 5.95683673071145 4.72004740951203 -0.260307822428921 -0.543163269288547 -0.779952590487969 0 0 0 155 1 
2.62159678644663 7.45879455329058 5.81709173272488 -0.878403213553367 0.958794553290575 0.317091732724875 0 0 0 156 1 
0.0309461036322076 7.73205229723803 5.40593894605632 0.530946103632208 -0.767947702761972 -0.0940610539436829 0 0 0 157 1 
1.4835343631004 7.83259286398019 6.16345888495249 -0.0164656368996022 -0.667407136019815 0.663458884952487 0 0 0 158 1 
2.61888795393387 7.58751610712817 6.3789102485747 0.118887953933866 -0.912483892871826 0.878910248574702 0 0 0 159 1 
3.03628572421163 7.15223945206018 4.63202037743225 -0.463714275788366 -0.347760547939823 -0.86797962256775 0 0 0 160 1 
1.27254561423408 5.17955694614019 5.7441346895093 0.772545614234082 0.679556946140191 -0.755865310490699 0 0 0 161 1 
2.40691613817901 4.26717618162617 6.68443492418186 0.906916138179013 -0.232823818373825 0.184434924181858 0 0 0 162 1 
1.80455249713249 4.55568587497381 5.91657754954208 -0.695447502867509 0.0556858749738145 -0.58342245045792 0 0 0 163 1 
0.205737414943474 6.03049203606144 5.87912281608795 0.705737414943474 0.530492036061438 -0.62087718391205 0 0 0 165 1 
0.852572358625818 4.98880611070336 5.68903561047406 -0.647427641374182 -0.511193889296642 -0.810964389525941 0 0 0 166 1 
2.95239057848693 6.4434799643863 6.32720087149773 0.452390578486927 0.943479964386302 -0.172799128502271 0 0 0 167 1 
2.6492815593619 4.79498663130174 7.14433542250382 -0.850718440638097 -0.705013368698264 0.64433542250382 0 0 0 168 1 
0.398814407646347 7.3161332536288 6.81884459487531 -0.101185592353653 0.816133253628804 0.318844594875313 0 0 0 169 1 
1.56247334202564 6.46960919063278 6.15930519028609 0.0624733420256394 -0.0303908093672229 -0.340694809713907 0 0 0 170 1 
1.63514334277441 6.14811044843165 6.04766999896223 -0.86485665722559 -0.351889551568347 -0.452330001037772 0 0 0 171 1 
3.07002029593617 6.79033488253494 6.65662615557766 -0.429979704063829 0.290334882534941 0.156626155577663 0 0 0 172 1 
0.725694409562488 7.91526507716388 6.7031518532307 0.225694409562488 0.41526507716388 0.2031518532307 0 0 0 173 1 
0.636658489625778 6.92133707236092 5.62632640083983 -0.863341510374222 -0.578662927639078 -0.873673599160166 0 0 0 174 1 
1.83130290235481 6.9048727807072 6.95616004049414 -0.668697097645193 -0.595127219292803 0.456160040494145 0 0 0 175 1 
3.35486347569956 7.62902245396566 5.64910339249937 -0.145136524300444 -0.870977546034343 -0.85089660750063 0 0 0 176 1 
0.070939171947625 5.02790453117212 7.67889703776573 -0.429060828052375 0.527904531172121 -0.821102962234271 0 0 0 177 1 
0.597866378014895 4.7057942853652 7.02845604475205 -0.902133621985105 0.205794285365195 -0.471543955247947 0 0 0 178 1 
1.87961390563721 4.08786488835102 6.95898746808772 -0.620386094362794 -0.412135111648979 -0.541012531912276 0 0 0 179 1 
0.72665271276095 6.31182793233686 7.60360961935744 0.22665271276095 0.811827932336859 -0.896390380642561 0 0 0 181 1 
0.728100041763201 6.03889708975429 7.70440598658605 -0.771899958236799 0.538897089754294 0.204405986586054 0 0 0 182 1 
2.48870370684783 4.53342963985176 7.5525927991386 -0.0112962931521684 -0.966570360148236 0.052592799138595 0 0 0 183 1 
3.64310331387197 4.76048176795134 7.34890293852419 0.143103313871968 -0.739518232048662 -0.151097061475806 0 0 0 184 1 
1.03365771772136 6.82243392478776 7.98044508847551 0.533657717721357 0.322433924787755 -0.519554911524486 0 0 0 185 1 
1.54078606766742 6.22070618824822 7.70741991419743 0.0407860676674237 -0.279293811751784 0.207419914197428 0 0 0 186 1 
2.98320827192073 6.5488481093536 6.85993689034987 0.483208271920732 0.0488481093536022 -0.640063109650128 0 0 0 187 1 
1.22902949756464 7.12120524319056 6.53943314047034 0.729029497564644 -0.378794756809439 -0.960566859529662 0 0 0 189 1 
1.80349282148623 7.57897630066256 6.79419087547501 0.30349282148623 -0.921023699337437 -0.705809124524993 0 0 0 190 1 
2.31290314832187 7.42621424496837 7.65288852121218 -0.187096851678129 -0.0737857550316313 0.152888521212179 0 0 0 191 1 
3.39568940232277 7.72083603656747 7.7145491988304 -0.104310597677234 0.22083603656747 -0.785450801169597 0 0 0 192 1 
3.32153097605974 4.2212789631602 4.52140131995376 -0.178469023940257 0.721278963160195 0.0214013199537599 0 0 0 16 1 
3.14455918450296 4.39710687649308 7.11220162413784 0.644559184502963 0.897106876493082 0.612201624137843 0 0 0 47 1 
3.57852540380288 4.4835607778849 5.66635562972315 0.0785254038028789 0.983560777884905 -0.833644370276847 0 0 0 48 1 
1.50960446917692 4.34278217284563 7.76110352277564 -0.990395530823079 0.842782172845633 0.261103522775641 0 0 0 63 1 
3.65139301221871 5.39005500303459 4.71159996816869 -0.848606987781292 0.890055003034593 -0.788400031831314 0 0 0 209 1 
3.6870685953974 6.76961512278854 5.91269814151399 -0.812931404602604 0.269615122788538 0.41269814151399 0 0 0 217 1 
3.82889951127913 7.14221013533216 6.18508377095358 -0.671100488720873 -0.357789864667836 0.685083770953582 0 0 0 221 1 
3.6556313414652 6.57478079510079 5.59092250017335 -0.844368658534802 -0.925219204899214 -0.909077499826654 0 0 0 237 1 
3.37594995961128 4.43357445222519 4.36976547900504 0.875949959611281 -0.0664255477748089 0.869765479005043 0 0 0 179 0 
1.10537819404477 6.03159491229208 4.04967393089405 -0.394621805955234 0.531594912292084 0.54967393089405 0 0 0 182 0 
2.25400915479364 6.65572968983383 4.20571988392268 -0.245990845206362 0.155729689833834 0.705719883922682 0 0 0 187 0 
1.6734373907398 7.98942659252904 4.07071802767866 0.173437390739797 0.489426592529045 0.570718027678657 0 0 0 190 0 
5.44386174175495 4.60382723875713 4.59111490140263 0.943861741754948 0.103827238757129 0.0911149014026305 0 0 0 193 1 
5.23470342363294 6.10010589201153 5.25252627814607 -0.265296576367058 0.600105892011531 0.752526278146067 0 0 0 198 1 
6.07854342386601 4.73597010186053 4.83160469976334 -0.421456576133989 -0.764029898139473 0.331604699763336 0 0 0 199 1 
4.44664118881976 7.47991978875349 5.45543426168297 -0.0533588111802408 0.97991978875349 0.955434261682972 0 0 0 201 1 
5.68702829320435 5.93414463058545 4.38725960846284 0.187028293204346 -0.565855369414552 -0.11274039153716 0 0 0 202 1 
5.93472079228006 6.44038669283652 4.57952082400202 -0.565279207719941 -0.0596133071634842 0.0795208240020191 0 0 0 203 1 
6.34747834475817 7.40055934810651 4.80022316727511 -0.152521655241834 -0.0994406518934892 0.300223167275106 0 0 0 207 1 
6.62762414446412 7.70445134233535 4.62194280468519 -0.872375855535876 0.204451342335345 0.12194280468519 0 0 0 208 1 
4.92694532985319 5.25593755321077 5.35657487776792 -0.573054670146812 0.755937553210766 -0.143425122232079 0 0 0 210 1 
6.05656556641188 5.10857232426582 5.39986504776534 -0.443434433588124 0.608572324265823 -0.100134952234657 0 0 0 211 1 
7.88592829758433 4.60678619096103 4.96009656954442 -0.61407170241567 0.106786190961028 -0.539903430455583 0 0 0 212 1 
4.22077529955434 6.21641244141276 6.1908242057024 -0.279224700445664 0.716412441412764 0.690824205702404 0 0 0 213 1 
6.39635521640138 6.46919602368926 4.78386379778744 0.89635521640138 0.969196023689265 -0.716136202212565 0 0 0 214 1 
6.99256769277495 4.77824399431499 6.28203310361225 0.492567692774949 -0.721756005685005 0.782033103612246 0 0 0 215 1 
6.88368935927462 4.5837735172952 5.62764759136713 -0.616310640725383 -0.9162264827048 0.127647591367128 0 0 0 216 1 
5.53217089518425 7.45961448492996 4.72262836115475 0.0321708951842454 0.959614484929957 -0.777371638845253 0 0 0 218 1 
6.7378817465281 7.48494464468682 4.61771539168505 0.2378817465281 0.984944644686816 -0.882284608314952 0 0 0 219 1 
6.77957514213108 5.81229462738952 4.68118263660982 -0.720424857868921 -0.687705372610479 -0.818817363390179 0 0 0 220 1 
4.77230685116702 7.15866389832786 4.854584443634 -0.72769314883298 -0.341336101672144 -0.645415556365996 0 0 0 222 1 
6.51286265655549 6.84620178507537 6.10069923750103 0.0128626565554935 -0.653798214924627 0.600699237501029 0 0 0 223 1 
7.21498819036004 6.57421177383903 5.16295833626749 -0.285011809639962 -0.925788226160974 -0.337041663732511 0 0 0 224 1 
5.24218422982202 5.19681792778093 7.28977332321411 0.742184229822017 0.696817927780926 0.789773323214111 0 0 0 225 1 
5.00545504169863 4.44376277830708 6.82725325269856 -0.494544958301367 -0.0562372216929206 0.327253252698558 0 0 0 226 1 
7.2889724008961 4.87034144669952 5.74808716391962 0.788972400896105 0.370341446699522 -0.751912836080382 0 0 0 227 1 
4.03279569073208 6.04460657380812 6.86800206207649 -0.467204309267922 0.544606573808124 0.368002062076493 0 0 0 229 1 
6.4363030350324 4.65434067185869 6.62554197752474 0.936303035032403 -0.845659328141308 0.125541977524737 0 0 0 230 1 
5.92454285043128 5.37671701966149 6.67511175620958 -0.575457149568722 -0.123282980338511 0.175111756209581 0 0 0 231 1 
7.90311772410997 5.74232867958349 5.91481696240984 -0.596882275890029 0.242328679583489 -0.585183037590162 0 0 0 232 1 
4.78775477515233 6.64896734075166 6.68070172290689 0.287754775152333 0.148967340751655 0.180701722906892 0 0 0 233 1 
4.99753833045091 6.66552139826658 6.25578451426418 -0.502461669549095 0.165521398266577 -0.244215485735821 0 0 0 234 1 
6.39400459991725 6.14459899447234 6.95583121038329 -0.105995400082753 -0.355401005527659 0.455831210383288 0 0 0 235 1 
7.79631212374805 6.10059936510978 6.0238950597641 -0.703687876251955 -0.399400634890219 -0.476104940235901 0 0 0 236 1 
5.3850802637356 7.51960080148119 5.69239637017577 -0.114919736264401 0.0196008014811857 -0.807603629824225 0 0 0 238 1 
6.04421377155229 6.92425274798233 6.23269284224896 -0.455786228447712 -0.575747252017672 -0.267307157751042 0 0 0 239 1 
7.24657104168134 7.53521857764102 6.15555879350002 -0.253428958318665 -0.964781422358983 -0.344441206499976 0 0 0 240 1 
4.8958784563478 4.34306661895181 7.0097621983688 0.395878456347798 -0.156933381048193 -0.490237801631198 0 0 0 241 1 
5.4649104156851 5.47561658841164 7.16946235061039 -0.0350895843149014 0.975616588411645 -0.33053764938961 0 0 0 242 1 
6.70813665965105 5.25720192220221 7.63910879722234 0.208136659651047 0.75720192220221 -0.860891202777661 0 0 0 243 1 
7.56955814113088 4.76105659058884 7.8516339346228 -0.930441858869123 0.261056590588842 0.351633934622796 0 0 0 244 1 
4.7692463424499 4.94210503729389 7.94225886718241 0.269246342449904 -0.557894962706107 0.442258867182408 0 0 0 245 1 
6.05790716877152 5.83474138341446 7.34748498590044 0.557907168771524 0.334741383414463 -0.15251501409956 0 0 0 246 1 
7.45538138579611 4.76257900041581 7.11111493940573 0.955381385796113 -0.737420999584192 -0.388885060594268 0 0 0 247 1 
7.7124677121168 5.16684533244818 7.51333548062693 0.212467712116804 -0.333154667551822 -0.986664519373068 0 0 0 248 1 
4.55958910310215 6.76688594177421 6.93056859396819 0.0595891031021543 0.266885941774206 -0.56943140603181 0 0 0 249 1 
5.97107465045366 6.64122649433945 7.43053610351629 0.471074650453656 0.141226494339445 -0.0694638964837057 0 0 0 250 1 
6.82358170125227 6.00529308861207 6.85148829837146 0.323581701252265 -0.494706911387935 -0.648511701628541 0 0 0 251 1 
7.55957330693332 5.60063058266653 7.99420389308432 -0.940426693066684 -0.899369417333474 0.494203893084315 0 0 0 252 1 
4.23477585712575 7.6067533615557 7.87846531364506 -0.26522414287425 0.106753361555703 0.37846531364506 0 0 0 253 1 
4.66302229637783 6.97443011618465 7.90598870189164 -0.836977703622169 -0.525569883815347 0.405988701891638 0 0 0 254 1 
6.72213084686097 7.25343844776304 6.70168893567952 0.22213084686097 -0.246561552236957 -0.798311064320479 0 0 0 255 1 
6.68989266814447 7.68577988817328 7.53957714646912 -0.810107331855533 0.18577988817328 0.0395771464691159 0 0 0 256 1 
7.10329714350638 4.42609930495001 6.8141386320584 -0.39670285649362 0.926099304950014 0.314138632058404 0 0 0 112 1 
7.31704069876195 4.13633397645707 6.84501746376903 0.81704069876195 0.636333976457074 -0.654982536230975 0 0 0 127 1 
7.98477342550245 4.09443972444551 7.59541558231424 0.484773425502449 0.594439724445508 -0.904584417685758 0 0 0 128 1 
4.3392195391258 5.38665252987228 5.38060673242173 0.839219539125804 -0.113347470127722 0.880606732421727 0 0 0 136 1 
4.18717398446487 6.24880743446011 4.5554242187263 0.687173984464872 -0.251192565539895 0.0554242187262972 0 0 0 140 1 
4.0919294448227 7.73415548107915 4.70662237862058 0.591929444822701 -0.765844518920848 0.206622378620576 0 0 0 144 1 
4.35716137302381 4.94502798323522 7.40440296913818 0.857161373023812 0.445027983235216 0.904402969138178 0 0 0 164 1 
4.23591013562265 4.43485255143953 7.87389473032397 0.73591013562265 -0.0651474485604725 -0.626105269676032 0 0 0 180 1 
4.25902269596859 5.9101652063059 7.95810236016201 0.759022695968594 -0.5898347936941 -0.541897639837989 0 0 0 188 1 
5.34705184713032 4.05590506540878 4.22616121413532 -0.152948152869678 0.555905065408784 0.726161214135323 0 0 0 126 0 
5.46055305060684 5.47319826974043 4.24483805513833 0.960553050606835 -0.0268017302595656 0.744838055138335 0 0 0 245 0 
6.33244368159833 5.54920479896694 4.24635598314987 0.832443681598328 0.0492047989669362 0.746355983149872 0 0 0 246 0 
5.10617845914956 7.18822360793248 4.20513075825872 -0.393821540850444 0.688223607932482 0.705130758258719 0 0 0 250 0 
