512
0.977077999296663 2.18762465777808 3.16358257631238 0.369269499824166 0.67190616444452 0.915895644078094 0 0 0 1 0 
3.98801274257567 2.10856309987499 3.09593915790411 0.372003185643917 0.402140774968749 0.898984789476028 0 0 0 3 0 
0.135259999024036 2.05083897503135 1.79786830702985 -0.841185000243991 0.387709743757837 0.324467076757462 0 0 0 4 0 
1.711103656731 0.852450811593725 1.30826414566668 0.0527759141827502 -0.161887297101569 0.452066036416671 0 0 0 6 0 
2.19126235472657 1.61029965893416 0.611041828005908 -0.0771844113183578 0.0275749147335409 0.277760457001477 0 0 0 7 0 
2.76448273390658 2.06666057181824 1.52963882961572 -0.183879316523356 0.89166514295456 0.25740970740393 0 0 0 8 0 
0.924732484222556 2.98783526087574 0.373434880335735 -0.393816878944361 0.121958815218934 -0.0316412799160662 0 0 0 11 0 
1.85824238507046 2.87199954544601 0.30106251825389 -0.410439403732386 0.0929998863615029 0.200265629563472 0 0 0 12 0 
3.57562151089721 2.81600228020756 3.24097676773004 0.768905377724302 -0.170999429948109 0.935244191932511 0 0 0 13 0 
3.59662645255129 1.1310713679177 0.596825340433654 0.274156613137822 -0.592232158020574 0.274206335108414 0 0 0 15 0 
0.911491748213479 2.61878703060299 2.19876513972447 0.10287293705337 0.529696757650747 0.174691284931117 0 0 0 17 0 
0.912523384574094 3.87186755836246 1.64200149018404 0.853130846143523 0.842966889590616 0.035500372546009 0 0 0 19 0 
3.73197658751721 3.3533131626641 2.20311243423195 0.557994146879303 0.463328290666024 0.925778108557988 0 0 0 22 0 
0.634094377509163 0.382835380396301 1.67220693261917 -0.466476405622709 -0.279291154900925 0.793051733154791 0 0 0 23 0 
0.561638346076093 0.155944121630485 1.37211325614075 0.265409586519023 0.663986030407621 -0.0319716859648126 0 0 0 25 0 
0.010800156739269 3.65893668742947 1.65927557979687 -0.872299960815183 0.289734171857368 0.789818894949217 0 0 0 28 0 
3.72461018381859 2.23205418001944 1.18700482737365 0.806152545954648 -0.31698645499514 -0.0782487931565888 0 0 0 29 0 
0.666824955439068 3.46082082349621 2.84236181661174 0.291706238859767 0.990205205874051 0.085590454152936 0 0 0 33 0 
3.72636471749791 2.01438235314812 3.45080954771674 0.0565911793744773 0.628595588287029 0.237702386929186 0 0 0 36 0 
1.27445048726413 0.0571586756960816 0.201659255801399 0.443612621816033 0.38928966892402 0.67541481395035 0 0 0 37 0 
1.34910301318676 1.27845880227759 1.56109047432377 -0.287724246703309 0.694614700569396 -0.234727381419058 0 0 0 39 0 
2.25259137607189 1.05648381661442 1.14550143464587 0.438147844017973 -0.360879045846395 0.911375358661466 0 0 0 41 0 
1.07941527000729 0.791879384821948 1.02954998531314 0.394853817501823 -0.677030153794513 0.882387496328286 0 0 0 45 0 
1.9950132451732 2.03166764408425 1.18711191644484 0.873753311293301 0.382916911021063 -0.578222020888791 0 0 0 50 0 
0.893653500341735 1.15738356474187 3.13236371719646 -0.151586624914566 0.664345891185468 -0.0919090707008845 0 0 0 54 0 
1.42982417775286 0.963452901015654 1.99249138894883 -0.517543955561784 0.615863225253914 -0.376877152762793 0 0 0 56 0 
3.18749679965488 2.05913003147062 2.51346717813951 0.671874199913721 -0.110217492132346 -0.246633205465123 0 0 0 57 0 
1.68276451414376 2.51289185204987 2.48167871117082 0.0456911285359398 -0.246777036987533 -0.254580322207296 0 0 0 62 0 
1.20021779791736 2.4005259299857 1.12741402869526 -0.824945550520661 0.725131482496426 0.156853507173814 0 0 0 65 0 
1.17957946132272 0.432138116957452 1.79483412144786 -0.830105134669319 0.983034529239363 0.323708530361966 0 0 0 77 0 
1.53464935248721 1.66798286679177 3.77592458206015 0.258662338121801 -0.708004283302057 0.818981145515037 0 0 0 129 0 
3.27353650091243 2.44749283846244 2.91408371861961 0.193384125228107 -0.513126790384391 0.353520929654902 0 0 0 147 0 
1.98579272479451 1.92319256341053 0.60998403230536 -0.128551818801372 -0.644201859147367 -0.47250399192366 0 0 0 163 0 
1.32601241054284 2.22899916524241 0.619613950742906 -0.54349689736429 -0.567750208689399 -0.720096512314274 0 0 0 180 0 
1.60250756139015 1.70542227421362 0.750754398300224 0.275626890347536 0.301355568553404 -0.937311400424944 0 0 0 1 1 
1.33138801464717 1.12924986861383 1.27615926864925 -0.292152996338208 0.907312467153457 -0.805960182837688 0 0 0 11 1 
3.94737167450499 1.64645011929794 2.2008314668671 0.611842918626247 -0.463387470175516 -0.574792133283226 0 0 0 14 1 
3.83536119123845 0.96240295614513 2.11900478636439 0.583840297809613 -0.884399260963717 -0.595248803408903 0 0 0 130 1 
1.87270774062282 2.08293587995598 1.42433474405874 -0.906823064844295 0.645733969988994 0.231083686014684 0 0 0 66 0 
3.13377203028472 3.97768290119483 1.55647653111057 -0.341556992428819 0.619420725298707 0.264119132777643 0 0 0 69 0 
3.1179396048214 3.15357830507435 1.36492543389043 -0.34551509879465 0.163394576268589 0.216231358472606 0 0 0 73 0 
2.30404319592428 2.03001948420994 3.28042884820548 -0.798989201018931 -0.117495128947514 0.19510721205137 0 0 0 106 0 
3.2533942091595 3.04260063314709 0.645277009453654 -0.311651447710126 0.885650158286772 -0.713680747636587 0 0 0 113 0 
0.105136093690734 2.11020529379918 3.27655819977165 -0.848715976577317 -0.847448676550205 0.444139549942912 0 0 0 152 0 
1.93249873836531 1.61305613154267 0.263264790577807 0.358124684591328 -0.971735967114333 0.940816197644452 0 0 0 181 0 
1.63669793991493 2.64147808461176 0.861594292333407 -0.215825515021266 -0.46463047884706 -0.909601426916648 0 0 0 131 1 
1.99083632368571 3.15577467072239 0.732693364820854 -0.877290919078573 -0.336056332319404 -0.191826658794787 0 0 0 210 0 
2.80303506118262 1.86547372165025 2.88331785733853 0.575758765295656 0.0913684304125628 -0.404170535665368 0 0 0 5 1 
3.26018750070237 0.757998809191183 2.39811822709732 0.940046875175593 -0.185500297702204 -0.775470443225669 0 0 0 21 1 
1.10997726472469 0.505721850167292 1.95463075546592 0.902494316181171 0.501430462541823 -0.886342311133519 0 0 0 23 1 
2.47028190831352 0.744059235144263 2.42261643965245 -0.507429522921621 0.311014808786066 -0.769345890086888 0 0 0 81 1 
3.79815067741681 1.21875919474478 2.94214464541488 -0.175462330645797 0.179689798686196 0.360536161353719 0 0 0 81 0 
2.7840011117636 1.93111592668485 2.29573157611671 -0.6789997220591 0.607778981671213 0.198932894029176 0 0 0 82 0 
3.37209044272972 3.46656790439285 0.0538224515072125 -0.531977389317571 0.741641976098211 -0.611544387123197 0 0 0 98 0 
2.54385129196049 0.288504103237783 1.65763234582861 -0.739037177009877 -0.552873974190554 -0.960591913542848 0 0 0 90 1 
0.151231661713497 3.61036083546566 2.0445322950402 0.162807915428374 -0.222409791133585 -0.113866926239951 0 0 0 161 0 
0.0980730964337457 3.00604268113965 0.973588476764247 -0.850481725891564 -0.623489329715086 -0.631602880808938 0 0 0 184 0 
2.97121020314819 2.61179722149081 3.46611802348792 0.117802550787048 -0.972050694627297 -0.258470494128019 0 0 0 139 1 
3.37188412820302 1.83046890162118 3.63990494973511 0.467971032050754 -0.167382774594704 -0.215023762566223 0 0 0 10 1 
1.35474952757194 1.541865135463 2.52029497249467 -0.786312618107015 -0.489533716134251 -0.744926256876334 0 0 0 93 1 
3.21767532492667 0.555049824363673 3.05885731661172 -0.320581168768334 0.763762456090918 -0.860285670847069 0 0 0 105 1 
1.29436606482958 2.65806756938498 3.32156894913252 -0.301408483792606 -0.460483107653754 -0.54460776271687 0 0 0 147 1 
3.87933792048955 0.401907332117247 2.39641337595447 -0.155165519877612 0.725476833029312 0.224103343988618 0 0 0 89 0 
3.79677303204184 2.1992532038702 1.08646005603258 -0.925806741989541 0.674813300967549 -0.853384985991855 0 0 0 68 1 
2.33624703428344 3.64238248809939 0.702727310731475 0.459061758570861 -0.714404377975151 0.0506818276828687 0 0 0 137 0 
0.147094674400752 3.59021405451516 2.22682939983531 0.161773668600188 -0.97744648637121 0.681707349958827 0 0 0 141 0 
3.78325463654979 3.7896848448346 1.41882293275247 0.820813659137447 -0.92757878879135 -0.0202942668118828 0 0 0 157 0 
1.12252536586079 3.79912318040314 2.86369000069338 -0.844368658534802 -0.925219204899214 -0.909077499826654 0 0 0 237 1 
2.98545005840747 0.978127888390985 3.71387693966656 -0.128637485398131 -0.630468027902254 -0.44653076508336 0 0 0 32 1 
2.35851761547182 0.242885817347251 3.77062663242806 0.214629403867955 0.185721454336813 -0.682343341892985 0 0 0 34 1 
3.10869411160214 2.48785307343442 3.20910248883094 0.152173527900536 0.246963268358606 -0.822724377792266 0 0 0 39 1 
0.867272396528385 2.62413302917967 3.32057247575441 -0.908181900867904 -0.218966742705082 -0.794856881061398 0 0 0 109 1 
1.08971056549673 3.45522444281343 3.25614244189624 0.647427641374182 -0.511193889296642 -0.810964389525941 0 0 0 166 1 
5.75945649720142 2.77251916896075 1.27044755747206 -0.935135875699644 0.568129792240187 0.192611889368014 0 0 0 67 0 
5.97324366590308 3.96375085140841 0.945616364065372 -0.381689083524229 0.865937712852102 0.361404091016343 0 0 0 68 0 
6.9940922265737 1.19152690290566 2.29100646572086 0.123523056643425 0.672881725726415 0.447751616430216 0 0 0 71 0 
4.59123015475368 3.01623024030833 2.15898708791165 -0.977192461311581 0.379057560077083 0.664746771977911 0 0 0 72 0 
5.62846666781822 1.91921840461664 3.30926923869668 0.0321166669545541 -0.145195398845841 0.95231730967417 0 0 0 74 0 
7.26655190354331 1.74784354664626 3.66072621067177 0.191637975885827 -0.438039113338435 0.790181552667941 0 0 0 79 0 
4.27531908033038 0.930605991390067 2.91176852447612 -0.806170229917406 -0.642348502152483 0.852942131119031 0 0 0 80 0 
4.53767924882172 3.13120731995975 1.45750902927217 0.00941981220543053 0.407801829989938 0.739377257318043 0 0 0 85 0 
4.35616757043385 0.454919890508487 1.6614583295852 -0.535958107391539 -0.511270027372878 0.790364582396299 0 0 0 91 0 
4.34424191735072 0.369887080055323 0.19512780243344 -0.03893952066232 -0.782528229986169 0.42378195060836 0 0 0 93 0 
6.44765085949023 2.53363167796671 2.22669441900769 -0.763087285127441 -0.241592080508323 0.931673604751923 0 0 0 95 0 
7.91511925504632 3.86132828602771 2.14727170927752 -0.146220186238419 0.0903320715069265 0.16181792731938 0 0 0 96 0 
4.29185204111798 2.99824325498795 1.74798438718168 -0.0520369897205044 0.624560813746988 -0.18800390320458 0 0 0 97 0 
6.93737363948598 0.535698832685151 0.498657833200036 -0.140656590128504 0.00892470817128777 0.749664458300009 0 0 0 100 0 
7.49198118817691 1.10566830796632 1.4697832825558 0.247995297044227 -0.0985829230084199 -0.257554179361051 0 0 0 103 0 
7.20915482905885 0.206268281590663 3.63136413141422 0.677288707264711 -0.573432929602334 0.282841032853556 0 0 0 105 0 
5.09710120725793 3.00220812072732 2.21096435620824 -0.850724698185518 0.12555203018183 -0.0722589109479397 0 0 0 108 0 
5.2100986303292 1.20151679396777 2.41070162498705 -0.0724753424176992 -0.0746208015080584 -0.272324593753237 0 0 0 118 0 
7.01155696743691 1.22724251953641 3.63173610679259 0.127889241859227 0.681810629884102 0.0329340266981486 0 0 0 119 0 
4.43564790542078 1.81889797445084 0.0739676777584641 -0.766088023644806 0.829724493612709 -0.856508080560384 0 0 0 120 0 
5.71699436656907 2.97968517198512 2.02270558129806 -0.695751408357734 -0.130078707003719 -0.369323604675486 0 0 0 128 0 
7.14025731717479 1.69783310886912 2.66119272012706 0.910064329293698 0.0494582772172791 0.0402981800317657 0 0 0 40 0 
7.79176657138978 1.0717607218614 3.66189149433014 -0.927058357152554 -0.857059819534649 0.290472873582535 0 0 0 225 0 
7.20298990463384 0.977389857158542 3.80662895776722 -0.82425252384154 -0.880652535710365 0.326657239441805 0 0 0 226 0 
7.81203363056221 1.34028339770022 0.454834091964637 0.328008407640553 -0.789929150574944 0.738708522991159 0 0 0 227 0 
7.29636016232199 3.16445720199752 2.01947823861826 0.949090040580497 0.166114300499379 -0.620130440345435 0 0 0 12 1 
5.63555286312614 1.39040602324353 1.57729749105033 -0.716111784218466 -0.777398494189117 -0.730675627237417 0 0 0 196 1 
5.46766812640209 0.502317809845403 1.04702533227038 0.491917031600523 -0.749420547538649 0.386756333067595 0 0 0 16 0 
7.57781671553458 2.25195797802781 2.54054091306293 -0.480545821116356 -0.812010505493049 0.760135228265733 0 0 0 199 0 
5.95075295240283 0.273446409966436 3.0442163714732 0.862688238100708 -0.306638397508391 -0.363945907131701 0 0 0 7 1 
6.49033585783724 3.05752322500297 3.04163265873087 0.497583964459311 0.889380806250743 -0.364591835317283 0 0 0 65 1 
5.97831451365375 2.3514640725199 2.50189584891533 0.369578628413438 0.962866018129974 -0.499526037771167 0 0 0 69 1 
6.84296932122104 1.05737534070582 2.8156847189737 0.33574233030526 -0.110656164823544 -0.421078820256576 0 0 0 70 1 
4.19756796158185 1.24378163654214 2.27250612030854 -0.825608009604538 0.185945409135535 -0.806873469922865 0 0 0 84 1 
6.6568586505527 1.93143927934551 2.60549093487926 0.789214662638175 0.357859819836376 -0.473627266280185 0 0 0 4 1 
5.3567713958517 0.772225657586909 2.06267658333786 0.964192848962925 -0.431943585603273 0.640669145834464 0 0 0 10 0 
4.34545447947546 1.36906526626701 0.327378575166485 0.211363619868866 0.217266316566753 0.456844643791621 0 0 0 20 0 
5.47877125078068 0.207120267413014 2.09593298768714 0.994692812695169 0.676780066853254 0.898983246921784 0 0 0 26 0 
4.68907953556346 2.33384818723259 1.81095780674813 0.547269883890865 -0.291537953191851 -0.672260548312966 0 0 0 15 1 
5.42380621667207 3.18742677321072 0.881108291974929 0.980951554168017 -0.32814330669732 -0.154722927006268 0 0 0 146 0 
6.99962429921878 2.87718597916748 1.92095681845157 -0.625093925195304 -0.65570350520813 0.105239204612892 0 0 0 215 0 
6.77248737500356 2.71330907493694 2.0884964915294 0.318121843750891 -0.946672731265765 0.897124122882351 0 0 0 218 0 
6.11967075999946 2.6320054359456 2.24214472473769 -0.595082310000135 -0.9669986410136 0.185536181184421 0 0 0 220 0 
5.97312754867297 3.02579116323673 1.88430077924498 0.868281887168243 -0.618552209190817 0.0960751948112444 0 0 0 151 0 
5.04315048088765 1.83276859237248 2.75775400615099 0.885787620221911 0.0831921480931206 -0.935561498462253 0 0 0 38 1 
4.23904671633182 3.29724747954402 0.195805183107486 0.684761679082956 -0.300688130113994 -0.826048704223128 0 0 0 178 0 
7.14838685262906 3.84515903886761 2.92152921729288 -0.337903286842734 -0.413710240283097 0.605382304323221 0 0 0 200 0 
4.61830056852432 3.74917850955808 2.22473054643928 -0.720424857868921 -0.687705372610479 -0.818817363390179 0 0 0 220 1 
6.95646644753711 3.38899645102571 3.83706810437953 -0.885883388115722 0.972249112756428 -0.165732973905118 0 0 0 66 1 
7.35699340509574 2.98182000548988 3.82923643769122 -0.0357516487260645 -0.129544998627531 -0.417690890577195 0 0 0 96 1 
7.00853607656448 0.280661222570395 3.85161402911357 -0.372865980858879 0.445165305642599 -0.912096492721608 0 0 0 120 1 
2.29542520842029 4.50138600951625 1.81931378395683 -0.0511436978949282 0.000346502379061642 0.579828445989207 0 0 0 131 0 
0.385748241874699 6.55679908789479 3.05023510035895 -0.0285629395313252 -0.985800228026304 0.887558775089738 0 0 0 133 0 
0.137629171169797 6.43151401926943 2.9469704251817 -0.340592707207551 0.232878504817357 0.861742606295425 0 0 0 134 0 
3.55975279532637 6.86184872885066 0.732649482967042 0.264938198831593 0.340462182212666 0.0581623707417604 0 0 0 135 0 
0.82051759496944 6.78295481449382 2.19246376065655 -0.16987060125764 0.0707387036234557 0.423115940164138 0 0 0 138 0 
0.583175114945002 6.09516141882094 3.4950015403632 0.77079377873625 -0.851209645294764 0.998750385090799 0 0 0 139 0 
3.37590012558049 7.44394603677441 2.96859559915539 0.468975031395122 -0.0140134908063967 0.617148899788847 0 0 0 142 0 
1.95041025858803 4.82518344702953 1.48424018950842 -0.137397435352992 -0.668704138242617 0.246060047377106 0 0 0 143 0 
0.931699584104787 4.84911088946625 1.37873835356677 0.357924896026197 0.0872777223665637 0.719684588391692 0 0 0 145 0 
0.549422469048681 7.77390929535817 0.661334527825487 -0.23764438273783 -0.681522676160456 0.540333631956372 0 0 0 150 0 
1.83850385711407 6.4143864788593 2.04194580486845 0.584625964278516 -0.0214033802851747 0.135486451217114 0 0 0 153 0 
2.31785979429561 6.22174539586586 1.96749028224547 -0.0455350514260984 -0.319563651033534 0.866872570561367 0 0 0 159 0 
1.60529298211847 7.39039616901577 0.182510913810686 0.776323245529618 0.722599042253941 -0.579372271547328 0 0 0 162 0 
2.72647868593079 6.79394356087472 3.7585821299694 0.806619671482698 -0.92651410978132 0.314645532492351 0 0 0 165 0 
3.12598819524306 4.94254601929732 1.05919700754726 0.156497048810765 -0.13936349517567 -0.360200748113186 0 0 0 167 0 
0.311425241667648 7.74762358732973 2.46185338466141 0.202856310416912 0.311905896832434 -0.00953665383464652 0 0 0 169 0 
0.966423719662997 5.58582061756157 3.22153920956043 0.866605929915749 -0.228544845609609 0.180384802390108 0 0 0 171 0 
3.29856746153934 4.67263143944183 1.34537862839437 0.949641865384835 -0.706842140139543 -0.288655342901407 0 0 0 173 0 
2.42619231217207 7.17561828688651 1.23726868482367 0.981548078043017 -0.081095428278371 -0.315682828794082 0 0 0 174 0 
3.26061681385324 6.59374078287246 3.29885674063365 -0.05984579653669 -0.226564804281885 0.199714185158412 0 0 0 176 0 
0.298694414419971 7.17608782206906 1.25277847111338 0.699673603604993 0.419021955517266 -0.561805382221655 0 0 0 183 0 
2.38159590338183 4.47806225499124 0.104756684672406 0.470398975845458 -0.505484436252189 -0.848810828831899 0 0 0 185 0 
3.99890038139369 5.14649504678257 3.39497943173353 0.874725095348423 -0.838376238304357 -0.0262551420666183 0 0 0 189 0 
1.98781303048252 7.02233084967038 0.0530581584509235 -0.128046742379369 -0.119417287582407 0.888264539612731 0 0 0 191 0 
2.53634966587592 5.83085922102384 1.76930710351032 0.259087416468981 0.58271480525596 0.56732677587758 0 0 0 14 0 
2.02729156672763 5.69301715634233 1.89444492327473 0.881822891681907 0.548254289085582 0.0986112308186828 0 0 0 30 0 
0.045819013016162 6.28512800382295 0.321101005338939 -0.61354524674596 0.696282000955739 -0.294724748665265 0 0 0 31 0 
0.841954776069937 5.42047303064946 2.50782110205515 -0.914511305982516 0.230118257662365 0.501955275513787 0 0 0 193 0 
0.782332485524581 5.60399157214589 2.23633165157912 -0.929416878618855 -0.724002106963527 -0.56591708710522 0 0 0 205 1 
0.405479096066676 5.44718850608481 0.23296509996031 0.976369774016669 0.486797126521203 -0.566758725009922 0 0 0 48 0 
1.7508027519185 4.8526175447657 2.04176216492563 0.562700687979625 0.338154386191426 -0.364559458768594 0 0 0 61 0 
1.27678785179234 5.01329789432805 3.50681058929663 -0.805803037051914 0.378324473582013 0.251702647324159 0 0 0 109 0 
2.77722358147043 7.97722691415398 2.43995744678865 -0.430694104632393 0.369306728538495 -0.265010638302836 0 0 0 249 0 
3.07956101418031 6.26357416417827 1.59777354123047 -0.355109746454923 0.190893541044568 -0.725556614692382 0 0 0 197 1 
3.23405550851684 6.95651277182685 1.58405489338876 0.933513877129211 0.614128192956713 -0.97898627665281 0 0 0 145 1 
0.773510897882257 5.84749812854576 2.24746289563955 0.0683777244705643 0.0868745321364404 -0.813134276090112 0 0 0 149 1 
1.45876871028431 4.32734692284581 2.38018963804812 -0.260307822428921 -0.543163269288547 -0.779952590487969 0 0 0 155 1 
1.64514289684653 6.10895780824071 2.028081509729 -0.463714275788366 -0.347760547939823 -0.86797962256775 0 0 0 160 1 
1.10557204887483 7.93977998786163 2.34639987267474 -0.848606987781292 -0.890055003034593 -0.788400031831314 0 0 0 209 1 
1.30602700013893 4.99611097816035 3.56073169851513 0.201506750034732 0.624027744540088 0.765182924628781 0 0 0 9 0 
2.93508192981471 4.97834847179532 3.68535628307217 -0.891229517546321 0.619587117948829 0.796339070768041 0 0 0 75 0 
2.66193433563969 6.88903094741701 2.34183937777552 -0.709516416090077 -0.402742263145748 0.46045984444388 0 0 0 206 0 
3.24042930408306 6.28352199488629 2.8151063926577 -0.564892673979235 -0.804119501278428 0.0787765981644244 0 0 0 234 0 
1.95336604149689 5.18534828944369 3.00530560335934 0.863341510374222 -0.578662927639078 -0.873673599160166 0 0 0 174 1 
2.91945390279822 5.01608981586263 3.09641356999748 -0.145136524300444 -0.870977546034343 -0.85089660750063 0 0 0 176 1 
3.81410161521152 7.43424311153962 3.16542251889261 0.0785254038028789 0.983560777884905 -0.833644370276847 0 0 0 48 1 
2.58922740466808 6.13465559331143 2.91833777453602 -0.72769314883298 -0.341336101672144 -0.645415556365996 0 0 0 222 1 
2.41416066956529 4.36410922599894 3.2663472877035 0.228540167391324 0.966027306499735 0.691586821925875 0 0 0 2 0 
0.477876447188502 4.22846108044726 2.05660184408538 0.244469111797126 0.932115270111815 -0.360849538978654 0 0 0 49 0 
2.65058142250432 4.27557592029466 1.89745619084989 -0.712354644373921 0.443893980073664 -0.400635952287528 0 0 0 122 0 
1.74731881447227 4.14126129125628 3.11676602031365 -0.438170296381932 0.41031532281407 -0.595808494921587 0 0 0 28 1 
2.94576136611729 4.43523369965777 3.57912295802811 -0.888559658470678 0.483808424914442 -0.230219260492972 0 0 0 75 1 
3.30053423468897 7.83538285848328 0.136451769410543 -0.799866441327758 -0.66615428537918 -0.840887057647364 0 0 0 247 0 
3.91563990350725 6.84532000180756 0.178511747587565 -0.646090024123187 0.836330000451892 0.919627936896891 0 0 0 127 0 
0.673353355894983 5.00622869322552 3.92655901439553 0.543338338973746 -0.123442826693621 -0.393360246401119 0 0 0 150 1 
3.8889412531452 7.85047516230927 3.64438728441781 0.847235313286301 -0.412381209422684 -0.463903178895547 0 0 0 153 1 
3.59018245693633 7.21822778456076 3.4765387580372 0.772545614234082 0.679556946140191 -0.755865310490699 0 0 0 161 1 
3.41611799025858 5.98482097276224 3.65773256188135 0.729029497564644 -0.378794756809439 -0.960566859529662 0 0 0 189 1 
0.35021993324682 6.01575584009034 3.95579187495139 -0.287445016688295 0.878938960022586 -0.636052031262151 0 0 0 42 1 
6.82459471497229 6.53067466614489 2.58478365380559 -0.918851321256929 0.507668666536222 0.521195913451397 0 0 0 194 0 
7.12481654899901 7.6097797759187 0.670466604108582 -0.593795862750247 -0.972555056020326 0.292616651027146 0 0 0 195 0 
4.94533812447017 6.18662828771542 3.33689287233178 -0.638665468882458 0.421657071928856 0.959223218082944 0 0 0 196 0 
6.00358487025604 6.74169614313635 1.78847946611822 0.12589621756401 -0.939575964215912 0.572119866529556 0 0 0 198 0 
7.98630407199582 5.82460666526389 0.427485253856339 0.871576017998955 -0.918848333684027 -0.0181286865359154 0 0 0 201 0 
5.8107965531189 5.54521674887637 3.00817160300644 0.0776991382797252 -0.988695812780906 0.62704290075161 0 0 0 202 0 
6.34388268316586 5.97735491884661 3.67575807998606 -0.789029329208535 -0.130661270288348 0.793939519996515 0 0 0 203 0 
7.46450910032069 5.76837227338848 0.407626498451906 0.741127275080172 -0.43290693165288 -0.0230933753870235 0 0 0 205 0 
4.03895658139805 7.15738572076628 2.47172813616748 -0.615260854650488 -0.335653569808431 0.742932034041871 0 0 0 207 0 
7.07755450101631 6.41363354785448 2.30365817421077 -0.105611374745923 -0.521591613036379 0.700914543552693 0 0 0 208 0 
6.09805634981056 4.0853620604582 3.61885972452907 0.399514087452641 -0.103659484885449 0.529714931132266 0 0 0 209 0 
6.05052621688521 7.5765360491308 3.96456913071449 -0.112368445778697 -0.9808659877173 0.616142282678623 0 0 0 211 0 
4.04074492483389 6.39116351073323 2.1449824550606 -0.114813768791528 -0.777209122316692 0.911245613765151 0 0 0 217 0 
4.38924155116288 5.09827191367156 3.91371369621274 -0.0276896122092806 -0.60043202158211 0.603428424053184 0 0 0 221 0 
7.60111778752175 7.32958243848327 2.00906019522295 0.525279446880438 -0.292604390379183 0.877265048805737 0 0 0 222 0 
6.61679992229701 6.96498971997724 1.83956359764344 0.0291999805742527 -0.133752570005689 0.834890899410859 0 0 0 223 0 
5.00239777819558 6.09188601473576 2.08787321874347 -0.374400555451104 -0.10202849631606 -0.103031695314131 0 0 0 235 0 
7.62609284486394 6.82820695424367 1.24137806667215 -0.968476788784015 -0.167948261439082 0.935344516668037 0 0 0 237 0 
7.78232332359966 6.22406894772727 2.37099051902723 0.0705808308999134 0.431017236931818 -0.282252370243192 0 0 0 244 0 
6.12116530929408 5.24453437652109 0.311321390748629 -0.344708672676478 -0.0638664058697281 0.952830347687157 0 0 0 248 0 
7.80210800909967 6.10868340883108 0.275918760422228 0.325527002274917 -0.0978291477922298 -0.806020309894443 0 0 0 251 0 
5.01957873960357 5.3643043351486 1.14482345613343 -0.120105315099108 -0.783923916212851 -0.588794135966643 0 0 0 254 0 
5.58464328697632 7.2522176360044 2.54527474639055 -0.978839178255921 -0.0619455909989007 -0.238681313402363 0 0 0 255 0 
6.09350640908518 5.04342919217965 1.8596606713035 0.648376602271294 0.135857298044913 0.339915167825875 0 0 0 132 0 
6.73626976006062 7.91202191389889 0.410964713455262 0.809067440015156 -0.646994521525277 -0.0222588216361844 0 0 0 136 0 
6.90027969703321 4.72607174202719 2.47982023040042 0.850069924258303 -0.443482064493203 0.494955057600106 0 0 0 140 0 
5.59354945758791 6.69782352045715 2.45266087338452 0.523387364396978 -0.200544119885714 0.73816521834613 0 0 0 144 0 
4.51041934608554 5.75185885919064 1.78630450286365 -0.247395163478615 0.312964714797661 -0.678423874284088 0 0 0 194 1 
7.31794384141002 4.55520545456902 1.7866828481987 -0.545514039647494 0.0138013636422558 -0.678329287950325 0 0 0 195 1 
5.38492328664866 7.86596718240453 1.08983579791899 -0.778769178337834 0.591491795601133 -0.852541050520253 0 0 0 200 1 
7.1864091870865 4.83474071883398 1.01496252561849 -0.0783977032283739 -0.416314820291505 -0.871259368595377 0 0 0 204 1 
7.87211126218202 4.69701631550919 1.11188614664402 -0.656972184454494 -0.700745921122703 -0.847028463338994 0 0 0 206 1 
4.77345699547137 5.59775508283633 2.87683759855683 -0.681635751132157 0.774438770709081 0.344209399639207 0 0 0 92 0 
4.96093789610239 5.48035824057803 2.45851064272979 -0.134765525974402 0.495089560144509 0.989627660682447 0 0 0 94 0 
7.8086290563788 5.25498908473127 2.65778985977303 0.5771572640947 0.438747271182816 0.0394474649432583 0 0 0 110 0 
6.30631659312172 4.93399689421405 1.1706876170937 -0.0484208517195701 0.358499223553513 0.917671904273425 0 0 0 111 0 
6.19667745439061 6.15549292471496 3.46129987726399 -0.0758306364023476 0.91387323117874 -0.00967503068400177 0 0 0 123 0 
7.62700031623137 4.9662835310307 0.00633522510467266 -0.968249920942156 0.366570882757676 0.876583806276168 0 0 0 125 0 
5.89999538256994 5.89024397542772 0.461849226829244 0.599998845642485 0.847560993856931 0.740462306707311 0 0 0 44 0 
6.46031611400669 6.67675261765432 0.927309154562131 0.990079028501673 0.0441881544135785 -0.143172711359467 0 0 0 155 0 
5.62868358073698 5.66154206028017 2.39051344461899 0.0321708951842454 -0.959614484929957 -0.777371638845253 0 0 0 218 1 
7.4515269861124 5.56022142125273 1.97086156674019 0.2378817465281 -0.984944644686816 -0.882284608314952 0 0 0 219 1 
5.35307737527316 5.44549534887233 1.50590750760127 -0.53673065618171 0.736373837218083 0.251476876900317 0 0 0 76 0 
6.71231173256641 4.5227035213019 3.8242168281244 -0.696922066858396 0.505675880325475 0.331054207031099 0 0 0 107 0 
5.77909211231154 4.82501799791716 0.771222034109826 0.819773028077885 0.581254499479289 -0.182194491472544 0 0 0 27 0 
4.31859363675373 5.20396973967519 0.451479365176688 0.204648409188433 -0.574007565081202 0.487869841294172 0 0 0 160 0 
4.9995187038799 7.18225060584527 2.29048970393753 0.874879675969974 0.920562651461317 -0.0523775740156186 0 0 0 46 0 
5.9102449692761 4.61301124105207 2.57345397474751 -0.897438757680975 0.528252810263018 -0.731636506313123 0 0 0 91 1 
7.64650391473531 4.96630170696331 2.64187964090207 -0.463374021316174 0.866575426740828 -0.964530089774484 0 0 0 103 1 
6.04371319033732 4.92714476384411 3.34038627817767 -0.61407170241567 0.106786190961028 -0.539903430455583 0 0 0 212 1 
6.91457913439448 6.62321590524294 2.63545519114974 -0.89635521640138 -0.969196023689265 -0.716136202212565 0 0 0 214 1 
7.63641594475811 6.48305851057158 2.53614113934668 -0.465896013810472 0.995764627642896 -0.990964715163329 0 0 0 107 1 
4.6231922484662 4.49471588840965 0.0402452223948784 0.780798062116549 0.498678972102413 -0.61493869440128 0 0 0 42 0 
6.10374005728402 4.79473136454807 1.86582976709893 0.150935014321005 0.823682841137018 0.341457441774733 0 0 0 70 0 
6.96532980673429 4.48605174120305 3.88344223233868 -0.633667548316428 0.746512935300763 0.595860558084669 0 0 0 87 0 
6.02903133700293 4.20584177783893 1.8743121104481 0.382257834250733 0.426460444459732 -0.656421972387975 0 0 0 73 1 
4.17892037085809 4.81569465985472 3.04659042697566 -0.830269907285479 0.82892366496368 -0.363352393256085 0 0 0 72 1 
4.11038774930939 5.99744540346204 1.83796296256235 0.152596937327346 -0.87563864913449 0.0844907406405877 0 0 0 156 0 
6.34411039641558 5.98136578679809 3.49234865567847 -0.788972400896105 0.370341446699522 -0.751912836080382 0 0 0 227 1 
5.0403210549424 7.57840320592474 3.2695854807031 -0.114919736264401 0.0196008014811857 -0.807603629824225 0 0 0 238 1 
5.72114568532466 5.38095288915173 3.6163211361105 0.305286421331164 0.970238222287932 -0.470919715972376 0 0 0 85 1 
3.65457444355389 2.45263396466285 7.41287484277061 0.538643610888474 0.738158491165712 0.728218710692651 0 0 0 2 1 
3.9799181705511 1.94293671348171 7.04036244684002 0.369979542637774 0.360734178370429 0.635090611710006 0 0 0 3 1 
0.0904392515590837 3.91882315625687 5.41566548770787 -0.352390187110229 0.604705789064218 0.228916371926966 0 0 0 6 1 
2.86634776036436 0.787618433836499 4.74990227834058 0.59158694009109 0.821904608459125 0.0624755695851447 0 0 0 9 1 
3.07332028394372 0.198150060481744 6.70855993931939 0.643330070985931 -0.825462484879564 0.552139984829846 0 0 0 13 1 
2.98401169794554 2.59217487963505 4.03371713208815 0.871002924486385 0.523043719908763 -0.366570716977962 0 0 0 17 1 
1.58222602338642 0.712736308016333 5.49013051444721 -0.229443494153395 0.0531840770040832 -0.00246737138819697 0 0 0 19 1 
1.67540486991915 2.62976691191937 5.63097318787409 0.0438512174797863 0.282441727979842 0.0327432969685226 0 0 0 22 1 
1.22121095284327 0.17837337798142 7.68388432196996 0.180302738210817 0.669593344495355 -0.704028919507509 0 0 0 25 1 
3.84586202330118 3.4808689512374 7.74858660798013 0.336465505825294 0.245217237809349 -0.687853348004968 0 0 0 27 1 
0.386589848193411 0.869666681254521 6.89200798216941 -0.278352537951647 -0.65758332968637 0.348001995542353 0 0 0 30 1 
1.0905855308538 3.9380023830206 7.44825663263385 0.897646382713449 0.109500595755149 0.487064158158462 0 0 0 31 1 
3.45275111706109 0.93776947885047 6.36798993806367 0.738187779265272 0.109442369712617 -0.783002515484083 0 0 0 33 1 
1.43700228479006 0.960810552226397 7.59381021477286 -0.265749428802484 0.365202638056599 -0.476547446306785 0 0 0 35 1 
3.99517953547957 1.34157368192331 7.66195666570756 0.873794883869893 0.710393420480827 0.29048916642689 0 0 0 37 1 
2.62894136743357 1.16485201511018 5.94389299137994 0.532235341858391 0.916213003777546 -0.889026752155014 0 0 0 41 1 
3.37728105705575 1.1887410233312 6.28833540783489 0.219320264263938 -0.3278147441672 -0.802916148041278 0 0 0 43 1 
1.16731492050013 3.30029630573105 5.40368875525373 0.166828730125033 0.700074076432763 -0.774077811186568 0 0 0 49 1 
1.61623583085354 1.02813771841814 7.38565986705615 0.0290589577133848 0.382034429604536 -0.0285850332359621 0 0 0 50 1 
3.60287651136856 0.775611020594113 5.11513261075756 0.275719127842141 0.318902755148528 -0.846216847310612 0 0 0 51 1 
1.95632992308109 3.23594284287549 6.73381549213968 -0.385917519229728 0.933985710718873 -0.44154612696508 0 0 0 52 1 
1.8446654041816 1.36054175664092 6.88697474646937 0.5861663510454 -0.0348645608397693 -0.153256313382659 0 0 0 53 1 
0.689726376941272 2.13613284127706 4.2854147428387 -0.202568405764682 0.159033210319265 -0.803646314290325 0 0 0 54 1 
0.754152224139809 0.536896785802476 6.60693793118301 -0.436461943965048 0.509224196450619 -0.223265517204247 0 0 0 55 1 
0.142024237386193 2.71658954083836 5.65996424746523 -0.839493940653452 0.304147385209589 -0.710008938133694 0 0 0 56 1 
1.04581760807647 3.58569280049111 6.01154450194621 0.136454402019118 0.271423200122777 -0.372113874513447 0 0 0 57 1 
3.49714656477619 0.570604145514144 5.53272975609191 0.749286641194047 -0.732348963621464 -0.741817560977022 0 0 0 61 1 
0.241617112760106 2.20843808555584 4.34434062516978 -0.814595721809974 -0.322890478611041 -0.788914843707555 0 0 0 64 1 
0.506458746138247 3.82629281678213 7.98500097441661 -0.998385313465438 0.331573204195532 -0.628749756395848 0 0 0 89 1 
2.11429287700798 0.421466022818718 7.99736989162197 -0.596426780748005 0.230366505704679 0.124342472905492 0 0 0 113 1 
1.88456035144335 0.879402091746703 7.77546759510859 0.596140087860839 -0.905149477063324 0.818866898777147 0 0 0 129 1 
1.77473097864824 0.2548287140613 5.26269401746359 -0.93131725533794 -0.311292821484675 -0.059326495634102 0 0 0 86 1 
3.00768181420974 2.40387336554054 7.51231516262346 -0.373079546447564 0.225968341385136 0.00307879065586536 0 0 0 117 1 
3.17793895992756 1.74553960968918 5.76523997765307 0.66948473998189 -0.938615097577706 0.316309994413266 0 0 0 133 1 
1.10683788691514 2.7452836922247 6.61062150931654 -0.598290528271215 -0.438679076943825 0.277655377329136 0 0 0 148 1 
0.0184556225488244 2.85145955340408 5.33594987235089 -0.620386094362794 -0.412135111648979 -0.541012531912276 0 0 0 179 1 
2.45481482739133 1.63371855940706 7.71037119655438 -0.0112962931521684 -0.966570360148236 0.052592799138595 0 0 0 183 1 
0.08117018990418 3.28804627636308 5.81033817529088 -0.354707452523955 0.447011569090769 0.82758454382272 0 0 0 38 0 
1.17803825578788 0.00571389599192518 4.7386877728728 -0.830490436053031 0.376428473997981 0.3096719432182 0 0 0 117 0 
1.70346614550704 2.37722469105621 5.34801587084466 -0.69913346362324 -0.0306938272359479 0.462003967711166 0 0 0 121 0 
3.58385700363139 2.0518694235939 5.51755775182512 0.0209642509078471 -0.862032644101526 0.754389437956281 0 0 0 168 0 
3.10725400625442 0.668818722262188 4.92994934574376 -0.848186498436396 -0.207795319434453 0.107487336435941 0 0 0 71 1 
3.07472786013803 0.754238879200437 7.2335733412864 -0.856318034965493 0.313559719800109 0.4333933353216 0 0 0 83 1 
3.57404197937212 2.02124574796381 4.68932444119077 -0.231489505156971 -0.119688563009048 -0.952668889702308 0 0 0 121 1 
0.50863959226315 2.60692430634484 4.63238877723863 0.752159898065787 -0.72326892341379 0.0330971943096579 0 0 0 135 1 
1.63504829922972 2.94555961187158 5.34952066360751 0.783762074807431 -0.888610097032105 0.212380165901878 0 0 0 138 1 
0.71855019159953 3.57367893028176 7.22219581149282 -0.195362452100117 -0.23158026742956 0.430548952873206 0 0 0 146 1 
0.0971262374476118 2.67994652520694 6.92265830998472 -0.850718440638097 -0.705013368698264 -0.64433542250382 0 0 0 168 1 
2.29717841708094 2.38212352840438 5.33438328954228 0.449294604270235 0.220530882101095 0.95859582238557 0 0 0 21 0 
2.55869981877399 2.94157841342635 5.38376622967158 -0.235325045306502 0.360394603356587 0.970941557417895 0 0 0 24 0 
0.641276007455705 0.133419552970294 5.1754391912909 -0.214680998136074 0.158354888242573 0.668859797822724 0 0 0 34 0 
2.42896321865352 3.90098932186548 4.21686986778972 -0.267759195336621 0.10024733046637 0.17921746694743 0 0 0 64 0 
2.1842631262766 1.88259922960051 4.27891627869266 -0.82893421843085 -0.654350192599873 0.194729069673166 0 0 0 242 0 
3.51470895065988 1.57326819741592 5.22723374488746 0.50367723766497 -0.981682950646021 0.681808436221865 0 0 0 166 0 
3.20681492427589 2.00112043282488 4.94550062844289 -0.323296268931026 -0.87471989179378 0.861375157110723 0 0 0 213 0 
1.03243319329568 2.92877190959361 5.12258224352272 -0.86689170167608 -0.892807022601597 0.655645560880679 0 0 0 233 0 
3.82184287606125 2.69215212496417 7.32897953661455 -0.669539280984688 0.298038031241042 0.457244884153636 0 0 0 87 1 
3.68309469616486 1.21686558268051 7.01773682965262 -0.454226325958785 -0.570783604329872 -0.620565792586845 0 0 0 110 1 
3.99123781442471 1.09040477612363 7.93587568723443 -0.877190546393822 0.147601194030908 0.108968921808608 0 0 0 116 1 
3.47954027134791 3.0466199600323 4.43757976967996 -0.755114932163022 0.386654990008074 -0.76560505758001 0 0 0 119 1 
3.81000767128366 3.4733114986967 6.78373858905136 -0.922498082179084 0.743327874674175 0.82093464726284 0 0 0 116 0 
3.73033147935007 3.9819528466843 4.89817492438139 -0.942417130162484 0.370488211671076 0.349543731095347 0 0 0 124 0 
2.77076306645944 3.91939925512106 6.79683525801391 0.81769076661486 -0.645150186219735 0.574208814503476 0 0 0 137 1 
3.17495517810363 3.95738126687609 4.94195306524413 -0.831261205474091 -0.635654683280977 0.860488266311032 0 0 0 219 0 
2.69223506321489 3.0514027986725 4.42134935264545 0.798058765803723 0.387850699668126 0.980337338161362 0 0 0 5 0 
1.19538133194918 1.33159361237397 4.66900227381 0.673845332987296 0.457898403093493 0.792250568452501 0 0 0 18 0 
3.62544892807231 2.90661511312468 4.65378163058567 0.0313622320180778 -0.148346221718831 0.788445407646418 0 0 0 32 0 
1.79329174504339 2.63384814916389 4.01824089270523 -0.176677063739152 0.533462037290971 0.379560223176308 0 0 0 35 0 
3.61673852563357 1.42168396189956 4.07879401122221 0.529184631408392 -0.269579009525109 0.144698502805553 0 0 0 58 0 
0.232655441654943 1.13216159112952 4.20845558473069 0.933163860413736 -0.841959602217621 0.677113896182673 0 0 0 148 0 
3.846568873795 0.976155500480637 4.29436020175601 0.0866422184487494 -0.880961124879841 0.448590050439001 0 0 0 164 0 
6.02241638266593 2.71706594055566 6.0494421308884 -0.869395904333518 0.804266485138914 0.387360532722101 0 0 0 67 1 
4.79041316664172 0.0776603706200889 6.29878292039546 -0.927396708339569 0.644415092655022 0.449695730098866 0 0 0 76 1 
4.27197315118048 2.49360342122354 7.79878122048257 -0.0570067122048807 -0.251599144694115 0.824695305120643 0 0 0 77 1 
6.59451405351647 0.836567728180359 4.30313778066963 -0.976371486620882 -0.66585806795491 -0.0492155548325938 0 0 0 78 1 
7.56638233866958 2.98697080583469 6.47936414231905 0.516595584667394 0.621742701458672 0.244841035579762 0 0 0 82 1 
7.81318091385777 0.212731502232423 6.74180663266628 0.0782952284644429 -0.321817124441894 -0.939548341833431 0 0 0 88 1 
7.19543597910087 0.773564873933568 6.94854137461457 -0.0761410052247832 -0.431608781516608 -0.887864656346357 0 0 0 92 1 
6.57118603529356 1.23695651990821 5.04823748762181 0.517796508823392 0.184239129977053 -0.362940628094547 0 0 0 97 1 
4.77091573183509 1.91769971782249 4.56455935706839 -0.182271067041229 0.354424929455622 -0.483860160732901 0 0 0 98 1 
5.82218984407798 1.33893975481513 7.03124866122999 -0.919452538980506 0.459734938703783 -0.617187834692501 0 0 0 99 1 
6.50922829941714 2.6081154898405 7.3941584032668 -0.497692925145716 0.527028872460124 -0.526460399183299 0 0 0 100 1 
7.78756230395793 3.06798091919552 7.18225243805879 -0.928109424010517 0.39199522979888 -0.579436890485302 0 0 0 101 1 
7.21304619045896 0.397172470331035 6.06931479831796 0.42826154761474 -0.275706882417241 -0.857671300420511 0 0 0 102 1 
4.18294022959939 3.19518572547426 6.9018531131676 -0.829264942600152 0.423796431368565 -0.649536721708101 0 0 0 104 1 
5.28095895566049 0.876030545965612 6.78606456397908 -0.304760261084876 -0.655992363508597 -0.67848385900523 0 0 0 111 1 
6.76756912334519 3.00204937868602 7.51236514089954 -0.933107719163703 0.625512344671506 0.00309128522488589 0 0 0 114 1 
7.39533012098144 0.191991398204143 6.71525153962219 0.22383253024536 -0.0770021504489643 -0.446187115094453 0 0 0 115 1 
6.95647810362109 2.29368500764084 6.97227609990405 0.364119525905272 0.19842125191021 -0.381930975023987 0 0 0 118 1 
4.73161982199713 3.19291080106535 5.1516594623281 -0.192095044500718 0.173227700266338 -0.587085134417976 0 0 0 122 1 
7.41902843666869 2.18366719117566 5.83651589035523 0.229757109167171 -0.0790832022060853 -0.415871027411194 0 0 0 123 1 
6.77545973327049 3.35229339083381 4.87799214142144 -0.431135066682377 0.213073347708453 -0.655501964644639 0 0 0 124 1 
6.5346652231565 2.87206572823396 6.39762220898587 0.508666305789126 -0.156983567941511 -0.525594447753532 0 0 0 125 1 
5.0733381716786 0.0580452968165857 6.32682413812339 -0.106665457080351 -0.860488675795854 -0.293293965469153 0 0 0 126 1 
6.57833320779189 2.37939955496182 5.55005071397199 0.769583301947973 0.469849888740455 -0.237487321507003 0 0 0 36 1 
7.30696061200287 2.50443592594576 6.51509774854144 0.951740153000717 0.00110898148643934 0.0037744371353603 0 0 0 44 1 
5.14797782909013 1.59349362089231 5.65764861032553 -0.588005542727468 -0.726626594776923 -0.210587847418617 0 0 0 228 1 
6.32250241303097 3.86052075674787 6.72495499720839 0.705625603257743 0.840130189186966 0.806238749302097 0 0 0 52 0 
7.66769881726535 1.55961990763735 6.4904700051928 -0.708075295683661 0.514904976909339 0.747617501298201 0 0 0 114 0 
5.80975926263372 1.62397878843202 6.07219481536235 -0.922560184341571 0.530994697108004 0.643048703840587 0 0 0 115 0 
6.45837592102004 2.10458034722422 6.89034905226475 -0.0104060197449899 -0.598854913193946 0.847587263066189 0 0 0 243 0 
4.60173506701065 0.962917630992022 5.71378971184567 0.275433766752664 0.365729407748005 0.0534474279614185 0 0 0 20 1 
4.81417369546405 2.44388040744211 5.82641879905334 -0.421456576133989 -0.764029898139473 0.331604699763336 0 0 0 199 1 
5.03475743709847 1.8350940691808 6.01059036546851 -0.616310640725383 -0.9162264827048 0.127647591367128 0 0 0 216 1 
6.75478785987039 2.11736268743477 7.00216791009895 -0.936303035032403 -0.845659328141308 0.125541977524737 0 0 0 230 1 
5.79388651913711 1.37699536188041 5.21208609600939 0.823471629784276 0.969248840470103 0.428021524002347 0 0 0 59 0 
4.12972574450246 3.80354564710573 5.94998086849196 -0.592568563874385 0.825886411776433 0.862495217122989 0 0 0 99 0 
7.63592644173718 0.935960537810119 5.65803989850196 0.783981610434296 0.60899013445253 0.789509974625491 0 0 0 101 0 
5.88276533607163 1.76336527927212 5.81977534504309 0.0956913340179071 0.0658413198180312 0.829943836260773 0 0 0 102 0 
5.69142331918571 0.0156496650025936 5.91999967356545 -0.702144170203572 -0.371087583749352 0.854999918391361 0 0 0 104 0 
5.80955993636084 3.29532170551518 5.60980650967253 -0.42261001590979 -0.051169573621205 0.777451627418134 0 0 0 112 0 
5.47071094527 2.85767751433309 7.54973417489682 0.9926777363175 0.589419378583272 -0.737566456275796 0 0 0 18 1 
4.18372300105006 1.30991752820487 7.38461630250367 0.170930750262514 -0.0475206179487826 -0.778845924374082 0 0 0 24 1 
5.0859588605925 0.933467814023375 5.07180921088002 0.646489715148125 -0.391633046494156 -0.857047697279995 0 0 0 59 1 
5.46365996663816 0.821205845823124 4.9368448079778 0.740914991659539 0.580301461455781 0.359211201994449 0 0 0 55 0 
5.12766455271605 3.5687047265047 7.23773969672743 0.906916138179013 -0.232823818373825 0.184434924181858 0 0 0 162 1 
7.52972922890021 2.61297597725998 7.37186758555102 -0.492567692774949 -0.721756005685005 -0.782033103612246 0 0 0 215 1 
5.57698536979962 3.26842014917557 6.73096453127037 0.269246342449904 -0.557894962706107 -0.442258867182408 0 0 0 245 1 
5.67847445681555 2.55031600166323 5.94445975762293 -0.955381385796113 -0.737420999584192 -0.388885060594268 0 0 0 247 1 
4.73829322773327 2.90252233066611 6.52318442766274 -0.940426693066684 -0.899369417333474 -0.494203893084315 0 0 0 252 1 
6.19920412250309 2.62581645278432 6.14897738354681 -0.575198969374227 -0.96854588680392 0.912244345886703 0 0 0 236 0 
5.02220679680946 3.20438510520711 5.00055583343825 -0.119448300797635 0.176096276301778 0.875138958359563 0 0 0 90 0 
4.78877859137381 2.18954502830181 5.41223562258298 -0.177805352156547 -0.827613742924547 0.728058905645744 0 0 0 230 0 
7.77054285687385 2.77367422960781 4.83776897272883 -0.182364285781536 -0.681581442598047 0.834442243182208 0 0 0 216 0 
6.5888917537942 3.67018077626109 4.24779388918444 0.522222938448551 -0.207454805934726 0.186948472296111 0 0 0 241 0 
4.05561346144535 2.45306430864448 4.40949851110125 0.888903365361338 -0.261733922838879 -0.522625372224689 0 0 0 45 1 
4.73764785722494 3.3464589739438 7.82630861305357 0.809411964306234 -0.0383852565140511 -0.168422846736607 0 0 0 62 1 
4.07241325548787 2.54192707180535 6.89561175409678 0.143103313871968 -0.739518232048662 -0.151097061475806 0 0 0 184 1 
4.14475587501232 3.81640519152185 6.43909337452481 0.161188968753081 -0.670898702119537 0.984773343631202 0 0 0 172 0 
6.35995276144015 3.7968470953561 4.15183334506996 -0.285011809639962 -0.925788226160974 -0.337041663732511 0 0 0 224 1 
6.08351382539119 3.87226647580723 5.53904879347521 0.395878456347798 -0.156933381048193 -0.490237801631198 0 0 0 241 1 
7.0134548121332 3.72462494088911 4.62258092881273 0.3783637030333 -0.943843764777723 0.530645232203182 0 0 0 238 0 
7.5894616295462 2.40670140224352 4.04505687285459 0.52236540738655 -0.273324649439121 0.886264218213647 0 0 0 78 0 
6.93747942572704 0.361580409533933 4.37377465438405 0.10936985643176 -0.0346048976165169 0.718443663596013 0 0 0 83 0 
7.77458495223722 0.71928766426324 4.36125695109532 -0.181353761940696 0.0548219160658101 0.71531423777383 0 0 0 84 0 
5.0146660177716 1.41536705783056 4.00276026021307 -0.1213334955571 -0.0211582355423606 0.625690065053268 0 0 0 86 0 
3.30522759784154 6.16034357652683 7.18121231847577 -0.0486931005396138 0.415085894131709 0.670303079618942 0 0 0 132 1 
1.4406448622394 4.80526649623174 5.85431904080761 0.735161215559849 -0.173683375942065 0.338579760201903 0 0 0 134 1 
1.94165500385693 4.39534339775345 7.83455260202437 0.360413750964233 -0.776164150561638 0.833638150506091 0 0 0 141 1 
2.083869116815 5.59101299590214 6.3166175880856 0.145967279203749 -0.727246751024465 0.4541543970214 0 0 0 142 1 
2.30012681863397 7.82985614838771 4.56749370846981 -0.0499682953415065 0.582464037096928 -0.233126572882548 0 0 0 151 1 
2.86648762264035 5.48102449305641 7.29090928373753 -0.158378094339912 -0.00474387673589671 -0.802272679065619 0 0 0 152 1 
0.964050434678714 6.28026900524008 6.57445033686795 0.616012608669678 -0.80493274868998 0.268612584216987 0 0 0 154 1 
0.0136128542134679 5.6648217868377 6.7683669308995 0.878403213553367 -0.958794553290575 0.317091732724875 0 0 0 156 1 
1.62378441452883 5.42820918895211 5.12375578422527 0.530946103632208 -0.767947702761972 -0.0940610539436829 0 0 0 157 1 
1.43413745240159 5.83037145592074 7.84616446019005 -0.0164656368996022 -0.667407136019815 -0.663458884952487 0 0 0 158 1 
2.97555181573546 4.8500644285127 6.98435900570119 0.118887953933866 -0.912483892871826 -0.878910248574702 0 0 0 159 1 
0.281790011470035 4.72274349989526 4.16631019816832 0.695447502867509 0.0556858749738145 -0.58342245045792 0 0 0 163 1 
2.3229496597739 7.62196814424575 4.0164912643518 0.705737414943474 0.530492036061438 -0.62087718391205 0 0 0 165 1 
0.0952576305853898 6.23546698548478 7.77537837950125 -0.101185592353653 -0.816133253628804 0.318844594875313 0 0 0 169 1 
1.74989336810256 6.37843676253111 5.13722076114437 0.0624733420256394 -0.0303908093672229 -0.340694809713907 0 0 0 170 1 
0.959426628902359 5.09244179372661 4.69067999584891 0.86485665722559 -0.351889551568347 -0.452330001037772 0 0 0 171 1 
1.78008118374468 7.66133953013977 7.12650462231065 -0.429979704063829 0.290334882534941 0.156626155577663 0 0 0 172 1 
1.40277763824995 6.83893969134448 7.3126074129228 0.225694409562488 -0.41526507716388 0.2031518532307 0 0 0 173 1 
0.174788390580772 5.11949112282879 7.67535983802342 0.668697097645193 -0.595127219292803 -0.456160040494145 0 0 0 175 1 
1.2162433122095 6.61161812468848 5.21558815106292 0.429060828052375 0.527904531172121 -0.821102962234271 0 0 0 177 1 
2.10853448794042 5.32317714146078 5.61382417900821 0.902133621985105 0.205794285365195 -0.471543955247947 0 0 0 178 1 
1.4066108510438 7.25268827065256 4.91443847742975 0.22665271276095 -0.811827932336859 -0.896390380642561 0 0 0 181 1 
1.5875998329472 7.65558835901717 7.68237605365578 0.771899958236799 0.538897089754294 -0.204405986586054 0 0 0 182 1 
2.63463087088543 7.78973569915102 6.42178035390206 0.533657717721357 0.322433924787755 -0.519554911524486 0 0 0 185 1 
1.66314427066969 5.38282475299286 7.67032034321029 0.0407860676674237 -0.279293811751784 -0.207419914197428 0 0 0 186 1 
2.71397128594492 4.81590520265025 4.67676350190003 0.30349282148623 -0.921023699337437 -0.705809124524993 0 0 0 190 1 
1.75161259328749 7.20485697987348 7.88844591515128 -0.187096851678129 -0.0737857550316313 -0.152888521212179 0 0 0 191 1 
3.08275760929106 7.61665585373012 5.35819679532161 -0.104310597677234 -0.22083603656747 -0.785450801169597 0 0 0 192 1 
2.78612390423897 6.38511585264078 4.58560527981504 -0.178469023940257 0.721278963160195 0.0214013199537599 0 0 0 16 1 
1.46158212329232 6.87112869138253 7.45558590889743 0.990395530823079 0.842782172845633 -0.261103522775641 0 0 0 63 1 
1.24827438158958 7.57846049115415 7.15079256605596 -0.812931404602604 0.269615122788538 0.41269814151399 0 0 0 217 1 
1.81559804511651 6.06884054132865 7.75966491618567 -0.671100488720873 -0.357789864667836 -0.685083770953582 0 0 0 221 1 
0.0784872238209351 7.62637964916834 5.6986957235762 0.394621805955234 0.531594912292084 0.54967393089405 0 0 0 182 0 
1.51603661917455 7.12291875933533 6.32287953569073 -0.245990845206362 0.155729689833834 0.705719883922682 0 0 0 187 0 
2.19374956295919 6.54229362988382 5.78287211071463 0.173437390739797 -0.489426592529045 0.570718027678657 0 0 0 190 0 
2.80988927511931 6.32074358608618 7.80446945029826 0.327472318779829 0.955185896521546 -0.673882637425435 0 0 0 26 1 
0.563572920367108 4.93528117898821 6.26793999074177 0.265893230091777 0.358820294747053 0.191984997685443 0 0 0 29 1 
2.25879992857976 4.72201468257094 5.12818998841577 0.18969998214494 0.305503670642734 -0.342952502896057 0 0 0 46 1 
3.38310119821734 7.63435023434894 7.73670317719039 -0.279224700445664 -0.716412441412764 -0.690824205702404 0 0 0 213 1 
2.63118276292831 7.67842629523249 7.97200824830598 -0.467204309267922 0.544606573808124 0.368002062076493 0 0 0 229 1 
3.439103428503 7.92701344622281 6.98613874541976 -0.26522414287425 0.106753361555703 -0.37846531364506 0 0 0 253 1 
2.15208918551133 5.39772046473861 6.87604519243344 -0.836977703622169 -0.525569883815347 -0.405988701891638 0 0 0 254 1 
1.92479808748513 6.65240324846873 4.97641460364229 0.356199521871283 0.538100812117182 0.369103650910572 0 0 0 177 0 
1.15261482294429 4.90343270650022 7.89742858798089 0.663153705736072 0.600858176625054 0.0993571469952228 0 0 0 58 1 
3.77341284736919 5.01610338945236 6.15485554704788 0.818353211842297 0.879025847363089 0.663713886761971 0 0 0 53 0 
3.3456296380259 4.43256663916987 6.21373150327696 -0.538592590493524 0.233141659792466 0.17843287581924 0 0 0 94 1 
3.20778131941275 7.52375021284306 4.92629951107168 -0.573054670146812 0.755937553210766 -0.143425122232079 0 0 0 210 1 
3.49015332180362 7.16208559306631 5.52313805705672 -0.502461669549095 0.165521398266577 -0.244215485735821 0 0 0 234 1 
2.89795544461578 4.86112655143408 6.43395498808504 -0.900511138846054 -0.159718362141481 0.983488747021259 0 0 0 231 0 
0.643897327615016 6.91788236621183 5.23195382386458 0.285974331903754 0.354470591552958 0.932988455966145 0 0 0 149 0 
2.83466482737613 7.89912578118247 5.45491801362793 0.333666206844032 -0.400218554704383 0.988729503406982 0 0 0 154 0 
0.397193707928093 5.74757482586202 5.25087671296798 -0.525701573017977 -0.688106293534495 0.687719178241995 0 0 0 175 0 
2.46659351704235 4.91037027209573 4.322435304571 0.991648379260588 -0.397407431976068 0.20560882614275 0 0 0 186 0 
1.58128184659667 5.99096459645586 4.28926213413123 -0.479679538350832 -0.377258850886035 0.197315533532807 0 0 0 192 0 
2.40803059950485 5.75719893602043 4.50106173223646 -0.0229923501237885 0.564299734005107 0.500265433059114 0 0 0 47 0 
1.73669134044918 5.70444663276439 4.82273287766495 -0.690827164887705 0.0511116581910986 0.580683219416236 0 0 0 229 0 
3.63724258097079 6.42261743956017 5.30213875212655 0.284310645242697 0.980654359890041 0.700534688031636 0 0 0 43 0 
1.72675501045629 4.78593884411526 7.90761548568518 -0.443311247385928 0.821484711028816 0.851903871421295 0 0 0 8 1 
3.84224684732375 4.32402673311052 6.28929105689829 0.0855617118309377 0.70600668327763 -0.802677235775428 0 0 0 40 1 
2.23183911841717 4.30459261473558 4.61824695013489 -0.317040220395708 0.451148153683894 0.279561737533723 0 0 0 60 0 
3.52182016679453 4.27505111322832 7.80901301079423 -0.494544958301367 -0.0562372216929206 0.327253252698558 0 0 0 226 1 
3.92471383659822 6.74710556827007 6.32052303303488 -0.393821540850444 -0.688223607932482 0.705130758258719 0 0 0 250 0 
3.83103883311016 5.58987147723136 4.05493779602532 -0.417240291722461 0.77246786930784 -0.611265550993669 0 0 0 106 1 
3.50246334748649 6.11335853832264 6.44097144082868 -0.749384163128378 -0.596660365419341 0.985242860207171 0 0 0 239 0 
2.66375439977564 7.22867431367456 4.47083790854316 0.29093859994391 0.68216857841864 0.992709477135789 0 0 0 130 0 
0.44541693390279 6.62303071725788 4.15322285242421 -0.263645766524303 -0.21924232068553 0.663305713106052 0 0 0 158 0 
3.63372939553172 7.9169321573609 4.32487339021872 -0.966567651117069 -0.895766960659775 0.706218347554681 0 0 0 212 0 
7.72455303298021 4.91530895502851 4.86445960561052 -0.943861741754948 0.103827238757129 0.0911149014026305 0 0 0 193 1 
4.43881369453177 7.90042356804612 7.51010511258427 -0.265296576367058 0.600105892011531 0.752526278146067 0 0 0 198 1 
4.28656475527904 5.58032084498604 7.67826295326811 -0.0533588111802408 -0.97991978875349 -0.955434261682972 0 0 0 201 1 
6.24811317281738 4.23657852234179 4.04903843385136 0.187028293204346 -0.565855369414552 -0.11274039153716 0 0 0 202 1 
4.23888316912024 6.26154677134606 4.81808329600808 -0.565279207719941 -0.0596133071634842 0.0795208240020191 0 0 0 203 1 
5.88991337903266 7.10223739242604 5.70089266910043 -0.152521655241834 -0.0994406518934892 0.300223167275106 0 0 0 207 1 
4.0104965778565 7.68219463065862 4.98777121874076 -0.872375855535876 -0.204451342335345 0.12194280468519 0 0 0 208 1 
4.7262622656475 6.93428929706329 5.09946019106137 -0.443434433588124 0.608572324265823 -0.100134952234657 0 0 0 211 1 
6.55145062622197 4.88480714030149 7.90279695000412 0.0128626565554935 -0.653798214924627 0.600699237501029 0 0 0 223 1 
7.46873691928807 7.2872717111237 6.34090670714356 0.742184229822017 0.696817927780926 -0.789773323214111 0 0 0 225 1 
4.19817140172511 5.00686807864596 7.20044702483832 -0.575457149568722 -0.123282980338511 0.175111756209581 0 0 0 231 1 
6.11247089643989 6.46931471833395 4.15926784963935 -0.596882275890029 0.242328679583489 -0.585183037590162 0 0 0 232 1 
5.65101910060933 7.09586936300662 7.22280689162757 0.287754775152333 0.148967340751655 0.180701722906892 0 0 0 233 1 
6.07601839966899 5.07839597788936 7.67667515846685 -0.105995400082753 -0.355401005527659 -0.455831210383288 0 0 0 235 1 
5.68524849499218 4.90239746043913 4.5955802390564 -0.703687876251955 -0.399400634890219 -0.476104940235901 0 0 0 236 1 
4.67685508620915 5.19701099192931 5.43077136899583 -0.455786228447712 -0.575747252017672 -0.267307157751042 0 0 0 239 1 
6.48628416672534 4.64087431056407 5.1222351740001 -0.253428958318665 -0.964781422358983 -0.344441206499976 0 0 0 240 1 
5.35964166274039 7.59753364635342 6.17784940244156 -0.0350895843149014 -0.975616588411645 -0.33053764938961 0 0 0 242 1 
7.33254663860419 7.52880768880884 5.05643518888936 0.208136659651047 0.75720192220221 -0.860891202777661 0 0 0 243 1 
4.77823256452351 5.54422636235537 7.09346426150881 -0.930441858869123 0.261056590588842 -0.351633934622796 0 0 0 244 1 
7.7316286750861 6.83896553365785 6.88993994360176 0.557907168771524 0.334741383414463 -0.15251501409956 0 0 0 246 1 
7.65012915153278 4.16738132979271 4.55334192250773 -0.212467712116804 -0.333154667551822 -0.986664519373068 0 0 0 248 1 
4.73835641240862 7.56754376709682 5.22227437587276 0.0595891031021543 0.266885941774206 -0.56943140603181 0 0 0 249 1 
7.38429860181463 7.06490597735778 7.22214441406518 0.471074650453656 0.141226494339445 -0.0694638964837057 0 0 0 250 1 
7.79432680500906 4.52117235444826 4.90595319348584 0.323581701252265 -0.494706911387935 -0.648511701628541 0 0 0 251 1 
7.38852338744388 6.51375379105217 4.30675574271808 0.22213084686097 -0.246561552236957 -0.798311064320479 0 0 0 255 1 
4.25957067257787 7.75688044730688 7.65830858587646 -0.810107331855533 -0.18577988817328 0.0395771464691159 0 0 0 256 1 
5.91318857402552 7.20439721980005 7.75655452823362 -0.39670285649362 0.926099304950014 0.314138632058404 0 0 0 112 1 
6.2318372049522 6.0453359058283 4.8800698550761 -0.81704069876195 0.636333976457074 -0.654982536230975 0 0 0 127 1 
6.5609062979902 5.87775889778203 4.88166232925697 -0.484773425502449 0.594439724445508 -0.904584417685758 0 0 0 128 1 
6.85687815650322 5.04661011948911 7.97757307031309 0.839219539125804 -0.113347470127722 -0.880606732421727 0 0 0 136 1 
6.24869593785949 5.49522973784042 4.72169687490519 0.687173984464872 -0.251192565539895 0.0554242187262972 0 0 0 140 1 
5.8677177792908 5.43662192431661 5.3264895144823 0.591929444822701 -0.765844518920848 0.206622378620576 0 0 0 144 1 
6.92864549209525 6.28011193294086 5.88238812344729 0.857161373023812 0.445027983235216 -0.904402969138178 0 0 0 164 1 
6.4436405424906 4.23941020575811 5.99557892129587 0.73591013562265 -0.0651474485604725 -0.626105269676032 0 0 0 180 1 
6.53609078387437 4.1406608252236 6.33240944064804 0.759022695968594 -0.5898347936941 -0.541897639837989 0 0 0 188 1 
4.88820738852129 5.72362026163514 6.40464485654129 -0.152948152869678 0.555905065408784 0.726161214135323 0 0 0 126 0 
7.65778779757266 5.39279307896174 6.47935222055334 -0.960553050606835 -0.0268017302595656 0.744838055138335 0 0 0 245 0 
7.17022527360669 5.69681919586775 6.48542393259949 -0.832443681598328 0.0492047989669362 0.746355983149872 0 0 0 246 0 
7.03701206528964 4.81149183190503 4.98424389797113 -0.615746983677588 0.327872957976258 0.121060974492782 0 0 0 79 1 
6.07438026651617 5.49975066574255 7.03156027870152 -0.856404933370957 0.499937666435636 0.38289006967538 0 0 0 95 1 
6.00379983844513 4.23429780890076 6.97906191602017 0.875949959611281 -0.0664255477748089 0.869765479005043 0 0 0 179 0 
4.42011981579038 6.6016244012128 6.02192048208896 -0.769970046052405 0.525406100303201 0.880480120522239 0 0 0 228 0 
5.5093105193158 4.50640812498573 5.44076386829232 -0.49767237017105 -0.498397968753567 0.48519096707308 0 0 0 252 0 
6.77159251681811 7.22401692129704 4.69013190109769 -0.432101870795473 -0.0689957696757402 0.297532975274422 0 0 0 256 0 
6.51186676346915 4.20909323019762 6.12556635431007 -0.247033309132712 0.177273307549405 0.406391588577518 0 0 0 80 1 
5.18751762717729 5.26755527633768 6.50123633700421 0.421879406794323 0.691888819084421 -0.499690915748947 0 0 0 60 1 
4.97156104724465 7.44455107118207 5.52465589665577 0.617890261811162 -0.0138622322044832 0.256163974163943 0 0 0 143 1 
5.07823673801185 7.08842750597233 7.05119350344863 0.644559184502963 0.897106876493082 -0.612201624137843 0 0 0 47 1 
4.39038197125028 6.0890346836157 4.81616319396468 0.22259549281257 -0.852741329096075 0.32904079849117 0 0 0 188 0 
7.53158509798211 6.54834421402829 5.0036492737704 0.507896274495528 0.262086053507073 0.875912318442599 0 0 0 214 0 
5.28092150181382 4.82675009230854 5.15462807215932 -0.804769624546544 -0.918312476922866 0.91365701803983 0 0 0 224 0 
4.12256103660112 5.62087749355812 5.10278246653922 -0.844359740849721 0.0302193733895288 0.650695616634805 0 0 0 232 0 
7.0463547388666 7.03994773560345 4.4198669226113 0.63658868471665 -0.365013066099138 0.229966730652825 0 0 0 253 0 
4.7577504355986 4.26263013842282 7.64206699585543 -0.18556239110035 0.440657534605706 0.785516748963857 0 0 0 74 1 
5.92261008719977 4.40733530040302 5.29212281989672 -0.644347478200056 0.476833825100756 -0.301969295025819 0 0 0 108 1 
5.00141667728752 4.46033854793038 4.8501058691253 0.62535416932188 0.990084636982594 0.337526467281325 0 0 0 51 0 
4.30956231394771 6.72608014245479 5.80880348599091 0.452390578486927 -0.943479964386302 -0.172799128502271 0 0 0 167 1 
4.43283308768293 6.69539243741441 4.93974756139949 0.483208271920732 0.0488481093536022 -0.640063109650128 0 0 0 187 1 
4.05966875022043 6.76798459551558 4.76425499591484 0.389917187555107 0.816996148878895 0.31606374897871 0 0 0 63 0 
4.50530204122883 4.45560455157292 4.65933274991596 0.751325510307208 -0.51109886210677 0.539833187478991 0 0 0 170 0 
4.81134122351671 4.18202204705133 4.08657137770988 -0.672164694120822 0.670505511762832 0.646642844427469 0 0 0 88 0 
4.91706616792145 5.78326338249547 4.21642673108079 0.104266541980363 0.0708158456238677 0.929106682770198 0 0 0 197 0 
5.42659367842134 6.29563458980572 4.43546788991341 -0.768351580394664 -0.80109135254857 0.983866972478351 0 0 0 204 0 
7.19824230255665 4.20030501346785 4.45111730288756 -0.0754394243608369 -0.824923746633036 0.48777932572189 0 0 0 240 0 
