512
1.41941824154299 1.88604880626957 3.38864639802068 -0.0771844113183578 0.0275749147335409 0.277760457001477 0 0 0 7 0 
2.2461516522534 3.80199840906104 2.30371881388861 0.410439403732386 0.0929998863615029 0.200265629563472 0 0 0 12 0 
2.13967579950316 0.0451214821745403 0.0641245109021412 0.0456911285359398 -0.246777036987533 0.254580322207296 0 0 0 62 0 
1.77931081599724 1.38626292412981 0.905863032640689 0.162807915428374 -0.222409791133585 -0.113866926239951 0 0 0 161 0 
1.71971877309649 1.94676350715255 2.12450867803617 0.301408483792606 0.460483107653754 0.54460776271687 0 0 0 147 1 
1.33595768070555 3.72646494446971 3.75104840006455 0.202568405764682 0.159033210319265 0.803646314290325 0 0 0 54 1 
0.576435905058114 1.86185793539664 3.94484066327948 -0.137397435352992 0.668704138242617 0.246060047377106 0 0 0 143 0 
1.24051971700827 1.67889810194792 1.6705304654568 0.695751408357734 -0.130078707003719 0.369323604675486 0 0 0 128 0 
2.40849743570929 1.757673017898 3.60287237430194 0.564892673979235 0.804119501278428 0.0787765981644244 0 0 0 234 0 
1.35163026752737 0.908391111536936 0.16546916330261 0.703687876251955 -0.399400634890219 0.476104940235901 0 0 0 236 1 
0.748685047265734 3.67984907291383 2.97334886458049 -0.625093925195304 0.65570350520813 0.105239204612892 0 0 0 215 0 
0.702064251985363 3.36387667157637 0.246198388497185 0.871576017998955 0.918848333684027 -0.0181286865359154 0 0 0 201 0 
0.240900610111776 2.19241588104191 3.06417452044472 0.910064329293698 0.0494582772172791 0.0402981800317657 0 0 0 40 0 
1.18685792149654 2.11577078428456 3.59663311438004 -0.593795862750247 0.972555056020326 0.292616651027146 0 0 0 195 0 
1.26948108340557 0.843699904277408 1.21157561066519 -0.0164656368996022 0.667407136019815 -0.663458884952487 0 0 0 158 1 
0.118992801732029 0.560461528247412 2.75769979148542 -0.455786228447712 0.575747252017672 -0.267307157751042 0 0 0 239 1 
3.99137828379729 0.146754884129223 0.293400042900392 0.749384163128378 -0.596660365419341 0.985242860207171 0 0 0 239 0 
3.70190602913167 0.0223880257176168 0.0457342716889995 -0.0570067122048807 0.251599144694115 0.824695305120643 0 0 0 77 1 
0.590854193760701 0.470225820221304 0.828461120166348 -0.279224700445664 -0.716412441412764 -0.690824205702404 0 0 0 213 1 
0.766678241647757 0.0940062937624844 0.66612097808775 -0.980951554168017 0.32814330669732 0.154722927006268 0 0 0 146 0 
1.3440535796446 3.15973092867144 2.84505272735742 -0.868281887168243 0.618552209190817 0.0960751948112444 0 0 0 151 0 
1.1242181488776 1.43930295685969 0.176692744581671 -0.741127275080172 -0.43290693165288 -0.0230933753870235 0 0 0 205 0 
1.23670056544206 3.57004233115267 0.3232832939294 -0.875949959611281 -0.0664255477748089 -0.869765479005043 0 0 0 179 0 
2.52423023363613 1.1948545596838 2.40472843767011 0.287445016688295 -0.878938960022586 0.636052031262151 0 0 0 42 1 
1.7858479308612 2.09851751183857 0.964632105955066 -0.265296576367058 -0.600105892011531 -0.752526278146067 0 0 0 198 1 
1.17305583978782 1.44207669864613 0.188376497093418 -0.809067440015156 -0.646994521525277 -0.0222588216361844 0 0 0 136 0 
1.10942078249176 1.74454901106703 1.55682652499755 -0.742184229822017 -0.696817927780926 0.789773323214111 0 0 0 225 1 
2.52276538205536 0.916874255049281 3.49204828875089 0.573054670146812 -0.755937553210766 -0.143425122232079 0 0 0 210 1 
1.42236466659009 2.79293756511747 0.595242699843814 -0.862688238100708 0.306638397508391 0.363945907131701 0 0 0 7 1 
2.19725810128291 3.58793572015338 0.265473775464444 -0.73591013562265 -0.0651474485604725 0.626105269676032 0 0 0 180 1 
1.87368225643969 1.7576871117174 0.913433042268152 -0.759022695968594 0.5898347936941 -0.541897639837989 0 0 0 188 1 
1.80044386521891 2.34550348064301 2.23622797964433 -0.0499682953415065 -0.582464037096928 -0.233126572882548 0 0 0 151 1 
1.33001838285002 3.69522617249092 1.53000114252094 0.702144170203572 0.371087583749352 -0.854999918391361 0 0 0 104 0 
2.2569221255253 1.71527893567998 1.72586238530308 0.768351580394664 0.80109135254857 -0.983866972478351 0 0 0 204 0 
3.05535288494126 0.164274919744307 0.816755211145638 -0.888903365361338 0.261733922838879 0.522625372224689 0 0 0 45 1 
2.25168453642036 0.38787712045844 1.76671396378134 -0.874879675969974 0.920562651461317 -0.0523775740156186 0 0 0 46 0 
2.92256756515976 2.45038621843459 1.55189354570116 0.244469111797126 -0.932115270111815 0.360849538978654 0 0 0 49 0 
3.58388734403674 2.63712711776328 3.6982663581411 0.291706238859767 -0.990205205874051 0.085590454152936 0 0 0 33 0 
0.341364084114453 2.68544982969024 2.05771771391137 0.417240291722461 -0.77246786930784 0.611265550993669 0 0 0 106 1 
1.90236743362011 2.88851242141001 2.17973836532835 0.885883388115722 -0.972249112756428 -0.165732973905118 0 0 0 66 1 
2.70635746340299 2.99921404559657 0.426654199898121 0.443311247385928 -0.821484711028816 0.851903871421295 0 0 0 8 1 
0.0135015719062217 0.13513051105475 2.62816938437793 0.393821540850444 0.688223607932482 -0.705130758258719 0 0 0 250 0 
1.58345977726293 2.78362596930313 2.61567721614613 -0.42261001590979 -0.051169573621205 -0.777451627418134 0 0 0 112 0 
3.1868842965883 0.326545092147692 3.09230094500895 -0.52236540738655 0.273324649439121 -0.886264218213647 0 0 0 78 0 
3.2050138846123 2.3957899619536 1.5411748006197 -0.949641865384835 0.706842140139543 0.288655342901407 0 0 0 173 0 
3.25384866512208 3.23726733626099 3.13242801106734 -0.874725095348423 0.838376238304357 -0.0262551420666183 0 0 0 189 0 
1.9385697826673 3.59132432960097 1.66975550723365 0.81704069876195 -0.636333976457074 0.654982536230975 0 0 0 127 1 
0.750926452238739 3.9131354182119 0.82849425390418 -0.839219539125804 -0.113347470127722 0.880606732421727 0 0 0 136 1 
1.9028452692162 3.42420004993577 2.31835422248889 0.385917519229728 -0.933985710718873 -0.44154612696508 0 0 0 52 1 
1.79595989424139 3.93759023512995 1.42506696027815 0.592568563874385 -0.825886411776433 -0.862495217122989 0 0 0 99 0 
2.6212415543916 3.73817735138247 1.21265750977064 -0.705625603257743 -0.840130189186966 -0.806238749302097 0 0 0 52 0 
3.63870561399179 3.72666306808243 0.994644504537656 -0.847235313286301 -0.412381209422684 0.463903178895547 0 0 0 153 1 
3.93907124825309 1.42315289593637 3.46176429295015 0.0313622320180778 -0.148346221718831 -0.788445407646418 0 0 0 32 0 
6.02806584138082 0.119839077882122 1.10575851105472 -0.247995297044227 -0.0985829230084199 0.257554179361051 0 0 0 103 0 
4.48534520615221 0.455308778887182 0.312544312545325 -0.0724753424176992 -0.0746208015080584 0.272324593753237 0 0 0 118 0 
5.79960737572636 0.0491863075296162 1.39510348359207 -0.33574233030526 0.110656164823544 0.421078820256576 0 0 0 70 1 
6.9994769178351 1.68637001921457 0.347672468080725 -0.0357516487260645 -0.129544998627531 0.417690890577195 0 0 0 96 1 
4.21386435663493 0.937810369931953 0.404516895807757 -0.806152545954648 0.31698645499514 -0.0782487931565888 0 0 0 29 0 
5.93419913923255 2.98742458245722 3.54708986596516 -0.611842918626247 0.463387470175516 0.574792133283226 0 0 0 14 1 
7.88160389513916 1.42197517180373 2.92163451847976 -0.187028293204346 0.565855369414552 -0.11274039153716 0 0 0 202 1 
6.09376120120791 0.956955110147162 0.0471351234882746 -0.671874199913721 -0.110217492132346 -0.246633205465123 0 0 0 57 0 
7.94840555128944 0.15664115567414 1.48966732407288 -0.467971032050754 -0.167382774594704 -0.215023762566223 0 0 0 10 1 
6.36006778978997 3.96463857207939 3.34703586234856 0.275719127842141 0.318902755148528 0.846216847310612 0 0 0 51 1 
4.44914398792626 2.98286265091819 3.49866776191993 -0.646489715148125 0.391633046494156 0.857047697279995 0 0 0 59 1 
4.96985618246829 0.425896759431087 1.57916382279958 -0.323581701252265 0.494706911387935 0.648511701628541 0 0 0 251 1 
7.43937728586082 2.77915802577588 1.15838749931515 -0.575758765295656 0.0913684304125628 0.404170535665368 0 0 0 5 1 
5.63635712258285 2.75894108788286 2.68287036896823 0.152596937327346 0.87563864913449 0.0844907406405877 0 0 0 156 0 
5.57048369969513 2.0894064183408 1.7408260725779 0.219320264263938 0.3278147441672 0.802916148041278 0 0 0 43 1 
7.4038668014978 3.00543974218652 2.65367678566804 -0.0782952284644429 0.321817124441894 0.939548341833431 0 0 0 88 1 
4.25084887647252 3.07934781967874 1.41883120667634 -0.517796508823392 0.184239129977053 -0.362940628094547 0 0 0 97 1 
4.50433833339365 2.35989635384138 2.50739820588715 -0.42826154761474 0.275706882417241 0.857671300420511 0 0 0 102 1 
6.92686461999206 3.50166129165212 1.20954558756016 0.459061758570861 0.714404377975151 0.0506818276828687 0 0 0 137 0 
6.39200679884174 1.57354627804314 0.167379985471187 -0.86485665722559 -0.351889551568347 -0.452330001037772 0 0 0 171 1 
6.43402592685304 3.54252294123251 1.930105188849 -0.0761410052247832 0.431608781516608 0.887864656346357 0 0 0 92 1 
5.95770161113083 2.3029326653253 0.636670777163233 -0.395878456347798 -0.156933381048193 -0.490237801631198 0 0 0 241 1 
5.16537109028619 2.03219317597664 1.46203521677716 -0.738187779265272 0.109442369712617 0.783002515484083 0 0 0 33 1 
6.2834004716596 1.3928351691148 1.67780561624329 -0.229757109167171 -0.0790832022060853 -0.415871027411194 0 0 0 123 1 
4.37867171895224 1.30223004881885 1.14167773145055 -0.508666305789126 -0.156983567941511 -0.525594447753532 0 0 0 125 1 
5.89303050367519 0.834711348717044 0.403842941237147 0.170930750262514 -0.0475206179487826 0.778845924374082 0 0 0 24 1 
7.90434010533963 1.02046670055458 3.54480781190577 0.814595721809974 0.322890478611041 0.788914843707555 0 0 0 64 1 
7.48816369933603 1.63602949748938 3.42283921947309 -0.929416878618855 0.724002106963527 0.56591708710522 0 0 0 205 1 
5.54579251349926 3.36629810786293 0.170934107085281 0.360413750964233 0.776164150561638 0.833638150506091 0 0 0 141 1 
6.58608676488534 0.89917308916906 3.55247683888726 -0.208136659651047 -0.75720192220221 0.860891202777661 0 0 0 243 1 
4.47617141695851 0.059496270903145 0.929177262070204 -0.644559184502963 0.897106876493082 -0.612201624137843 0 0 0 47 1 
5.75664556254313 2.89258182967352 0.286826810836831 0.161188968753081 0.670898702119537 0.984773343631202 0 0 0 172 0 
6.0846124629176 0.127397448698356 1.06564307604392 0.327472318779829 -0.955185896521546 -0.673882637425435 0 0 0 26 1 
6.78207286710002 0.204788652471651 1.18557322312701 0.877290919078573 0.336056332319404 0.191826658794787 0 0 0 210 0 
6.18540532107911 1.26989156308571 0.0741754467718645 0.620386094362794 0.412135111648979 0.541012531912276 0 0 0 179 1 
5.43837109036713 0.705774763497643 3.36454957042398 -0.0758306364023476 -0.91387323117874 -0.00967503068400177 0 0 0 123 0 
7.2259901013637 0.916664887968949 1.09287602361326 -0.305286421331164 -0.970238222287932 0.470919715972376 0 0 0 85 1 
4.69095868335071 3.54891106754062 2.5428104735846 0.156497048810765 -0.13936349517567 0.360200748113186 0 0 0 167 0 
6.36634457656496 0.5780301062855 2.25338038867766 -0.22383253024536 0.0770021504489643 -0.446187115094453 0 0 0 115 1 
6.35431572357014 3.88396878471524 0.633778317073363 -0.0104060197449899 0.598854913193946 -0.847587263066189 0 0 0 243 0 
7.73055120570135 2.3105294778855 2.30837585944628 -0.269246342449904 0.557894962706107 -0.442258867182408 0 0 0 245 1 
6.68007719177691 1.65317500894477 2.09021067498559 0.0128626565554935 0.653798214924627 -0.600699237501029 0 0 0 223 1 
5.00874581959138 2.15863223776302 2.87247290854547 -0.0350895843149014 0.975616588411645 -0.33053764938961 0 0 0 242 1 
4.50481165415137 2.10010036071538 3.05280678650179 0.214629403867955 0.185721454336813 0.682343341892985 0 0 0 34 1 
6.10715594384476 3.26394293001926 0.268842458297631 0.900511138846054 -0.159718362141481 0.983488747021259 0 0 0 231 0 
6.21768785071036 0.142021626585144 2.81615817351706 0.836977703622169 -0.525569883815347 -0.405988701891638 0 0 0 254 1 
6.8396786762507 2.42177847745244 1.88078629234918 0.0956913340179071 0.0658413198180312 -0.829943836260773 0 0 0 102 0 
5.57314039921474 1.94963990213904 1.60206732009895 0.29093859994391 -0.68216857841864 -0.992709477135789 0 0 0 130 0 
4.89540684209223 2.49094189465029 0.908827206649847 0.671100488720873 -0.357789864667836 -0.685083770953582 0 0 0 221 1 
6.61967619079136 3.07311149513987 2.1922805747687 -0.705737414943474 -0.530492036061438 0.62087718391205 0 0 0 165 1 
6.08963345444343 2.75205198661966 2.62614648131371 0.61354524674596 -0.696282000955739 0.294724748665265 0 0 0 31 0 
6.10673674563244 3.77180042628931 0.00704344961566006 0.543338338973746 -0.123442826693621 0.393360246401119 0 0 0 150 1 
5.13765687663728 2.39916556593368 2.45316427164555 0.831261205474091 0.635654683280977 -0.860488266311032 0 0 0 219 0 
5.01606439884146 1.52438592261278 3.11836305463397 -0.105995400082753 -0.355401005527659 -0.455831210383288 0 0 0 235 1 
7.7088870976925 2.4169350341267 2.51749460872881 -0.77079377873625 0.851209645294764 -0.998750385090799 0 0 0 139 0 
6.8617593670327 0.831781070099237 3.11375943308198 0.668697097645193 0.595127219292803 -0.456160040494145 0 0 0 175 1 
4.04305503420784 2.19363813691675 3.20800558533241 -0.818353211842297 -0.879025847363089 -0.663713886761971 0 0 0 53 0 
4.68770408366172 2.72129457658999 3.53581778912394 0.72769314883298 -0.341336101672144 0.645415556365996 0 0 0 222 1 
4.1237787019967 2.89506869050848 0.586933505585193 0.830269907285479 -0.82892366496368 0.363352393256085 0 0 0 72 1 
6.55616815399067 3.69846354573138 1.99700521564413 -0.853130846143523 -0.842966889590616 0.035500372546009 0 0 0 19 0 
6.59368830487947 3.81355653281811 1.50432717951474 -0.421879406794323 -0.691888819084421 -0.499690915748947 0 0 0 60 1 
6.17132689581646 3.89694023413864 0.657786952302252 0.333666206844032 -0.400218554704383 -0.988729503406982 0 0 0 154 0 
4.73532471185977 1.10600798072648 3.40658131294485 -0.768905377724302 -0.170999429948109 -0.935244191932511 0 0 0 13 0 
5.94963333736376 0.467264416158232 3.16755766456161 0.0321166669545541 -0.145195398845841 -0.95231730967417 0 0 0 74 0 
5.05232926739197 2.5321026070763 3.46107659695133 -0.81769076661486 0.645150186219735 -0.574208814503476 0 0 0 137 1 
6.48034903339776 0.229161038460583 3.69251436755709 0.284310645242697 0.980654359890041 -0.700534688031636 0 0 0 43 0 
4.85982202225168 1.13348810948294 3.87193150461207 0.525701573017977 0.688106293534495 -0.687719178241995 0 0 0 175 0 
2.33998834583677 5.13331744434593 2.36648684631495 0.202856310416912 -0.311905896832434 -0.00953665383464652 0 0 0 169 0 
1.5297174648535 4.32970580046107 0.21014893623971 0.430694104632393 -0.369306728538495 0.265010638302836 0 0 0 249 0 
2.63438414934704 7.75558548060303 2.84131892890222 0.438170296381932 -0.41031532281407 0.595808494921587 0 0 0 28 1 
2.03965163251873 5.40829548805543 2.49631121637436 -0.104310597677234 -0.22083603656747 0.785450801169597 0 0 0 192 1 
2.83560222175046 5.69896292994132 2.33708935661195 0.166828730125033 -0.700074076432763 0.774077811186568 0 0 0 49 1 
1.94022111874718 7.91575460711046 3.94567798903564 0.10287293705337 0.529696757650747 0.174691284931117 0 0 0 17 0 
3.59190225979502 7.54618290863738 3.1965664511522 0.935135875699644 -0.568129792240187 0.192611889368014 0 0 0 67 0 
1.25839222368454 5.07160105157516 1.05755626560216 -0.374400555451104 -0.10202849631606 -0.103031695314131 0 0 0 235 0 
1.52813945384632 7.77539419202845 0.786183339866807 0.287724246703309 -0.694614700569396 0.234727381419058 0 0 0 39 0 
0.0970038338193784 5.99500667345439 2.05864802637816 0.61407170241567 0.106786190961028 0.539903430455583 0 0 0 212 1 
0.143648137539604 7.10739848583116 1.69256252626226 -0.596882275890029 -0.242328679583489 0.585183037590162 0 0 0 232 1 
2.37462678835895 6.07452866885888 1.73027266400531 0.0624733420256394 -0.0303908093672229 -0.340694809713907 0 0 0 170 1 
0.62221274880393 7.80084247659656 2.21327301018762 0.151586624914566 0.664345891185468 -0.0919090707008845 0 0 0 54 0 
3.74561537786498 7.12208515355479 1.7762801386791 0.517543955561784 0.615863225253914 0.376877152762793 0 0 0 56 0 
2.81066937698995 4.92518780372873 0.719191881851658 -0.192095044500718 0.173227700266338 0.587085134417976 0 0 0 122 1 
1.28270667924122 5.43358572569745 0.731817506918659 -0.158378094339912 -0.00474387673589671 0.802272679065619 0 0 0 152 1 
0.520864694800789 6.82432644858942 2.27242986963853 0.644347478200056 -0.476833825100756 -0.301969295025819 0 0 0 108 1 
3.21573421126632 6.7958044257067 1.05239639649263 0.265409586519023 0.663986030407621 -0.0319716859648126 0 0 0 25 0 
0.337211383125105 4.78752406776024 3.52723901861649 0.34551509879465 0.163394576268589 0.216231358472606 0 0 0 73 0 
2.9482050614228 5.4619490123787 0.274042250260621 -0.182271067041229 0.354424929455622 0.483860160732901 0 0 0 98 1 
3.37233554572708 5.93628914185296 0.859370314304982 0.919452538980506 0.459734938703783 -0.617187834692501 0 0 0 99 1 
0.361106399023419 7.1186341617901 0.504417959032542 0.990079028501673 0.0441881544135785 0.143172711359467 0 0 0 155 0 
3.77148214391294 6.75614860754217 0.132054644864119 -0.0520369897205044 -0.624560813746988 0.18800390320458 0 0 0 97 0 
0.499740777666627 5.26960823470698 3.16164156793449 -0.857161373023812 -0.445027983235216 0.904402969138178 0 0 0 164 1 
3.02423833495143 6.87430682293497 0.64359512689487 0.180302738210817 0.669593344495355 -0.704028919507509 0 0 0 25 1 
2.41036162826765 6.29992480171888 2.29040575681174 0.136454402019118 0.271423200122777 -0.372113874513447 0 0 0 57 1 
2.90212652459511 7.33079451552011 0.502765514505995 -0.18556239110035 -0.440657534605706 -0.785516748963857 0 0 0 74 1 
1.49353193614723 6.98793321718432 1.38788353320577 0.928109424010517 0.39199522979888 -0.579436890485302 0 0 0 101 1 
2.46410906644673 5.48302686791835 1.67702750502495 -0.431135066682377 0.213073347708453 0.655501964644639 0 0 0 124 1 
0.602511691555002 7.24812869983419 0.174069612138857 -0.9926777363175 -0.589419378583272 -0.737566456275796 0 0 0 18 1 
1.45099472306555 5.51003747770927 2.13078172792259 -0.789214662638175 0.357859819836376 0.473627266280185 0 0 0 4 1 
0.447214428760816 7.05964241525488 0.728579157586151 -0.575198969374227 0.96854588680392 -0.912244345886703 0 0 0 236 0 
1.53446337368733 7.18270042426792 3.08098319969851 0.502461669549095 -0.165521398266577 -0.244215485735821 0 0 0 234 1 
3.27958064473367 4.14431459575519 1.17327831268866 0.769970046052405 -0.525406100303201 -0.880480120522239 0 0 0 228 0 
0.20544936570897 6.54552444699221 0.906818196149469 -0.235325045306502 0.360394603356587 -0.970941557417895 0 0 0 24 0 
1.53229904795998 7.87840421444174 2.12955441143381 -0.497692925145716 0.527028872460124 -0.526460399183299 0 0 0 100 1 
1.69907520442616 5.32655239063155 0.751430711167032 -0.128637485398131 0.630468027902254 0.44653076508336 0 0 0 32 1 
3.41014577459725 4.25772842254561 1.48837524672884 0.850724698185518 0.12555203018183 -0.0722589109479397 0 0 0 108 0 
2.23335634481173 5.68389308912036 0.00122597392677526 -0.304760261084876 0.655992363508597 -0.67848385900523 0 0 0 111 1 
3.16920081269235 5.82201295136874 3.81098223234369 0.976371486620882 0.66585806795491 -0.0492155548325938 0 0 0 78 1 
2.41979830267421 6.35753820344057 3.05226450920561 -0.5771572640947 -0.438747271182816 0.0394474649432583 0 0 0 110 0 
2.02317760690961 5.36243700728995 1.05072288061561 -0.819773028077885 -0.581254499479289 0.182194491472544 0 0 0 27 0 
1.72583377272838 7.07789844236636 3.17517749890196 -0.769583301947973 0.469849888740455 -0.237487321507003 0 0 0 36 1 
0.732077598184546 5.67277232687693 3.55177013613936 0.588005542727468 0.726626594776923 -0.210587847418617 0 0 0 228 1 
2.8182965924454 5.68879748215608 2.11575688533482 -0.0486931005396138 -0.415085894131709 -0.670303079618942 0 0 0 132 1 
0.786861999760493 7.00545293822017 3.20148560896915 -0.26522414287425 -0.106753361555703 -0.37846531364506 0 0 0 253 1 
3.50364064665255 5.53741171825859 1.43816161647397 0.285974331903754 -0.354470591552958 -0.932988455966145 0 0 0 149 0 
3.46590433533537 7.75816196727077 1.91381638648192 0.354707452523955 0.447011569090769 -0.82758454382272 0 0 0 38 0 
1.94774270849569 5.12477577636608 2.07226722806332 0.960553050606835 -0.0268017302595656 -0.744838055138335 0 0 0 245 0 
1.15421154237659 6.18886718553711 2.05101623590179 0.832443681598328 0.0492047989669362 -0.746355983149872 0 0 0 246 0 
3.35872585982451 4.71732908427702 2.33374300210548 -0.152948152869678 -0.555905065408784 -0.726161214135323 0 0 0 126 0 
0.586945860428739 6.70866967673074 2.03335498182518 -0.708075295683661 0.514904976909339 -0.747617501298201 0 0 0 114 0 
3.01343630522106 4.20742341306508 0.0570220811750726 0.393816878944361 0.121958815218934 -0.0316412799160662 0 0 0 11 0 
3.87533940114558 4.82389399417869 2.05560915168024 0.955381385796113 0.737420999584192 -0.388885060594268 0 0 0 247 1 
1.22049200323478 4.61283693279239 2.828335751705 0.265749428802484 0.365202638056599 -0.476547446306785 0 0 0 35 1 
3.50983466504053 5.46103516625364 0.781416707744843 -0.285011809639962 0.925788226160974 -0.337041663732511 0 0 0 224 1 
3.38945215706262 6.83079525090098 2.2372275418036 -0.507896274495528 -0.262086053507073 -0.875912318442599 0 0 0 214 0 
3.82772378883311 4.96534786822489 2.24805458296613 -0.119448300797635 0.176096276301778 -0.875138958359563 0 0 0 90 0 
0.943871832889067 7.31978434232633 2.61992162508245 0.245990845206362 -0.155729689833834 -0.705719883922682 0 0 0 187 0 
0.524257453919859 7.02586188233542 2.44686035524312 -0.783981610434296 0.60899013445253 -0.789509974625491 0 0 0 101 0 
0.0261477650343687 6.74607848511292 2.44074780044989 0.323296268931026 0.87471989179378 -0.861375157110723 0 0 0 213 0 
3.79349951270986 6.56845701742136 2.93854786861207 0.0209642509078471 0.862032644101526 -0.754389437956281 0 0 0 168 0 
0.859168563422985 4.4909704606182 0.812078903784169 0.454226325958785 0.570783604329872 -0.620565792586845 0 0 0 110 1 
3.75297664347663 4.21887704254886 1.87607966356161 -0.0533588111802408 0.97991978875349 0.955434261682972 0 0 0 201 1 
2.60405230115072 4.60458407959007 0.448463450571445 -0.492567692774949 0.721756005685005 0.782033103612246 0 0 0 215 1 
2.76677474365161 4.35637467692012 1.70880174744238 0.804769624546544 0.918312476922866 -0.91365701803983 0 0 0 224 0 
3.75832690739777 6.3646640041028 1.91955960311715 -0.981548078043017 -0.081095428278371 0.315682828794082 0 0 0 174 0 
3.95199458353869 5.00693991302576 1.67782310900033 -0.253428958318665 0.964781422358983 -0.344441206499976 0 0 0 240 1 
1.44131656435442 5.59680099299602 3.07087494683879 0.638665468882458 -0.421657071928856 -0.959223218082944 0 0 0 196 0 
3.415842580782 6.93392575951205 3.49731814623178 0.922560184341571 0.530994697108004 -0.643048703840587 0 0 0 115 0 
3.01072506980833 6.08659240094366 3.30717532095958 -0.177805352156547 0.827613742924547 -0.728058905645744 0 0 0 230 0 
3.61328263635838 5.56874615797688 3.64521275044573 -0.134765525974402 -0.495089560144509 -0.989627660682447 0 0 0 94 0 
7.51186836740121 5.46575868295455 0.451533183404694 -0.0705808308999134 -0.431017236931818 0.282252370243192 0 0 0 244 0 
6.39016814394642 4.04813826868261 3.67635490048671 -0.22213084686097 -0.246561552236957 0.798311064320479 0 0 0 255 1 
6.45291739266214 4.76464900109697 3.76545098247133 -0.146220186238419 0.0903320715069265 0.16181792731938 0 0 0 96 0 
4.53382449756964 4.04866871248959 0.604285694441959 -0.497583964459311 -0.889380806250743 0.364591835317283 0 0 0 65 1 
6.32589920221186 4.01987574618036 2.49336452879634 -0.369578628413438 -0.962866018129974 0.499526037771167 0 0 0 69 1 
6.2091347836423 5.73352944902268 1.31427319038465 0.264938198831593 -0.340462182212666 0.0581623707417604 0 0 0 135 0 
6.73508419310975 7.18387353095043 1.46088353510179 -0.483208271920732 0.0488481093536022 0.640063109650128 0 0 0 187 1 
4.30595905719061 7.82261207872268 0.368009962308536 -0.871002924486385 0.523043719908763 -0.366570716977962 0 0 0 17 1 
5.1544795164533 4.82443995280185 2.88055723146156 -0.881822891681907 -0.548254289085582 0.0986112308186828 0 0 0 30 0 
5.33424744343016 5.76359681516112 0.472039684445345 0.0595891031021543 -0.266885941774206 0.56943140603181 0 0 0 249 1 
4.69786396563313 4.61590643411317 1.737481300856 0.0855617118309377 -0.70600668327763 0.802677235775428 0 0 0 40 1 
7.95129478601748 5.67301794711436 2.9463745301702 0.532235341858391 -0.916213003777546 0.889026752155014 0 0 0 41 1 
7.68476349989923 6.20035267600755 3.39681031703959 0.584625964278516 -0.0214033802851747 0.135486451217114 0 0 0 153 0 
7.37780963171475 7.76583859332004 1.60383242276031 0.562700687979625 -0.338154386191426 0.364559458768594 0 0 0 61 0 
4.87012929220853 7.38111999511274 0.898384626528739 -0.902133621985105 0.205794285365195 -0.471543955247947 0 0 0 178 1 
7.74708483085167 5.75806339293425 1.44012513387171 -0.839493940653452 0.304147385209589 0.710008938133694 0 0 0 56 1 
7.70955061397082 7.95465118162257 3.96107637377408 -0.127889241859227 -0.681810629884102 0.0329340266981486 0 0 0 119 0 
7.971208048099 4.98592505297142 1.22623123865719 0.533657717721357 -0.322433924787755 -0.519554911524486 0 0 0 185 1 
6.32623583066541 7.88158965349204 3.83348324772464 -0.583840297809613 0.884399260963717 0.595248803408903 0 0 0 130 1 
7.23626504014512 5.27960224963341 1.66791430641088 0.695447502867509 0.0556858749738145 0.58342245045792 0 0 0 163 1 
7.84596123005174 7.82790732111346 0.0358634171199441 0.596140087860839 -0.905149477063324 -0.818866898777147 0 0 0 129 1 
7.21051708155412 5.93304132933089 0.870053127930454 0.336465505825294 0.245217237809349 -0.687853348004968 0 0 0 27 1 
5.00998702328335 6.7528854907005 1.88544585367831 -0.749286641194047 0.732348963621464 0.741817560977022 0 0 0 61 1 
5.50685159273325 4.10933656359031 2.99544147127979 0.429060828052375 -0.527904531172121 0.821102962234271 0 0 0 177 1 
7.04923770728925 6.34815924505003 2.6959491004334 0.824945550520661 -0.725131482496426 0.156853507173814 0 0 0 65 0 
7.19552290782013 7.45972442015409 3.73517160420558 0.906823064844295 -0.645733969988994 0.231083686014684 0 0 0 66 0 
6.95898944756137 6.16578112368003 1.30493805030288 -0.538643610888474 -0.738158491165712 -0.728218710692651 0 0 0 2 1 
6.52260561148386 7.14202485873745 1.69750341045814 -0.998385313465438 0.331573204195532 -0.628749756395848 0 0 0 89 1 
6.79012445978329 4.58743234941534 1.07965848660202 0.449294604270235 0.220530882101095 -0.95859582238557 0 0 0 21 0 
5.93983521858949 6.72668205119781 1.27693035309839 0.888559658470678 -0.483808424914442 -0.230219260492972 0 0 0 75 1 
5.32717727874787 6.92990979535377 1.77527726574094 -0.798058765803723 0.387850699668126 -0.980337338161362 0 0 0 5 0 
4.00668360087509 7.45315853885805 3.39388448343186 -0.106665457080351 -0.860488675795854 -0.293293965469153 0 0 0 126 1 
7.67971359692884 5.550278497186 2.60873143605991 0.369979542637774 0.360734178370429 -0.635090611710006 0 0 0 3 1 
4.00860877207574 5.4861030430789 1.21588026463364 -0.820813659137447 0.92757878879135 -0.0202942668118828 0 0 0 157 0 
6.33819258392952 4.79125021228804 3.33888869151779 0.274156613137822 0.592232158020574 0.274206335108414 0 0 0 15 0 
5.40232663732619 4.27789752674294 3.15296634966418 -0.364119525905272 0.19842125191021 -0.381930975023987 0 0 0 118 1 
4.14923571101867 7.10870972478216 0.881413082207735 0.117802550787048 0.972050694627297 -0.258470494128019 0 0 0 139 1 
5.41497315050718 5.09340975456155 1.00691493832024 0.922498082179084 -0.743327874674175 -0.82093464726284 0 0 0 116 0 
5.95973158772509 6.49142183873414 2.49250644121723 0.104266541980363 0.0708158456238677 -0.929106682770198 0 0 0 197 0 
5.74889950080723 4.39433179072412 2.38132774334991 0.30349282148623 0.921023699337437 0.705809124524993 0 0 0 190 1 
7.58994183106664 4.37018716177569 0.479304084946517 -0.850718440638097 0.705013368698264 -0.64433542250382 0 0 0 168 1 
4.16443135507413 4.27477450020557 1.80474348004582 0.118887953933866 0.912483892871826 0.878910248574702 0 0 0 159 1 
5.94689999905848 4.04214019637266 2.81780859544909 -0.182364285781536 0.681581442598047 -0.834442243182208 0 0 0 216 0 
4.47296502123489 7.2854842789687 2.10890333202539 0.712354644373921 -0.443893980073664 0.400635952287528 0 0 0 122 0 
4.2037484955829 6.63276172601539 0.158461612366915 0.978839178255921 -0.0619455909989007 -0.238681313402363 0 0 0 255 0 
4.07160905028231 6.91316986011303 3.21847080612014 0.755114932163022 0.386654990008074 0.76560505758001 0 0 0 119 1 
4.15579975002916 7.77705138899828 1.6986649594552 0.18969998214494 0.305503670642734 -0.342952502896057 0 0 0 46 1 
4.10970919640214 7.43315003915991 0.406485896086587 0.829264942600152 0.423796431368565 -0.649536721708101 0 0 0 104 1 
4.66597370293357 6.09117184266863 1.58114549681958 0.940426693066684 0.899369417333474 -0.494203893084315 0 0 0 252 1 
4.52618602416773 7.84520773175621 3.57712491528085 0.930441858869123 -0.261056590588842 -0.351633934622796 0 0 0 244 1 
5.93295064201171 5.03300834057209 3.68110178578153 -0.897646382713449 0.109500595755149 -0.487064158158462 0 0 0 31 1 
7.70804459901484 6.12997084956248 3.91421294733561 0.372003185643917 0.402140774968749 -0.898984789476028 0 0 0 3 0 
7.44851867269042 7.75643869095571 3.95468189289389 -0.50367723766497 -0.981682950646021 -0.681808436221865 0 0 0 166 0 
6.49337900619697 7.9435252116861 3.77004021238215 -0.643330070985931 -0.825462484879564 -0.552139984829846 0 0 0 13 1 
7.93383466182215 5.91057764330891 3.40849204166499 0.673845332987296 0.457898403093493 -0.792250568452501 0 0 0 18 0 
4.66977299753832 7.09331369777672 3.67746098290668 0.369269499824166 -0.67190616444452 -0.915895644078094 0 0 0 1 0 
0.712208918147535 1.24457707805717 5.46545680056524 0.229443494153395 0.0531840770040832 -0.00246737138819697 0 0 0 19 1 
3.84997493047206 2.72513107986551 6.75920537932311 0.596426780748005 0.230366505704679 -0.124342472905492 0 0 0 113 1 
1.23507432940164 1.25787625598616 4.47231465977512 0.195362452100117 -0.23158026742956 -0.430548952873206 0 0 0 146 1 
1.50553397390503 1.71696843539603 4.13596283048187 0.214680998136074 0.158354888242573 -0.668859797822724 0 0 0 34 0 
3.54354190885248 1.68145451434251 5.1418384417004 0.145967279203749 0.727246751024465 -0.4541543970214 0 0 0 142 1 
0.916598292951136 1.92586555080326 5.03617567174562 0.101185592353653 0.816133253628804 -0.318844594875313 0 0 0 169 1 
0.100118846561448 3.30120319236825 4.07417714874366 -0.0285629395313252 0.985800228026304 -0.887558775089738 0 0 0 133 0 
2.04352737095885 3.01565718160674 6.54750625895207 -0.175462330645797 0.179689798686196 0.360536161353719 0 0 0 81 0 
0.532586817605292 0.477571562549935 5.70732646097687 -0.49767237017105 0.498397968753567 -0.48519096707308 0 0 0 252 0 
1.18322199178418 0.117710872883485 4.45656953347308 0.763087285127441 -0.241592080508323 -0.931673604751923 0 0 0 95 0 
2.89260723691861 1.3809277124337 4.74256140728789 -0.114813768791528 0.777209122316692 -0.911245613765151 0 0 0 217 0 
0.824362142010036 2.51552574081015 6.55284211989505 0.951740153000717 0.00110898148643934 0.0037744371353603 0 0 0 44 1 
2.07100494734393 2.58988663547502 5.59612120123601 0.0407860676674237 -0.279293811751784 -0.207419914197428 0 0 0 186 1 
1.42362941621913 3.71267889629912 4.91845446222019 0.494544958301367 -0.0562372216929206 -0.327253252698558 0 0 0 226 1 
0.599021060383755 0.291251097095152 7.42937080640148 -0.850069924258303 -0.443482064493203 0.494955057600106 0 0 0 140 0 
3.92812347035716 1.64802770459338 4.5099476124988 0.173437390739797 -0.489426592529045 -0.570718027678657 0 0 0 190 0 
3.21551353691165 2.21837608759551 6.2624174694593 0.479679538350832 -0.377258850886035 0.197315533532807 0 0 0 192 0 
1.94616000908931 0.46539026930019 5.10205915118234 -0.39670285649362 0.926099304950014 -0.314138632058404 0 0 0 112 1 
2.2388627985585 0.766422159421962 5.8289245098334 0.0527759141827502 0.161887297101569 0.452066036416671 0 0 0 6 0 
0.52155721029773 2.00482670385884 7.76558002316692 0.215825515021266 0.46463047884706 -0.909601426916648 0 0 0 131 1 
1.00130011451905 3.54721019844582 7.5306319583175 -0.964192848962925 0.431943585603273 -0.640669145834464 0 0 0 10 0 
3.65972173387483 2.68628891970569 6.65587405477019 0.225694409562488 -0.41526507716388 -0.2031518532307 0 0 0 173 1 
1.86250928003463 3.02610888553052 5.36378401214086 -0.0455350514260984 -0.319563651033534 -0.866872570561367 0 0 0 159 0 
2.54526033772462 0.791379993673521 6.62520888344352 0.646090024123187 -0.836330000451892 -0.919627936896891 0 0 0 127 0 
2.40276849672968 2.21911486158414 7.43557470728354 0.778769178337834 -0.591491795601133 0.852541050520253 0 0 0 200 1 
1.30238941763708 2.31044289571784 7.35839848674592 -0.656972184454494 0.700745921122703 0.847028463338994 0 0 0 206 1 
1.82702135832962 0.958682533753607 6.0646708473892 0.23764438273783 -0.681522676160456 0.540333631956372 0 0 0 150 0 
2.99199986103713 2.63135232884247 6.6517147159485 0.463714275788366 -0.347760547939823 0.86797962256775 0 0 0 160 1 
1.80317406549382 1.24046654276644 6.91791106145398 -0.906916138179013 -0.232823818373825 -0.184434924181858 0 0 0 162 1 
2.97745580665338 0.440704787000547 7.37350601228661 -0.465896013810472 0.995764627642896 0.990964715163329 0 0 0 107 1 
1.00143366483639 2.40209451575727 4.79961847935265 -0.178469023940257 -0.721278963160195 0.0214013199537599 0 0 0 16 1 
2.0408603297509 2.87550796668627 4.34797113092909 0.467204309267922 -0.544606573808124 -0.368002062076493 0 0 0 229 1 
2.58594801016489 3.12787521654671 5.96344308746251 0.720424857868921 0.687705372610479 0.818817363390179 0 0 0 220 1 
2.09897331689324 2.66469007330369 6.59786097847155 -0.885787620221911 0.0831921480931206 0.935561498462253 0 0 0 38 1 
3.16823249971273 2.96260640880328 6.14208014568751 -0.809411964306234 -0.0383852565140511 -0.168422846736607 0 0 0 62 1 
3.8013310622006 1.20378470240695 5.74033908925425 -0.1213334955571 -0.0211582355423606 -0.625690065053268 0 0 0 86 0 
2.87956421749179 2.98330408244147 5.27593906216816 -0.687173984464872 -0.251192565539895 0.0554242187262972 0 0 0 140 1 
1.5564000939621 3.77403827526085 7.04843541306587 0.575457149568722 -0.123282980338511 -0.175111756209581 0 0 0 231 1 
0.291917929766259 2.97998746027848 4.0981106687148 -0.443434433588124 -0.608572324265823 -0.100134952234657 0 0 0 211 1 
2.0429005158502 2.65785721007286 6.3189315949489 0.681635751132157 -0.774438770709081 0.344209399639207 0 0 0 92 0 
2.5877584139669 3.38981707461207 6.71953422913956 -0.63658868471665 -0.365013066099138 0.229966730652825 0 0 0 253 0 
3.01276370157357 2.36794402562841 7.00342125684277 -0.463374021316174 -0.866575426740828 0.964530089774484 0 0 0 103 1 
2.60401332090269 3.85420732300492 5.27084246121644 0.507429522921621 0.311014808786066 0.769345890086888 0 0 0 81 1 
1.1443095140049 1.10428577003965 5.41933626683157 0.260307822428921 0.543163269288547 0.779952590487969 0 0 0 155 1 
1.46808865979378 3.6936856444808 5.41255250500882 -0.145136524300444 0.870977546034343 0.85089660750063 0 0 0 176 1 
3.81852558861248 2.47493482697992 4.74311790353301 -0.120105315099108 0.783923916212851 0.588794135966643 0 0 0 254 0 
3.98144285569909 0.655384069494775 5.94233537529414 -0.751325510307208 0.51109886210677 -0.539833187478991 0 0 0 170 0 
3.76935398420172 0.291943363963352 7.02464773947491 -0.337903286842734 0.413710240283097 -0.605382304323221 0 0 0 200 0 
3.61692269035177 0.936295952335053 6.3785235659985 -0.991648379260588 -0.397407431976068 0.20560882614275 0 0 0 186 0 
3.43080572019105 2.90220529860602 7.79419212686066 -0.933513877129211 -0.614128192956713 -0.97898627665281 0 0 0 145 1 
3.3393437475417 1.09700416783086 5.35658620515937 -0.940046875175593 0.185500297702204 0.775470443225669 0 0 0 21 1 
2.11365196510683 3.80085002268197 6.0989515234138 0.615260854650488 -0.335653569808431 -0.742932034041871 0 0 0 207 0 
2.1563528306608 3.37687202007058 4.5596572742288 -0.381689083524229 -0.865937712852102 0.361404091016343 0 0 0 68 0 
1.2591469278024 0.824360117873334 4.83736445583231 -0.231489505156971 -0.119688563009048 0.952668889702308 0 0 0 121 1 
2.04897302961932 3.06874433164971 4.5259068309759 0.89635521640138 0.969196023689265 0.716136202212565 0 0 0 214 1 
3.6731379786533 0.865591052716031 4.04946532899586 0.22665271276095 0.811827932336859 0.896390380642561 0 0 0 181 1 
0.0142291865439317 3.19076627894683 4.02067627660444 0.53673065618171 -0.736373837218083 0.251476876900317 0 0 0 76 0 
4.18887886172028 1.59563271691383 6.11727861214555 -0.522222938448551 -0.207454805934726 0.186948472296111 0 0 0 241 0 
7.96882200995536 0.0155314333687639 4.44178870965582 -0.10936985643176 -0.0346048976165169 -0.718443663596013 0 0 0 83 0 
5.96104733283026 1.26750682492134 4.48560067116638 -0.181353761940696 0.0548219160658101 -0.71531423777383 0 0 0 84 0 
7.09141516028251 1.27410613335153 5.52577903927775 -0.529184631408392 0.269579009525109 0.144698502805553 0 0 0 58 0 
6.81706833759842 2.6325475867381 4.43745826264882 -0.191637975885827 0.438039113338435 -0.790181552667941 0 0 0 79 0 
5.90680277566303 3.04876721160371 7.08399096414827 -0.399514087452641 -0.103659484885449 -0.529714931132266 0 0 0 209 0 
4.21298777248219 2.22182326489187 7.39271330068807 -0.591929444822701 0.765844518920848 0.206622378620576 0 0 0 144 1 
4.11234542907008 0.906048302149538 6.05200206325543 -0.0276896122092806 0.60043202158211 -0.603428424053184 0 0 0 221 0 
6.61633689937599 2.43837860734506 7.89342882112362 0.22259549281257 0.852741329096075 -0.32904079849117 0 0 0 188 0 
7.16653190118302 2.70871950140823 4.0808122009682 -0.452390578486927 0.943479964386302 -0.172799128502271 0 0 0 167 1 
7.7063289146356 1.01189614824323 5.35441161264278 0.5861663510454 -0.0348645608397693 -0.153256313382659 0 0 0 53 1 
4.92684175909825 2.23212382804221 5.87400804249928 -0.112368445778697 0.9808659877173 -0.616142282678623 0 0 0 211 0 
5.20732459924222 2.47119753693848 6.90503745489292 -0.806619671482698 0.92651410978132 0.314645532492351 0 0 0 165 0 
6.63406981625162 2.55230664184953 5.74074497873947 0.438147844017973 0.360879045846395 -0.911375358661466 0 0 0 41 0 
5.2073777531935 2.68377506538147 6.44929301516863 0.193384125228107 0.513126790384391 0.353520929654902 0 0 0 147 0 
7.26254704589615 2.65406349902277 7.50967813141379 0.12589621756401 0.939575964215912 0.572119866529556 0 0 0 198 0 
7.20235501025286 3.92312374606805 6.06071574185175 -0.878403213553367 0.958794553290575 -0.317091732724875 0 0 0 156 1 
6.93324545085091 2.25126783866761 4.18314524478843 0.530946103632208 0.767947702761972 -0.0940610539436829 0 0 0 157 1 
7.1241765213755 1.76905848165972 6.73942382096218 0.616012608669678 0.80493274868998 -0.268612584216987 0 0 0 154 1 
6.02144075355707 1.19771741749069 6.68719639026229 -0.105611374745923 -0.521591613036379 -0.700914543552693 0 0 0 208 0 
7.20774298216211 3.0684327368111 6.75988335717335 -0.735161215559849 -0.173683375942065 -0.338579760201903 0 0 0 134 1 
5.53080773820094 0.624945914398029 7.99530241620013 -0.140656590128504 0.00892470817128777 0.749664458300009 0 0 0 100 0 
7.08558566183641 0.576782107530646 7.61664839635342 0.470398975845458 0.505484436252189 -0.848810828831899 0 0 0 185 0 
4.91333649283862 0.290366178404086 7.9353181408762 -0.684761679082956 -0.300688130113994 -0.826048704223128 0 0 0 178 0 
6.40243215480276 0.671592515918933 7.69763116033528 -0.0783977032283739 -0.416314820291505 0.871259368595377 0 0 0 204 1 
7.53844157473116 2.85809950078545 4.66942906112257 0.93131725533794 0.311292821484675 -0.059326495634102 0 0 0 86 1 
7.12686610474243 3.76999863597174 7.8354072050548 0.830490436053031 0.376428473997981 0.3096719432182 0 0 0 117 0 
5.71057670542446 3.95005536493629 6.9558073953049 0.443612621816033 0.38928966892402 0.67541481395035 0 0 0 37 0 
7.9588406257715 1.06205391569546 7.92489248570194 0.389917187555107 -0.816996148878895 0.31606374897871 0 0 0 63 0 
4.63446256847689 0.701049580161131 4.84455068114102 -0.990395530823079 -0.842782172845633 -0.261103522775641 0 0 0 63 1 
6.36751698117951 3.30037216146548 5.02538723346152 -0.866605929915749 -0.228544845609609 0.180384802390108 0 0 0 171 0 
5.68584881426503 0.855068194734805 5.23150096871919 0.798989201018931 -0.117495128947514 0.19510721205137 0 0 0 106 0 
6.03194711563897 1.04073744923685 4.61294313423447 0.966567651117069 0.895766960659775 -0.706218347554681 0 0 0 212 0 
4.74504162949367 1.63881508224368 7.77462945806146 -0.62535416932188 -0.990084636982594 -0.337526467281325 0 0 0 51 0 
4.10001616100521 1.63414608600297 7.86647229390235 -0.599998845642485 -0.847560993856931 0.740462306707311 0 0 0 44 0 
4.69956234347853 1.97561770900371 5.81778449303775 0.228540167391324 -0.966027306499735 -0.691586821925875 0 0 0 2 0 
6.36507772863806 0.536105911136822 5.33017777811841 0.204648409188433 0.574007565081202 0.487869841294172 0 0 0 160 0 
7.59325583751811 3.22885061601121 5.34244033132513 -0.850481725891564 0.623489329715086 0.631602880808938 0 0 0 184 0 
5.29358703409498 2.19687340466785 5.94793603341526 -0.729029497564644 -0.378794756809439 0.960566859529662 0 0 0 189 1 
6.63147456258535 1.38361340844482 5.6112118016626 -0.776323245529618 -0.722599042253941 0.579372271547328 0 0 0 162 0 
4.876067395797 1.64150707721355 6.61282471739209 0.598290528271215 0.438679076943825 -0.277655377329136 0 0 0 148 1 
5.28786849072535 2.07028641869673 6.03194445204368 0.69913346362324 -0.0306938272359479 -0.462003967711166 0 0 0 121 0 
5.37461097810954 1.40913447208234 6.00482271010318 0.848186498436396 0.207795319434453 0.107487336435941 0 0 0 71 1 
5.4884524895169 3.88983607720153 4.43249330549759 0.856318034965493 0.313559719800109 -0.4333933353216 0 0 0 83 1 
6.69340058468481 2.95544074343989 5.63831618779524 -0.771899958236799 -0.538897089754294 -0.204405986586054 0 0 0 182 1 
7.61309020049407 2.96844022408175 5.28040418484627 0.150935014321005 -0.823682841137018 0.341457441774733 0 0 0 70 0 
6.45909067816412 3.54172843193454 4.8958250130827 0.211363619868866 0.217266316566753 0.456844643791621 0 0 0 20 0 
5.8382216255279 0.581531344685922 4.91164767638153 -0.547269883890865 0.291537953191851 0.672260548312966 0 0 0 15 1 
5.52545203036473 0.835834654274489 5.31330327122295 -0.212467712116804 -0.333154667551822 0.986664519373068 0 0 0 248 1 
5.95039253257944 3.9346027890194 5.38320294383354 0.0321708951842454 0.959614484929957 0.777371638845253 0 0 0 218 1 
5.41321885476089 0.601280986947096 5.73143038824233 -0.863341510374222 0.578662927639078 0.873673599160166 0 0 0 174 1 
7.56398697923856 1.65671445015299 4.85350145336317 0.647427641374182 0.511193889296642 0.810964389525941 0 0 0 166 1 
4.59935565324031 1.26985089038866 5.17102118387585 0.0785254038028789 0.983560777884905 0.833644370276847 0 0 0 48 1 
6.50837665349821 3.35347202587952 4.92896759626867 0.786312618107015 0.489533716134251 0.744926256876334 0 0 0 93 1 
7.38049782893809 0.960770042484303 5.53760044563839 0.848606987781292 0.890055003034593 0.788400031831314 0 0 0 209 1 
4.7806676495135 2.56641671643272 6.9744350946795 0.877190546393822 0.147601194030908 -0.108968921808608 0 0 0 116 1 
4.03066967871793 2.41007616861295 6.39727573583292 0.466476405622709 0.279291154900925 -0.793051733154791 0 0 0 23 0 
4.69813017858861 1.17384000469148 7.7275811929369 0.799866441327758 -0.66615428537918 -0.840887057647364 0 0 0 247 0 
4.10895656310006 3.44850292165158 6.58135117239983 0.54349689736429 0.567750208689399 0.720096512314274 0 0 0 180 0 
4.43322982526107 2.86160831595953 6.94643782221431 0.709516416090077 -0.402742263145748 0.46045984444388 0 0 0 206 0 
4.05851213446353 3.10323572789749 5.7962285789201 0.825608009604538 0.185945409135535 0.806873469922865 0 0 0 84 1 
4.02470528337327 3.05767122791082 4.8045649674833 0.394621805955234 -0.531594912292084 -0.54967393089405 0 0 0 182 0 
5.48679330619797 3.96658863035946 7.33254888725198 0.356199521871283 -0.538100812117182 -0.369103650910572 0 0 0 177 0 
7.78545338784935 0.434465602128848 4.62799633485957 -0.908181900867904 -0.218966742705082 0.794856881061398 0 0 0 109 1 
4.68436140072285 1.98620275403733 4.08211434686978 -0.772545614234082 -0.679556946140191 0.755865310490699 0 0 0 161 1 
2.51971585689361 5.43531164451082 7.30723382191272 0.429979704063829 -0.290334882534941 -0.156626155577663 0 0 0 172 1 
0.119355923493798 6.46699942955717 6.35956070302949 0.187096851678129 -0.0737857550316313 -0.152888521212179 0 0 0 191 1 
3.22250522128488 7.47651587354126 7.81221003240381 0.265893230091777 -0.358820294747053 -0.191984997685443 0 0 0 29 1 
2.04029626690934 6.76398323709452 7.99806026146936 0.538592590493524 0.233141659792466 0.17843287581924 0 0 0 94 1 
2.17810709826696 4.59980372392851 6.4962839371724 -0.0229923501237885 -0.564299734005107 -0.500265433059114 0 0 0 47 0 
0.938563085539916 7.18392584842548 7.41386432547212 0.317040220395708 -0.451148153683894 0.279561737533723 0 0 0 60 0 
2.19104073134024 4.43060751040258 5.21372001651527 0.263645766524303 -0.21924232068553 -0.663305713106052 0 0 0 158 0 
3.43346261954321 6.03411895310094 7.70482920697753 0.352390187110229 -0.604705789064218 0.228916371926966 0 0 0 6 1 
0.248628734712687 4.90346262652918 6.00904453726403 0.267759195336621 0.10024733046637 0.17921746694743 0 0 0 64 0 
1.41390890807918 5.66541369971122 5.61329153602827 0.565279207719941 -0.0596133071634842 0.0795208240020191 0 0 0 203 1 
3.84150264597746 5.89908156557407 7.94591994943238 0.810107331855533 -0.18577988817328 -0.0395771464691159 0 0 0 256 1 
3.32109450048624 4.76361157643877 4.78743905519706 0.201506750034732 -0.624027744540088 -0.765182924628781 0 0 0 9 0 
1.91030571769152 5.11292283532036 5.44700017801543 0.672164694120822 -0.670505511762832 -0.646642844427469 0 0 0 88 0 
3.26829790090571 7.239700932557 4.43560351186405 0.340592707207551 -0.232878504817357 -0.861742606295425 0 0 0 134 0 
0.0265211076518765 7.9684685220736 7.8138431244683 -0.176677063739152 0.533462037290971 0.379560223176308 0 0 0 35 0 
2.4896690671934 5.50087266990109 5.13953902454468 0.856404933370957 -0.499937666435636 -0.38289006967538 0 0 0 95 1 
1.54641060891949 4.67074221596313 4.38484672004879 0.789029329208535 -0.130661270288348 -0.793939519996515 0 0 0 203 0 
2.67154266066925 5.2402692080552 6.07695254189059 0.869395904333518 -0.804266485138914 -0.387360532722101 0 0 0 67 1 
2.56350806829185 6.74282717459892 7.5432779931484 0.933107719163703 -0.625512344671506 0.00309128522488589 0 0 0 114 1 
1.71406438456926 5.9535813425998 5.77560861963682 0.943861741754948 0.103827238757129 0.0911149014026305 0 0 0 193 1 
0.256908936017553 6.42053767544335 7.13475889843538 0.696922066858396 -0.505675880325475 0.331054207031099 0 0 0 107 0 
2.363918497597 4.3926386684929 7.79674278831956 0.918851321256929 -0.507668666536222 0.521195913451397 0 0 0 194 0 
2.05867504297621 5.14872433985285 5.40517676664748 0.968476788784015 -0.167948261439082 -0.935344516668037 0 0 0 237 0 
1.783988229471 4.50485103330686 7.6175982438489 -0.0511436978949282 0.000346502379061642 0.579828445989207 0 0 0 131 0 
2.66215884848634 4.32809274005361 5.29599859221776 -0.05984579653669 -0.226564804281885 0.199714185158412 0 0 0 176 0 
2.11391704471701 5.45418419171779 5.95840615755932 0.0438512174797863 0.282441727979842 0.0327432969685226 0 0 0 22 1 
2.87354993378563 5.6725324373746 4.09857162184909 0.669539280984688 0.298038031241042 -0.457244884153636 0 0 0 87 1 
0.879542228513759 7.90977858833239 6.19485364289894 -0.615746983677588 -0.327872957976258 0.121060974492782 0 0 0 79 1 
0.62865432357 4.04881890578932 6.15795218681464 -0.633667548316428 -0.746512935300763 -0.595860558084669 0 0 0 87 0 
0.87818841760696 7.49034185072838 6.42362316229793 0.16987060125764 0.0707387036234557 0.423115940164138 0 0 0 138 0 
0.707345606688832 5.82815797384631 7.06429644542177 -0.128046742379369 -0.119417287582407 -0.888264539612731 0 0 0 191 0 
3.22523233102728 5.88385708942208 7.50888687215462 0.766088023644806 -0.829724493612709 -0.856508080560384 0 0 0 120 0 
2.05549889319019 7.36800764139254 7.22782671213365 0.968249920942156 -0.366570882757676 -0.876583806276168 0 0 0 125 0 
2.34185189586964 7.9680149579247 7.76370081205967 -0.0112962931521684 -0.966570360148236 -0.052592799138595 0 0 0 183 1 
1.03953533378155 7.8291354999451 7.07320135218527 0.82425252384154 0.880652535710365 0.326657239441805 0 0 0 226 0 
1.47881700013576 7.49883747348509 6.56662023015548 0.927058357152554 0.857059819534649 0.290472873582535 0 0 0 225 0 
3.61046721551067 5.62913875030867 4.37428275914054 0.436461943965048 0.509224196450619 -0.223265517204247 0 0 0 55 1 
1.12834897015537 7.3271707578672 7.28706627913978 0.616310640725383 0.9162264827048 0.127647591367128 0 0 0 216 1 
2.45057380886337 6.53405922453964 7.66546165384191 -0.432101870795473 -0.0689957696757402 0.297532975274422 0 0 0 256 0 
2.6740785825293 4.60587031782381 6.16037513237979 -0.344708672676478 -0.0638664058697281 -0.952830347687157 0 0 0 248 0 
0.574300622267636 6.97492093594555 4.91423454309502 -0.994692812695169 0.676780066853254 -0.898983246921784 0 0 0 26 0 
1.94768345044599 5.11701233462504 6.06162141972476 0.531977389317571 -0.741641976098211 0.611544387123197 0 0 0 98 0 
0.136879732058233 4.1008977839852 6.49153046691221 -0.311651447710126 -0.885650158286772 0.713680747636587 0 0 0 113 0 
1.59014194873491 5.79762545985161 6.78344255972763 0.292152996338208 -0.907312467153457 0.805960182837688 0 0 0 11 1 
2.39693553132306 5.70616661560918 5.62797206240705 0.278352537951647 0.65758332968637 -0.348001995542353 0 0 0 30 1 
1.90682540798739 4.8484820144635 7.09980953469653 0.0290589577133848 0.382034429604536 -0.0285850332359621 0 0 0 50 1 
0.723113650265898 4.6635567793919 7.54310306918212 0.373079546447564 0.225968341385136 0.00307879065586536 0 0 0 117 1 
3.78638321884368 5.49287903013476 4.55881016433357 0.806170229917406 0.642348502152483 -0.852942131119031 0 0 0 80 0 
2.60824249045364 6.33923059397832 7.74241231465368 0.936303035032403 0.845659328141308 -0.125541977524737 0 0 0 230 1 
1.76483136040263 6.18425080919695 6.95609710057642 0.161773668600188 0.97744648637121 -0.681707349958827 0 0 0 141 0 
2.01795809829404 5.52806101443268 6.45977445994978 -0.677288707264711 0.573432929602334 0.282841032853556 0 0 0 105 0 
2.77235850437102 5.86814707690268 5.85810680427974 -0.480545821116356 0.812010505493049 -0.760135228265733 0 0 0 199 0 
2.68929963719866 5.81362063219752 5.36478980260616 -0.557907168771524 -0.334741383414463 -0.15251501409956 0 0 0 246 1 
1.97139718302013 4.93051623341856 6.50769866396715 -0.823471629784276 -0.969248840470103 -0.428021524002347 0 0 0 59 0 
0.471536450368925 7.82749042537604 5.65779260569335 0.355109746454923 -0.190893541044568 0.725556614692382 0 0 0 197 1 
1.4572881425879 6.71624344991017 5.88387986526157 0.0683777244705643 0.0868745321364404 0.813134276090112 0 0 0 149 1 
2.32768272171343 7.65667566241036 4.63744681584065 -0.155165519877612 0.725476833029312 0.224103343988618 0 0 0 89 0 
1.52556497905853 6.38357891864763 5.72945878132383 0.716111784218466 0.777398494189117 0.730675627237417 0 0 0 196 1 
0.599607934124156 5.19641857395262 6.8575342033133 -0.421456576133989 0.764029898139473 -0.331604699763336 0 0 0 199 1 
1.00341350348154 4.6577803832203 6.43489584645181 0.535958107391539 0.511270027372878 -0.790364582396299 0 0 0 91 0 
3.26766181465648 6.79560217957859 7.07222550188333 -0.516595584667394 -0.621742701458672 -0.244841035579762 0 0 0 82 1 
3.14608774367387 4.40353853469144 5.21828931671968 -0.525279446880438 -0.292604390379183 -0.877265048805737 0 0 0 222 0 
3.12719011676645 6.62422046038093 7.47104317207772 -0.740914991659539 0.580301461455781 -0.359211201994449 0 0 0 55 0 
3.27987626797569 4.73231427899638 5.26935089810252 -0.372865980858879 0.445165305642599 0.912096492721608 0 0 0 120 1 
2.03646771129939 7.11849399283274 4.99793423997724 -0.247395163478615 -0.312964714797661 0.678423874284088 0 0 0 194 1 
3.06414260753365 6.10446065631774 4.74291108838372 0.897438757680975 -0.528252810263018 0.731636506313123 0 0 0 91 1 
0.0118636372433321 7.80732561472715 5.54399939185896 -0.320581168768334 -0.763762456090918 0.860285670847069 0 0 0 105 1 
1.86280344493507 4.69321909099158 4.99661003130455 -0.545514039647494 0.0138013636422558 0.678329287950325 0 0 0 195 1 
3.95484671072753 7.45539521980637 4.43294730851704 -0.03893952066232 0.782528229986169 0.42378195060836 0 0 0 93 0 
3.9049548936488 7.52282907924776 6.52750544922812 -0.471074650453656 -0.141226494339445 -0.0694638964837057 0 0 0 250 1 
3.2668716258215 7.55449211326842 5.43315167002354 -0.873794883869893 -0.710393420480827 -0.29048916642689 0 0 0 37 1 
3.42272756820188 6.40200217262878 5.25881234956224 -0.648376602271294 0.135857298044913 0.339915167825875 0 0 0 132 0 
3.56882713036831 6.51849439056622 6.10914172161792 -0.780798062116549 -0.498678972102413 0.61493869440128 0 0 0 42 0 
0.700274536780787 4.51882602806314 4.11505588693124 -0.128551818801372 0.644201859147367 0.47250399192366 0 0 0 163 0 
0.281797894003463 5.8281098458181 4.197667858887 0.341556992428819 -0.619420725298707 0.264119132777643 0 0 0 69 0 
0.925689568673021 5.01668799863616 4.10373590365502 -0.183879316523356 -0.89166514295456 0.25740970740393 0 0 0 8 0 
1.54561361254547 6.3152197462067 4.02677970512534 0.788972400896105 -0.370341446699522 0.751912836080382 0 0 0 227 1 
0.787260568126958 4.82560020699131 4.18182616483608 0.949090040580497 0.166114300499379 0.620130440345435 0 0 0 12 1 
1.71317204296571 4.17784385776289 4.16418184760061 -0.484773425502449 -0.594439724445508 0.904584417685758 0 0 0 128 1 
0.168847659998117 7.0379809741904 4.0975065365819 -0.595082310000135 0.9669986410136 0.185536181184421 0 0 0 220 0 
3.89112369229839 7.7744112207366 4.80645081753916 -0.114919736264401 0.0196008014811857 0.807603629824225 0 0 0 238 1 
4.36469682661432 6.10783087349115 7.29687565814851 -0.152521655241834 -0.0994406518934892 -0.300223167275106 0 0 0 207 1 
7.47143314786734 7.41445722947683 6.97017587930352 -0.287754775152333 -0.148967340751655 -0.180701722906892 0 0 0 233 1 
4.04153367214203 5.98182630569167 5.81051775991475 -0.247033309132712 0.177273307549405 -0.406391588577518 0 0 0 80 1 
4.84953633464373 7.30592874913724 7.9137043617048 -0.617890261811162 -0.0138622322044832 -0.256163974163943 0 0 0 143 1 
6.68808194368975 7.98659606932434 4.53910648018816 -0.557994146879303 0.463328290666024 -0.925778108557988 0 0 0 22 0 
7.93434956046829 7.30381112871045 6.85991540295614 -0.468975031395122 -0.0140134908063967 -0.617148899788847 0 0 0 142 0 
6.90879972803954 5.62746401992035 5.81152740824797 0.0291999805742527 -0.133752570005689 -0.834890899410859 0 0 0 223 0 
5.17257689844231 4.69238232160001 6.16568694315419 -0.523387364396978 -0.200544119885714 -0.73816521834613 0 0 0 144 0 
7.21778283872473 6.99333548157225 5.37465797419202 -0.59158694009109 -0.821904608459125 0.0624755695851447 0 0 0 9 1 
5.82210807592602 7.48101087025082 5.65259334017205 -0.0484208517195701 -0.358499223553513 -0.917671904273425 0 0 0 111 0 
4.63187737087602 7.20922561985912 7.1487183975474 0.00941981220543053 0.407801829989938 -0.739377257318043 0 0 0 85 0 
7.77067720699205 7.92034416016981 6.76852263002302 -0.123523056643425 0.672881725726415 0.447751616430216 0 0 0 71 0 
7.784151880305 5.08798552724925 7.10899994206688 0.663153705736072 -0.600858176625054 -0.0993571469952228 0 0 0 58 1 
7.28780054858744 6.55627840600316 6.44253547071097 -0.872299960815183 0.289734171857368 -0.789818894949217 0 0 0 28 0 
4.29227651124268 7.6996617639816 5.82783341700861 0.0565911793744773 -0.628595588287029 0.237702386929186 0 0 0 36 0 
5.51374558427859 7.89569646039934 6.32857323297767 0.358124684591328 -0.971735967114333 -0.940816197644452 0 0 0 181 0 
4.71299105828249 7.83345574831777 7.21973929385398 0.0866422184487494 0.880961124879841 -0.448590050439001 0 0 0 164 0 
7.69684171624478 7.72165560727311 7.52737385719302 -0.914511305982516 0.230118257662365 0.501955275513787 0 0 0 193 0 
5.12722383056574 4.34199272641656 7.44257486228612 0.259087416468981 -0.58271480525596 0.56732677587758 0 0 0 14 0 
4.94262196815116 5.13039193090878 7.7842843385222 -0.325527002274917 -0.0978291477922298 0.806020309894443 0 0 0 251 0 
6.12721364025355 7.64061136608788 7.07166007821426 -0.66948473998189 0.938615097577706 -0.316309994413266 0 0 0 133 1 
6.4357059542077 7.28743443104669 5.02040545344258 -0.933163860413736 0.841959602217621 -0.677113896182673 0 0 0 148 0 
4.90788229303226 6.55900810804922 7.84191932187623 -0.328008407640553 0.789929150574944 0.738708522991159 0 0 0 227 0 
6.88103966443645 5.72538828096046 4.72222601880413 0.812931404602604 -0.269615122788538 -0.41269814151399 0 0 0 217 1 
6.78124251872679 7.20345736985181 6.02383706253822 0.805803037051914 -0.378324473582013 0.251702647324159 0 0 0 109 0 
5.8650795734636 5.52002647558552 6.90879235586927 -0.902494316181171 0.501430462541823 0.886342311133519 0 0 0 23 1 
7.12147188537046 5.73751659064892 5.03191942506752 0.830105134669319 -0.983034529239363 0.323708530361966 0 0 0 77 0 
7.72340999658413 5.92793641260972 5.04253907460446 -0.841185000243991 0.387709743757837 0.324467076757462 0 0 0 4 0 
5.02795344502552 5.97842215312318 6.146575051404 0.394853817501823 0.677030153794513 -0.882387496328286 0 0 0 45 0 
6.04629418748753 6.75341823772071 4.94026227964709 -0.318121843750891 0.946672731265765 -0.897124122882351 0 0 0 218 0 
6.52733095269597 5.94054135844947 7.47332232262629 -0.783762074807431 0.888610097032105 0.212380165901878 0 0 0 138 1 
7.61797632791757 6.36428147170287 7.71795369920077 -0.848715976577317 0.847448676550205 0.444139549942912 0 0 0 152 0 
7.63648382346512 5.99929831642236 4.32096214767049 0.86689170167608 0.892807022601597 -0.655645560880679 0 0 0 233 0 
5.9772132456485 4.8257803487164 4.35125300924742 0.891229517546321 -0.619587117948829 -0.796339070768041 0 0 0 75 0 
5.83082316376663 5.68484022870315 5.43462215013891 -0.976369774016669 -0.486797126521203 0.566758725009922 0 0 0 48 0 
5.61316155759269 6.99188766554109 4.91458866294634 -0.491917031600523 0.749420547538649 0.386756333067595 0 0 0 16 0 
7.35607273453729 4.62021170847208 6.24826399145986 0.275433766752664 0.365729407748005 0.0534474279614185 0 0 0 20 1 
5.50344639420756 4.85325524868127 5.38464113933872 0.143103313871968 0.739518232048662 -0.151097061475806 0 0 0 184 1 
5.2029081575338 5.71381270688812 6.07096674915545 -0.3783637030333 0.943843764777723 -0.530645232203182 0 0 0 238 0 
6.10507905803191 4.66090269639823 6.22620697542432 0.82893421843085 0.654350192599873 0.194729069673166 0 0 0 242 0 
7.32116121948723 5.453068868589 6.22708499757316 0.844368658534802 0.925219204899214 0.909077499826654 0 0 0 237 1 
5.17158030842787 6.21556321467538 5.37043492817269 0.690827164887705 0.0511116581910986 -0.580683219416236 0 0 0 229 0 
5.69383982227477 7.68683496339507 7.60638776466515 0.942417130162484 0.370488211671076 -0.349543731095347 0 0 0 124 0 
5.18069445836213 6.80680584107916 7.19354519230924 0.977192461311581 0.379057560077083 -0.664746771977911 0 0 0 72 0 
4.51094854436676 5.72188811313189 7.42441576251632 0.357924896026197 0.0872777223665637 -0.719684588391692 0 0 0 145 0 
5.46129438785357 7.05261378645431 7.44738980388597 0.925806741989541 -0.674813300967549 0.853384985991855 0 0 0 68 1 
4.35877646486551 4.71897795974766 7.37764039405078 0.275626890347536 0.301355568553404 -0.937311400424944 0 0 0 1 1 
4.84652047813828 5.24023563866776 7.94828678959987 0.739037177009877 0.552873974190554 0.960591913542848 0 0 0 90 1 
6.14839032048973 7.52955377756376 4.68990761343166 -0.382257834250733 -0.426460444459732 0.656421972387975 0 0 0 73 1 
5.26745364189378 5.86083675429489 4.59510829244307 -0.873753311293301 0.382916911021063 0.578222020888791 0 0 0 50 0 
4.6304293906075 4.95748575702048 5.01814128909173 0.152173527900536 0.246963268358606 0.822724377792266 0 0 0 39 1 
6.44384805894828 4.04893245286251 6.67108943989354 -0.0754394243608369 0.824923746633036 -0.48777932572189 0 0 0 240 0 
6.58778793591616 4.34174137893269 6.72139938947747 0.0776991382797252 0.988695812780906 -0.62704290075161 0 0 0 202 0 
7.96976142707897 4.62576492779307 4.96336072033521 -0.752159898065787 0.72326892341379 0.0330971943096579 0 0 0 135 1 
6.16965554860661 4.28922502561543 6.85198451640933 -0.2378817465281 0.984944644686816 0.882284608314952 0 0 0 219 1 
4.71326197750226 5.63768120730516 6.20719926559265 0.872375855535876 -0.204451342335345 0.12194280468519 0 0 0 208 1 
4.32103637189609 5.9230712274534 4.39026136711273 0.844359740849721 0.0302193733895288 -0.650695616634805 0 0 0 232 0 
4.48355391675397 6.52181129717031 5.20425977861588 0.927396708339569 0.644415092655022 -0.449695730098866 0 0 0 76 1 
4.12127273370522 5.4120599662288 4.03426396278948 0.258662338121801 0.708004283302057 -0.818981145515037 0 0 0 129 0 
4.0059961088274 7.99109425660302 4.28506051640847 0.6789997220591 -0.607778981671213 0.198932894029176 0 0 0 82 0 
7.2954304504699 4.63369262275828 4.36527535110317 0.699673603604993 -0.419021955517266 0.561805382221655 0 0 0 183 0 
