512
1.65097147549806 1.80332406206895 2.55536502701625 -0.0771844113183578 0.0275749147335409 0.277760457001477 0 0 0 7 0 
1.83198566838797 3.84154696740828 0.151945920923271 0.393816878944361 0.121958815218934 -0.0316412799160662 0 0 0 11 0 
1.01483344105625 3.52299874997653 1.7029219251982 0.410439403732386 0.0929998863615029 0.200265629563472 0 0 0 12 0 
2.00260241389534 0.785452593137139 0.699616455719746 0.0456911285359398 -0.246777036987533 -0.254580322207296 0 0 0 62 0 
1.0859299931849 2.58622045062104 2.69754391116026 -0.128551818801372 0.644201859147367 0.47250399192366 0 0 0 163 0 
1.08172475213783 2.92116289664672 2.96280479095577 0.507429522921621 0.311014808786066 0.769345890086888 0 0 0 81 1 
1.29088706971212 2.05349229753057 1.24746381136054 0.162807915428374 -0.222409791133585 -0.113866926239951 0 0 0 161 0 
0.815493321718667 0.565314184191293 0.490685389885566 0.301408483792606 0.460483107653754 0.54460776271687 0 0 0 147 1 
2.08498766062056 3.43514830692479 0.588161584083046 -0.128637485398131 0.630468027902254 -0.44653076508336 0 0 0 32 1 
3.8609234425475 1.54293599770494 1.00577676082283 0.214629403867955 0.185721454336813 0.682343341892985 0 0 0 34 1 
1.58168810564991 2.54539950049089 3.37560816915151 0.825608009604538 0.185945409135535 0.806873469922865 0 0 0 84 1 
0.424673436558132 1.06475909871527 3.50699099729197 0.720424857868921 0.687705372610479 0.818817363390179 0 0 0 220 1 
0.363386046718134 0.525204037825985 3.07947849536766 0.260307822428921 -0.543163269288547 0.779952590487969 0 0 0 155 1 
0.728252463411501 3.24936531351192 1.34010945719357 0.202568405764682 0.159033210319265 0.803646314290325 0 0 0 54 1 
1.95361544327332 1.18342580690048 1.97935778672539 -0.231489505156971 -0.119688563009048 0.952668889702308 0 0 0 121 1 
0.857971680040698 3.88107233200012 1.70515197957266 0.850724698185518 0.12555203018183 -0.0722589109479397 0 0 0 108 0 
0.98862821111709 0.14425447933121 3.20666052114816 -0.137397435352992 -0.668704138242617 0.246060047377106 0 0 0 143 0 
1.90349823269511 1.08075300637777 2.85986268250693 -0.145136524300444 0.870977546034343 0.85089660750063 0 0 0 176 1 
0.846734508064929 2.06913422295908 0.562559651430343 -0.695751408357734 -0.130078707003719 0.369323604675486 0 0 0 128 0 
0.713819413771582 0.654685485937286 3.36654257980867 0.564892673979235 -0.804119501278428 0.0787765981644244 0 0 0 234 0 
0.759433361228493 2.10659301620759 1.26284565740509 -0.703687876251955 -0.399400634890219 -0.476104940235901 0 0 0 236 1 
0.640092619584818 0.161156260581916 2.37749822433821 -0.89635521640138 0.969196023689265 0.716136202212565 0 0 0 214 1 
3.80776749327253 1.53732282159009 0.831987265678282 0.118887953933866 0.912483892871826 -0.878910248574702 0 0 0 159 1 
2.62396682285165 1.71273855728943 2.65763125074181 -0.625093925195304 0.65570350520813 0.105239204612892 0 0 0 215 0 
1.9126638020115 0.607331670524293 0.300584448104931 -0.871576017998955 0.918848333684027 -0.0181286865359154 0 0 0 201 0 
2.99317984037045 1.56989274429455 1.36029418706817 0.22665271276095 -0.811827932336859 0.896390380642561 0 0 0 181 1 
0.503510414453369 2.77861964762859 2.6737762815447 -0.454226325958785 0.570783604329872 -0.620565792586845 0 0 0 110 1 
3.14763712806636 3.71591599859457 2.03667755094247 -0.304760261084876 0.655992363508597 -0.67848385900523 0 0 0 111 1 
2.48929237776932 2.04404104939007 2.94327998034942 -0.910064329293698 0.0494582772172791 0.0402981800317657 0 0 0 40 0 
2.96824550974728 0.801894383776415 2.7187831612986 -0.593795862750247 -0.972555056020326 0.292616651027146 0 0 0 195 0 
3.91305307701735 1.27911767628839 0.990223121487303 -0.0533588111802408 0.97991978875349 -0.955434261682972 0 0 0 201 1 
1.84469362373352 3.39306359066821 3.06375717607253 0.940426693066684 0.899369417333474 -0.494203893084315 0 0 0 252 1 
1.00919524375724 2.61163099542611 3.22226433346305 0.955381385796113 0.737420999584192 -0.388885060594268 0 0 0 247 1 
1.31887799410438 1.15852150378204 3.20195226552265 -0.0164656368996022 -0.667407136019815 -0.663458884952487 0 0 0 158 1 
1.48635148707517 1.1667802278056 3.55962126473854 -0.455786228447712 -0.575747252017672 -0.267307157751042 0 0 0 239 1 
1.74322579441215 1.93673598038725 2.66232853772112 0.749384163128378 -0.596660365419341 -0.985242860207171 0 0 0 239 0 
3.87292616574631 0.73240940836473 2.42835164367293 -0.0570067122048807 -0.251599144694115 -0.824695305120643 0 0 0 77 1 
2.88210537592961 3.5643114886538 2.96407851951059 0.671100488720873 -0.357789864667836 -0.685083770953582 0 0 0 221 1 
1.42852829509769 2.6194631444596 2.90093373727356 -0.279224700445664 -0.716412441412764 -0.690824205702404 0 0 0 213 1 
3.4056225273066 3.74309801644371 2.68162378276615 0.900511138846054 -0.159718362141481 -0.983488747021259 0 0 0 231 0 
3.70953290415181 0.890423626329476 0.201952197068946 -0.980951554168017 -0.32814330669732 0.154722927006268 0 0 0 146 0 
3.94889924114933 1.30407430109899 2.55682714292369 -0.868281887168243 0.618552209190817 0.0960751948112444 0 0 0 151 0 
3.34759997411811 2.73802375181833 0.245972870742742 -0.741127275080172 -0.43290693165288 -0.0230933753870235 0 0 0 205 0 
3.8645504442759 3.7693189744771 2.93257973094453 -0.875949959611281 -0.0664255477748089 -0.869765479005043 0 0 0 179 0 
2.50462463716278 3.74530288160642 1.59957112002596 0.72769314883298 -0.341336101672144 0.645415556365996 0 0 0 222 1 
1.66189518357124 3.83167143975156 0.496572343883662 0.287445016688295 -0.878938960022586 0.636052031262151 0 0 0 42 1 
2.58173765996237 3.89883518787316 3.22221094039327 -0.265296576367058 -0.600105892011531 -0.752526278146067 0 0 0 198 1 
3.60025815983329 3.38306026322196 0.255152962001971 -0.809067440015156 -0.646994521525277 -0.0222588216361844 0 0 0 136 0 
3.33597347195781 3.83500279440981 0.81249344464478 -0.742184229822017 -0.696817927780926 -0.789773323214111 0 0 0 225 1 
0.2400863528297 3.82443874750401 3.95862889684147 0.976371486620882 0.66585806795491 -0.0492155548325938 0 0 0 78 1 
0.80360137161493 3.18468691468158 3.92232365544713 0.573054670146812 -0.755937553210766 -0.143425122232079 0 0 0 210 1 
6.7720517325135 0.415587846907381 0.333095972971563 -0.247995297044227 -0.0985829230084199 0.257554179361051 0 0 0 103 0 
4.70277123340531 0.679171183411357 0.504429468714388 -0.0724753424176992 -0.0746208015080584 -0.272324593753237 0 0 0 118 0 
4.01042938089222 1.8730223725923 0.496595021551289 -0.862688238100708 0.306638397508391 -0.363945907131701 0 0 0 7 1 
6.80683436664214 0.282782186941016 0.131867022822337 -0.33574233030526 -0.110656164823544 0.421078820256576 0 0 0 70 1 
5.82499981855752 2.88992948223428 3.52529108170783 0.211363619868866 0.217266316566753 0.456844643791621 0 0 0 20 0 
7.48003127720049 0.293082514889633 2.89486603144263 -0.547269883890865 -0.291537953191851 0.672260548312966 0 0 0 15 1 
4.75633617755897 2.41511362902433 3.79117648308479 -0.885787620221911 0.0831921480931206 0.935561498462253 0 0 0 38 1 
7.10673186401329 2.07500501509716 0.905400203650859 -0.0357516487260645 -0.129544998627531 -0.417690890577195 0 0 0 96 1 
4.39847421055233 3.39681836206859 2.53306141993769 -0.372865980858879 0.445165305642599 0.912096492721608 0 0 0 120 1 
6.63232199449888 0.0131489950534658 0.639263275277523 -0.806152545954648 -0.31698645499514 -0.0782487931565888 0 0 0 29 0 
7.76972789511129 1.59726217193067 1.82271346611548 -0.611842918626247 0.463387470175516 0.574792133283226 0 0 0 14 1 
6.15948437306848 0.540503274724246 3.03017487548236 -0.940046875175593 0.185500297702204 0.775470443225669 0 0 0 21 1 
6.47104974948808 2.70336667670485 1.27676306506929 -0.820813659137447 0.92757878879135 -0.0202942668118828 0 0 0 157 0 
6.05393948076681 0.275263541534972 0.675208771915479 -0.949641865384835 0.706842140139543 0.288655342901407 0 0 0 173 0 
5.72206298102528 0.62092684877233 0.751120905528428 -0.888903365361338 -0.261733922838879 -0.522625372224689 0 0 0 45 1 
4.36487009396042 2.68367048777072 1.79254169894238 -0.285011809639962 0.925788226160974 -0.337041663732511 0 0 0 224 1 
7.5573112252478 0.275590936439925 3.25985569309124 0.187028293204346 -0.565855369414552 -0.11274039153716 0 0 0 202 1 
6.16285516671515 1.83529865692996 2.35330971310375 -0.212467712116804 -0.333154667551822 0.986664519373068 0 0 0 248 1 
5.51572274451605 3.01455373822631 2.51626968619255 0.274156613137822 0.592232158020574 0.274206335108414 0 0 0 15 0 
7.89061619905093 1.2876075865442 0.787034739883644 0.671874199913721 -0.110217492132346 -0.246633205465123 0 0 0 57 0 
6.6476813525583 0.658789479458253 2.13473861177155 0.467971032050754 -0.167382774594704 -0.215023762566223 0 0 0 10 1 
4.17884153390981 0.123163078341362 2.97673549563308 -0.120105315099108 0.783923916212851 0.588794135966643 0 0 0 254 0 
5.8538798470267 1.05575933422953 3.05108802729778 0.0321708951842454 0.959614484929957 0.777371638845253 0 0 0 218 1 
5.87802395116734 0.722138621347924 3.2111934372672 -0.874725095348423 0.838376238304357 -0.0262551420666183 0 0 0 189 0 
5.53291040626355 3.00793030663381 0.808385320416725 0.275719127842141 0.318902755148528 0.846216847310612 0 0 0 51 1 
6.38861313337063 1.80796351143572 0.927524670079948 -0.646489715148125 0.391633046494156 0.857047697279995 0 0 0 59 1 
5.94060128622509 1.05822397473272 0.366371282086047 -0.323581701252265 -0.494706911387935 -0.648511701628541 0 0 0 251 1 
6.83334641825221 2.50505273453819 0.0541241076809506 0.575758765295656 0.0913684304125628 -0.404170535665368 0 0 0 5 1 
7.99675661411644 1.13470779597014 3.11040959076183 0.863341510374222 -0.578662927639078 0.873673599160166 0 0 0 174 1 
5.75113250107276 1.18591678410678 3.86656825423589 0.204648409188433 -0.574007565081202 0.487869841294172 0 0 0 160 0 
5.17856631060081 0.132025140479387 2.42939814704646 0.152596937327346 0.87563864913449 0.0844907406405877 0 0 0 156 0 
4.91252290690331 1.1059621858392 0.667922371545937 0.219320264263938 0.3278147441672 -0.802916148041278 0 0 0 43 1 
7.63875248689113 2.03998836886084 0.164968239832257 -0.0782952284644429 0.321817124441894 -0.939548341833431 0 0 0 88 1 
5.8042384029427 2.52663042974758 2.50765309095998 -0.517796508823392 0.184239129977053 -0.362940628094547 0 0 0 97 1 
5.78912297623787 1.53277570658965 0.0656156953743841 -0.42826154761474 0.275706882417241 -0.857671300420511 0 0 0 102 1 
5.54967934427947 1.35844815772666 1.05750010451156 0.459061758570861 0.714404377975151 0.0506818276828687 0 0 0 137 0 
7.01342322948149 2.62921493274818 1.5243699885845 0.86485665722559 -0.351889551568347 -0.452330001037772 0 0 0 171 1 
6.66244894252739 2.24769659668269 0.733488780190072 -0.0761410052247832 0.431608781516608 -0.887864656346357 0 0 0 92 1 
7.14533698017423 2.77373280846988 2.10738418205683 -0.395878456347798 -0.156933381048193 -0.490237801631198 0 0 0 241 1 
7.37993442808201 1.70386606683879 0.88697232967509 -0.738187779265272 0.109442369712617 -0.783002515484083 0 0 0 33 1 
4.71228145849469 2.11259564594881 2.71114672850026 -0.253428958318665 0.964781422358983 -0.344441206499976 0 0 0 240 1 
4.40498850815085 3.7833780658348 1.61284203356365 -0.73591013562265 -0.0651474485604725 -0.626105269676032 0 0 0 180 1 
5.8552989848072 1.35838262686595 3.44763168889832 0.850481725891564 0.623489329715086 0.631602880808938 0 0 0 184 0 
5.62170405511601 0.123132782263064 2.42060828478535 0.647427641374182 0.511193889296642 0.810964389525941 0 0 0 166 1 
4.83842103634854 1.63126069271181 0.263900369774927 0.30349282148623 0.921023699337437 0.705809124524993 0 0 0 190 1 
4.36377944183167 1.68083144326605 2.67008807304531 0.0785254038028789 -0.983560777884905 0.833644370276847 0 0 0 48 1 
5.85790284701907 2.2551470556809 2.41231035245798 0.850718440638097 0.705013368698264 -0.64433542250382 0 0 0 168 1 
6.97267179916111 1.63008477573306 2.92541869847687 -0.229757109167171 -0.0790832022060853 -0.415871027411194 0 0 0 123 1 
5.90467063631962 1.77318075264338 2.71846107471115 -0.508666305789126 -0.156983567941511 -0.525594447753532 0 0 0 125 1 
5.38023825288765 0.977273202563391 1.9326948318851 0.170930750262514 -0.0475206179487826 -0.778845924374082 0 0 0 24 1 
4.08175537947556 2.43931606253506 1.89763586026529 -0.492567692774949 0.721756005685005 -0.782033103612246 0 0 0 215 1 
4.15075034434547 0.0118172693648986 2.53912596178212 -0.759022695968594 -0.5898347936941 -0.541897639837989 0 0 0 188 1 
5.49000090954694 1.09136583024409 2.24342569167537 0.908181900867904 -0.218966742705082 0.794856881061398 0 0 0 109 1 
5.46055293990971 0.051795264721453 1.17806328078311 0.814595721809974 0.322890478611041 0.788914843707555 0 0 0 64 1 
5.7235856648074 0.535976823401198 1.72508795815742 0.929416878618855 -0.724002106963527 0.56591708710522 0 0 0 205 1 
4.46455126060656 1.03780565617802 2.32998034443299 0.360413750964233 0.776164150561638 -0.833638150506091 0 0 0 141 1 
4.87632356433028 2.37381083392551 1.9238466858282 -0.874879675969974 -0.920562651461317 -0.0523775740156186 0 0 0 46 0 
7.48067552678891 3.33325767509617 3.06623545482628 -0.729029497564644 -0.378794756809439 0.960566859529662 0 0 0 189 1 
7.21049674383848 3.17077885577569 0.969803230554272 -0.208136659651047 -0.75720192220221 0.860891202777661 0 0 0 243 1 
6.4098489704674 2.6318243585761 2.76578213448373 -0.644559184502963 -0.897106876493082 -0.612201624137843 0 0 0 47 1 
5.27307865628389 0.879885723314906 2.66749322005677 0.161188968753081 0.670898702119537 -0.984773343631202 0 0 0 172 0 
5.10219550657811 2.99295513826299 3.08729098832022 0.327472318779829 -0.955185896521546 -0.673882637425435 0 0 0 26 1 
4.1502001098643 0.80338034448656 0.610093246742653 0.877290919078573 -0.336056332319404 0.191826658794787 0 0 0 210 0 
4.14943879917717 1.88487087747676 2.69418882563967 0.786312618107015 0.489533716134251 0.744926256876334 0 0 0 93 1 
4.78805524388282 2.67741125389136 3.4998524980932 0.844368658534802 0.925219204899214 0.909077499826654 0 0 0 237 1 
4.32424703799073 0.0334862281387711 1.54886214896496 0.620386094362794 0.412135111648979 -0.541012531912276 0 0 0 179 1 
4.83467686559422 1.70939496661948 3.17240035014445 0.848606987781292 -0.890055003034593 0.788400031831314 0 0 0 209 1 
5.66586299957418 3.44739445703386 3.39357466247598 -0.0758306364023476 -0.91387323117874 -0.00967503068400177 0 0 0 123 0 
7.85815063464281 3.82737955483275 0.319883124303866 0.305286421331164 -0.970238222287932 -0.470919715972376 0 0 0 85 1 
7.03955570082579 3.55141053520664 3.87309498702061 0.776323245529618 -0.722599042253941 0.579372271547328 0 0 0 162 0 
4.22146753691842 3.96700155306763 1.46220822924504 0.156497048810765 -0.13936349517567 0.360200748113186 0 0 0 167 0 
7.03784216730104 0.347023654938607 3.59194173396101 -0.22383253024536 0.0770021504489643 -0.446187115094453 0 0 0 115 1 
6.38553378280511 2.0874040451334 3.17654010627193 -0.0104060197449899 0.598854913193946 -0.847587263066189 0 0 0 243 0 
7.46170976694894 0.636844589767175 3.63515246099351 0.269246342449904 0.557894962706107 -0.442258867182408 0 0 0 245 1 
6.64148922211043 0.308219635829107 3.89230838748868 0.0128626565554935 -0.653798214924627 -0.600699237501029 0 0 0 223 1 
5.44224064697258 3.92583970311205 3.95544595375873 0.449294604270235 0.220530882101095 -0.95859582238557 0 0 0 21 0 
5.11401457253608 0.768217527471912 3.8640858567143 -0.0350895843149014 -0.975616588411645 -0.33053764938961 0 0 0 242 1 
1.73141941458603 6.06903513484323 2.39509680781889 0.202856310416912 -0.311905896832434 -0.00953665383464652 0 0 0 169 0 
0.237635150956325 5.43762598607655 0.584882978668799 0.430694104632393 -0.369306728538495 -0.265010638302836 0 0 0 249 0 
0.593792788995844 7.59982895149025 3.48112276161621 -0.355109746454923 0.190893541044568 0.725556614692382 0 0 0 197 1 
1.25215496917621 6.45561985350085 3.44447703699124 0.0683777244705643 0.0868745321364404 0.813134276090112 0 0 0 149 1 
2.18916022976838 5.24673202877003 0.4693449287652 0.244469111797126 -0.932115270111815 0.360849538978654 0 0 0 49 0 
2.33590108811313 7.38283378081031 0.906995475162803 0.712354644373921 0.443893980073664 0.400635952287528 0 0 0 122 0 
1.31987326020125 7.01346855095477 1.05389344413746 0.438170296381932 0.41031532281407 0.595808494921587 0 0 0 28 1 
3.27415624317746 7.82189267405886 1.96758813457731 0.888559658470678 0.483808424914442 -0.230219260492972 0 0 0 75 1 
2.70876862745744 5.60774273538543 3.4414949956823 0.291706238859767 -0.990205205874051 0.085590454152936 0 0 0 33 0 
0.742873083282993 7.68637202171422 3.40531046055407 -0.341556992428819 -0.619420725298707 0.264119132777643 0 0 0 69 0 
1.63296898014026 5.38183968539952 0.503123674183062 0.830269907285479 -0.82892366496368 -0.363352393256085 0 0 0 72 1 
0.91035679105293 5.00285343761376 0.22392106093036 -0.417240291722461 -0.77246786930784 0.611265550993669 0 0 0 106 1 
1.26723096081513 6.81859849901209 0.874505552574005 0.978839178255921 -0.0619455909989007 -0.238681313402363 0 0 0 255 0 
2.35258342555043 6.07080359775784 0.13995881286557 -0.104310597677234 -0.22083603656747 0.785450801169597 0 0 0 192 1 
2.33511603137537 7.79918515923961 0.0148559230522469 0.166828730125033 -0.700074076432763 0.774077811186568 0 0 0 49 1 
1.47732751824309 7.69168342749984 3.33150678144323 -0.183879316523356 -0.89166514295456 0.25740970740393 0 0 0 8 0 
1.63160230758707 6.32666433415822 3.42160413424229 0.10287293705337 0.529696757650747 0.174691284931117 0 0 0 17 0 
1.80626425379324 5.75320489008881 0.921655633380109 0.755114932163022 0.386654990008074 0.76560505758001 0 0 0 119 1 
0.786494632696086 6.74942771464205 2.61873078304815 0.935135875699644 0.568129792240187 0.192611889368014 0 0 0 67 0 
2.38159389003785 5.37768654052334 1.36665135154456 -0.374400555451104 -0.10202849631606 -0.103031695314131 0 0 0 235 0 
2.77865320173524 7.94261186277427 2.96266261712497 -0.247395163478615 0.312964714797661 0.678423874284088 0 0 0 194 1 
1.5959627820012 5.39988779060108 3.26624564590349 -0.53673065618171 -0.736373837218083 0.251476876900317 0 0 0 76 0 
0.371826334490725 7.6892190871068 2.54800156944435 0.897438757680975 -0.528252810263018 0.731636506313123 0 0 0 91 1 
0.821303590142843 7.42624408630526 1.7710411968842 -0.788972400896105 -0.370341446699522 0.751912836080382 0 0 0 227 1 
0.51255231361855 5.50032625897219 0.295192101459278 -0.81704069876195 -0.636333976457074 -0.654982536230975 0 0 0 127 1 
1.95034875124343 4.09289559193379 2.93560769829197 -0.0499682953415065 -0.582464037096928 -0.233126572882548 0 0 0 151 1 
0.664966713736397 6.14076170626336 0.0820011956096339 0.287724246703309 0.694614700569396 0.234727381419058 0 0 0 39 0 
1.9689969426501 6.18556879838334 3.68826183432094 0.6789997220591 0.607778981671213 0.198932894029176 0 0 0 82 0 
1.74521127342763 5.67464810057131 0.438937735011413 -0.61407170241567 0.106786190961028 0.539903430455583 0 0 0 212 1 
0.755282730727054 5.80525975967929 2.6769372870437 -0.885883388115722 -0.972249112756428 -0.165732973905118 0 0 0 66 1 
1.93429496520969 7.83438452458162 0.0629865865082202 -0.596882275890029 -0.242328679583489 -0.585183037590162 0 0 0 232 1 
2.18720676228203 6.16570109696055 2.75235709314703 0.0624733420256394 -0.0303908093672229 -0.340694809713907 0 0 0 170 1 
3.58669980359434 6.86054037707008 2.72752246814337 0.18969998214494 0.305503670642734 -0.342952502896057 0 0 0 46 1 
0.16745287406023 5.80780480304015 2.48900022229027 0.151586624914566 0.664345891185468 -0.0919090707008845 0 0 0 54 0 
2.19298351117962 5.27449547779305 0.645648680390723 0.517543955561784 0.615863225253914 0.376877152762793 0 0 0 56 0 
0.973607143548333 5.9013870170001 2.96314237931776 -0.320581168768334 0.763762456090918 0.860285670847069 0 0 0 105 1 
2.79317928134626 5.48024516332243 3.96513678387479 -0.155165519877612 0.725476833029312 0.224103343988618 0 0 0 89 0 
3.3869545104921 4.40550470292972 1.04206352140227 -0.192095044500718 0.173227700266338 -0.587085134417976 0 0 0 122 1 
1.75784096226096 5.44781735590514 1.6750005302782 -0.158378094339912 -0.00474387673589671 -0.802272679065619 0 0 0 152 1 
1.37642372124521 5.46366817868302 2.12905741436576 0.443311247385928 -0.821484711028816 -0.851903871421295 0 0 0 8 1 
1.62191436860168 6.16176074505422 2.35509606121089 0.829264942600152 0.423796431368565 -0.649536721708101 0 0 0 104 1 
1.41217773979938 7.74517207610831 3.17833775471599 -0.644347478200056 0.476833825100756 -0.301969295025819 0 0 0 108 1 
2.41950545170926 4.80384633448383 1.14831145438706 0.265409586519023 0.663986030407621 -0.0319716859648126 0 0 0 25 0 
0.699333913258846 4.29734033895448 2.87854494319867 -0.34551509879465 0.163394576268589 0.216231358472606 0 0 0 73 0 
2.06000955361453 4.32725730549317 2.32143484379978 -0.949090040580497 0.166114300499379 0.620130440345435 0 0 0 12 1 
3.49501826254648 4.39867422401184 1.17753823193808 -0.182271067041229 0.354424929455622 -0.483860160732901 0 0 0 98 1 
0.613977928785565 4.55708432574161 2.71093381838249 0.919452538980506 0.459734938703783 -0.617187834692501 0 0 0 99 1 
2.6091306864816 6.98606969854937 0.0748998249541399 -0.990079028501673 0.0441881544135785 0.143172711359467 0 0 0 155 0 
3.30142008123348 5.97468515862688 3.47544500117977 -0.381689083524229 -0.865937712852102 0.361404091016343 0 0 0 68 0 
3.16749231947306 5.96116303109942 1.45042859454334 -0.484773425502449 -0.594439724445508 0.904584417685758 0 0 0 128 1 
3.92759311307446 7.37016895121687 0.431957064749621 -0.0520369897205044 0.624560813746988 -0.18800390320458 0 0 0 97 0 
3.07122489673806 6.60469218441263 0.448432660519957 -0.857161373023812 -0.445027983235216 0.904402969138178 0 0 0 164 1 
2.48333012031898 4.8655267894489 2.7556818854174 0.180302738210817 0.669593344495355 -0.704028919507509 0 0 0 25 1 
2.0009984222103 5.48565520135055 3.40674738035208 0.136454402019118 0.271423200122777 -0.372113874513447 0 0 0 57 1 
3.45881369789615 7.34723288066277 2.85931576139757 -0.18556239110035 0.440657534605706 -0.785516748963857 0 0 0 74 1 
1.29079633588432 5.81194752778768 3.12619420466168 -0.928109424010517 0.39199522979888 -0.579436890485302 0 0 0 101 1 
3.79582805865752 4.19255764090027 1.65682456459179 0.117802550787048 0.972050694627297 -0.258470494128019 0 0 0 139 1 
0.622770373596873 4.05138343608028 3.53743189961158 -0.716111784218466 0.777398494189117 0.730675627237417 0 0 0 196 1 
1.95409458999852 4.1369850511496 3.54089799302863 -0.595082310000135 0.9669986410136 0.185536181184421 0 0 0 220 0 
3.49934556387756 4.65181500006481 2.96162216745358 -0.545514039647494 0.0138013636422558 0.678329287950325 0 0 0 195 1 
3.75751426649386 4.84380682479299 0.289478388908972 -0.431135066682377 0.213073347708453 -0.655501964644639 0 0 0 124 1 
3.26858506961615 4.25317782859506 1.813325943361 -0.839219539125804 -0.113347470127722 -0.880606732421727 0 0 0 136 1 
3.5805449005075 6.983613164416 2.38676898096624 -0.9926777363175 0.589419378583272 -0.737566456275796 0 0 0 18 1 
3.81863871098008 4.43645801820014 0.709899929082035 -0.789214662638175 0.357859819836376 0.473627266280185 0 0 0 4 1 
2.1728113368835 4.15400475484312 3.46531219524626 -0.575198969374227 0.96854588680392 -0.912244345886703 0 0 0 236 0 
0.0270783650400412 7.67926461906765 3.81362965690597 0.502461669549095 -0.165521398266577 -0.244215485735821 0 0 0 234 1 
0.74509271152701 6.22615718209239 3.64299260338413 0.385917519229728 -0.933985710718873 -0.44154612696508 0 0 0 52 1 
2.64747890396993 7.32339337858408 3.46971888010876 0.922498082179084 -0.743327874674175 -0.82093464726284 0 0 0 116 0 
0.969670506576458 5.72053289666479 3.81471867425537 0.769970046052405 -0.525406100303201 -0.880480120522239 0 0 0 228 0 
0.911424501628477 5.46434063692245 3.81964286840316 -0.235325045306502 0.360394603356587 -0.970941557417895 0 0 0 24 0 
3.02537782339713 6.29731759706137 3.70893560898371 -0.497692925145716 0.527028872460124 -0.526460399183299 0 0 0 100 1 
7.72361086010095 6.75881039375 0.395223927324884 -0.0705808308999134 -0.431017236931818 -0.282252370243192 0 0 0 244 0 
4.1512700949583 7.67378001698902 2.93392211437584 -0.5771572640947 -0.438747271182816 0.0394474649432583 0 0 0 110 0 
4.48249669114327 7.10620050572782 0.504139406197979 -0.819773028077885 -0.581254499479289 0.182194491472544 0 0 0 27 0 
7.29516382324193 7.19106488905705 2.72064169626773 -0.382257834250733 0.426460444459732 0.656421972387975 0 0 0 73 1 
4.23588290109159 7.71560881629305 2.38363992806648 -0.114919736264401 0.0196008014811857 0.807603629824225 0 0 0 238 1 
6.18041155385069 4.96380669635048 0.397065032148985 -0.847235313286301 -0.412381209422684 -0.463903178895547 0 0 0 153 1 
7.0019982434251 4.0248735924579 1.81451841539769 -0.772545614234082 -0.679556946140191 0.755865310490699 0 0 0 161 1 
7.05656068452933 4.78782292539348 1.28142170752527 -0.22213084686097 -0.246561552236957 0.798311064320479 0 0 0 255 1 
6.89157795137739 4.49365278657619 3.27999720051318 -0.146220186238419 0.0903320715069265 0.16181792731938 0 0 0 96 0 
6.02657639094758 6.71681113124182 0.489489811509889 -0.497583964459311 -0.889380806250743 -0.364591835317283 0 0 0 65 1 
7.43463508745218 6.90847380057029 0.994786415482837 -0.369578628413438 -0.962866018129974 0.499526037771167 0 0 0 69 1 
5.41432018714752 6.75491599566068 1.13978607815936 0.264938198831593 -0.340462182212666 0.0581623707417604 0 0 0 135 0 
6.70297114152682 6.60795028893792 0.972511116734905 -0.981548078043017 -0.081095428278371 0.315682828794082 0 0 0 174 0 
7.81529099112806 7.03732920288962 0.459305793848595 0.483208271920732 0.0488481093536022 -0.640063109650128 0 0 0 187 1 
6.91896783064976 6.2534809189964 1.46772211324242 -0.871002924486385 0.523043719908763 -0.366570716977962 0 0 0 17 1 
7.79994819149902 6.4692028200586 2.58472353900551 -0.881822891681907 -0.548254289085582 0.0986112308186828 0 0 0 30 0 
7.26311156437822 4.66458760332418 0.329649023032552 0.705737414943474 -0.530492036061438 0.62087718391205 0 0 0 165 1 
5.1554801341237 6.56425464048374 1.23625453365009 0.0595891031021543 -0.266885941774206 -0.56943140603181 0 0 0 249 1 
4.44117883014031 6.73392648394607 0.670550406470286 0.0855617118309377 -0.70600668327763 -0.802677235775428 0 0 0 40 1 
6.35458876044231 7.578343041553 0.279294273705156 0.532235341858391 0.916213003777546 0.889026752155014 0 0 0 41 1 
5.93088560706368 6.26456281686307 2.99035096338825 0.584625964278516 -0.0214033802851747 0.135486451217114 0 0 0 153 0 
7.24006751418336 7.14523160826676 3.73434597510915 0.976369774016669 -0.486797126521203 0.566758725009922 0 0 0 48 0 
5.68970756777588 7.21969824810568 0.510154046454532 0.562700687979625 0.338154386191426 0.364559458768594 0 0 0 61 0 
6.88443930757876 6.22736421450322 1.8905040980061 0.853130846143523 -0.842966889590616 0.035500372546009 0 0 0 19 0 
7.57653015816384 6.76373713901715 2.31301649227258 -0.902133621985105 0.205794285365195 -0.471543955247947 0 0 0 178 1 
5.73443334718797 4.84562123730548 0.689901680529368 0.839493940653452 0.304147385209589 -0.710008938133694 0 0 0 56 1 
7.9067816604515 5.99991692872513 3.86227429367963 0.127889241859227 0.681810629884102 0.0329340266981486 0 0 0 119 0 
6.37023489493493 5.95322682733469 2.78489597323065 0.533657717721357 -0.322433924787755 -0.519554911524486 0 0 0 185 1 
4.07166527271449 5.10781052984786 3.16160145669196 -0.03893952066232 0.782528229986169 0.42378195060836 0 0 0 93 0 
7.92224327590575 5.22839187060089 2.04773683749793 0.583840297809613 0.884399260963717 0.595248803408903 0 0 0 130 1 
7.88871357577369 4.7120860212317 2.8604422297767 -0.873753311293301 0.382916911021063 0.578222020888791 0 0 0 50 0 
5.19640963965492 5.89075848931007 2.67985920443821 0.699673603604993 -0.419021955517266 0.561805382221655 0 0 0 183 0 
5.1499225315426 5.11254462471196 0.0823530449628764 0.695447502867509 0.0556858749738145 -0.58342245045792 0 0 0 163 1 
6.05754096646923 5.45664424769656 2.49246411345139 0.596140087860839 0.905149477063324 -0.818866898777147 0 0 0 129 1 
7.85932652526244 5.88922299007137 3.00339992676158 -0.421879406794323 -0.691888819084421 -0.499690915748947 0 0 0 60 1 
6.20112056407824 5.19738961590284 2.93361317194536 0.336465505825294 0.245217237809349 -0.687853348004968 0 0 0 27 1 
7.08891265239425 4.74362602292514 3.75431966374355 -0.491917031600523 0.749420547538649 0.386756333067595 0 0 0 16 0 
7.25784694686549 4.5558385998361 0.340006829252756 -0.749286641194047 0.732348963621464 -0.741817560977022 0 0 0 61 1 
4.1739088069059 4.21659595194466 2.54996815571493 0.152173527900536 0.246963268358606 0.822724377792266 0 0 0 39 1 
4.24899771420555 4.84089798948687 1.74197223531792 0.61354524674596 -0.696282000955739 0.294724748665265 0 0 0 31 0 
4.4767217287112 4.14212890637017 1.1730372895877 0.543338338973746 -0.123442826693621 -0.393360246401119 0 0 0 150 1 
4.21966910857612 5.69305015710667 0.532132584576979 0.429060828052375 -0.527904531172121 0.821102962234271 0 0 0 177 1 
4.57440105572727 7.47644630746069 2.22538857891195 0.824945550520661 0.725131482496426 0.156853507173814 0 0 0 65 0 
4.47505371328724 6.60307366987893 3.04192054616153 0.906823064844295 0.645733969988994 0.231083686014684 0 0 0 66 0 
4.73811836416483 6.25856791894337 3.63137375767693 -0.705625603257743 -0.840130189186966 -0.806238749302097 0 0 0 52 0 
7.42507971977321 7.61974340282283 3.48959418238083 0.538643610888474 0.738158491165712 -0.728218710692651 0 0 0 2 1 
4.03458367857229 5.668348776145 3.88763946342297 -0.769583301947973 0.469849888740455 -0.237487321507003 0 0 0 36 1 
5.17032827528436 5.09759589825179 3.6239754625232 0.333666206844032 -0.400218554704383 -0.988729503406982 0 0 0 154 0 
6.48223844811982 6.14730524615085 3.58375267964568 0.998385313465438 0.331573204195532 -0.628749756395848 0 0 0 89 1 
0.0238784356873492 1.08502484704492 5.47285891472983 0.229443494153395 0.0531840770040832 -0.00246737138819697 0 0 0 19 1 
1.56187791746812 3.73341662655007 6.67197804903411 0.278352537951647 0.65758332968637 -0.348001995542353 0 0 0 30 1 
0.423243716827326 3.51722901862259 4.25797809062536 0.265749428802484 0.365202638056599 -0.476547446306785 0 0 0 35 1 
1.81964853484723 3.70237872564989 7.18556463440442 0.0290589577133848 0.382034429604536 -0.0285850332359621 0 0 0 50 1 
2.06069458822805 2.03403156275147 7.13223279803959 0.596426780748005 0.230366505704679 -0.124342472905492 0 0 0 113 1 
0.396124989076794 3.9856517552365 7.53386669721452 -0.373079546447564 0.225968341385136 0.00307879065586536 0 0 0 117 1 
3.08119581098336 0.325469846382076 7.4457908493795 0.598290528271215 0.438679076943825 -0.277655377329136 0 0 0 148 1 
3.19046809985564 2.16236790040457 7.41795635517718 0.69913346362324 -0.0306938272359479 -0.462003967711166 0 0 0 121 0 
3.73060675998632 3.98235908511678 5.20171618248091 0.0209642509078471 0.862032644101526 -0.754389437956281 0 0 0 168 0 
2.83005148280035 0.785748513778985 5.68236070079535 0.848186498436396 0.207795319434453 0.107487336435941 0 0 0 71 1 
2.91949838462042 2.9491569178012 5.7326733114624 0.856318034965493 0.313559719800109 -0.4333933353216 0 0 0 83 1 
0.648986973101291 1.95261705827484 5.76396151839473 0.195362452100117 -0.23158026742956 -0.430548952873206 0 0 0 146 1 
0.861490979496812 1.24190377066831 6.14254222395004 0.214680998136074 0.158354888242573 -0.668859797822724 0 0 0 34 0 
3.61827640273935 2.69785211859861 5.64201976640482 0.82893421843085 0.654350192599873 0.194729069673166 0 0 0 242 0 
2.14909601033204 2.12361313433999 7.30134186010532 0.877190546393822 0.147601194030908 -0.108968921808608 0 0 0 116 1 
2.64387326021501 0.492201516090747 5.03462907057865 0.831261205474091 0.635654683280977 -0.860488266311032 0 0 0 219 0 
3.84498455219886 1.86819156109286 5.8271005158894 0.0313622320180778 -0.148346221718831 -0.788445407646418 0 0 0 32 0 
3.34528571933982 3.28804711632263 6.49120739933459 0.258662338121801 0.708004283302057 -0.818981145515037 0 0 0 129 0 
1.03193902999786 3.49289254254616 4.18353367839521 -0.588005542727468 0.726626594776923 -0.210587847418617 0 0 0 228 1 
1.86397766252612 2.9043288795342 7.85234830260331 -0.421456576133989 0.764029898139473 -0.331604699763336 0 0 0 199 1 
0.352465870011981 1.60143724615153 4.44977280156187 0.804769624546544 0.918312476922866 -0.91365701803983 0 0 0 224 0 
1.36787252909146 3.56583352367731 7.11763655769066 0.806170229917406 0.642348502152483 -0.852942131119031 0 0 0 80 0 
0.200666614643565 3.80225260955439 7.88096175277211 -0.936303035032403 0.845659328141308 0.125541977524737 0 0 0 230 1 
0.776414127760701 2.58196342124287 4.09500089769502 -0.702144170203572 0.371087583749352 -0.854999918391361 0 0 0 104 0 
3.10564007124124 0.500285738730885 6.5043016327646 0.145967279203749 -0.727246751024465 -0.4541543970214 0 0 0 142 1 
0.613041515890178 0.522534210083156 5.99270945637156 0.101185592353653 -0.816133253628804 -0.318844594875313 0 0 0 169 1 
3.70675473984386 1.71873127803118 4.03412427919197 0.836977703622169 -0.525569883815347 -0.405988701891638 0 0 0 254 1 
3.28271730319775 0.930830771120548 5.93508903933806 0.525701573017977 -0.688106293534495 -0.687719178241995 0 0 0 175 0 
0.0481326156586963 0.687995121965726 4.67746330273814 -0.768351580394664 -0.80109135254857 -0.983866972478351 0 0 0 204 0 
0.185807665155423 0.343802508289341 6.73685347401288 -0.0285629395313252 0.985800228026304 -0.887558775089738 0 0 0 133 0 
2.6312404618498 1.57220270391017 7.2235690647027 0.466476405622709 0.279291154900925 0.793051733154791 0 0 0 23 0 
2.56991436289624 2.47658778554816 5.46589777489091 -0.175462330645797 0.179689798686196 0.360536161353719 0 0 0 81 0 
1.27951035460207 3.25191135008331 6.9987808495471 0.161773668600188 0.97744648637121 0.681707349958827 0 0 0 141 0 
0.604460818693076 3.12397030110166 7.19401040635929 -0.535958107391539 0.511270027372878 0.790364582396299 0 0 0 91 0 
2.02560392811844 1.01762234371076 7.16289936219611 -0.49767237017105 -0.498397968753567 -0.48519096707308 0 0 0 252 0 
1.10603986359815 0.842487114408453 7.25159034772885 -0.763087285127441 -0.241592080508323 -0.931673604751923 0 0 0 95 0 
1.16796305064511 1.9295403127427 4.74356165915409 -0.393821540850444 -0.688223607932482 -0.705130758258719 0 0 0 250 0 
3.23704854329319 0.950699654516381 7.47629824858334 -0.114813768791528 -0.777209122316692 -0.911245613765151 0 0 0 217 0 
3.84339199252005 3.94733169173964 7.20626245961114 0.394853817501823 0.677030153794513 0.882387496328286 0 0 0 45 0 
3.28888121120824 1.20755358157735 4.64617933256507 0.798989201018931 -0.117495128947514 0.19510721205137 0 0 0 106 0 
2.03085831699211 2.51219879635083 6.54151880848897 -0.951740153000717 0.00110898148643934 0.0037744371353603 0 0 0 44 1 
2.8512898249923 2.93713469016674 4.94803209840053 -0.42261001590979 -0.051169573621205 -0.777451627418134 0 0 0 112 0 
3.54414112627798 3.60375117217002 5.49135203789682 -0.177805352156547 0.827613742924547 -0.728058905645744 0 0 0 230 0 
1.94864674434166 3.42776807073038 6.21838094382829 0.0407860676674237 -0.279293811751784 -0.207419914197428 0 0 0 186 1 
0.0600054586849674 3.88139056137788 5.90021422031586 -0.494544958301367 -0.0562372216929206 -0.327253252698558 0 0 0 226 1 
3.13224416228776 1.64656343274248 6.73159817689851 0.966567651117069 -0.895766960659775 -0.706218347554681 0 0 0 212 0 
3.14923083315866 1.62169729057476 5.94450563360117 -0.850069924258303 -0.443482064493203 0.494955057600106 0 0 0 140 0 
3.40781129813776 3.11630748218051 6.22210169553477 0.173437390739797 -0.489426592529045 -0.570718027678657 0 0 0 190 0 
1.77647492185915 3.35015264025362 5.67047086886087 0.479679538350832 -0.377258850886035 0.197315533532807 0 0 0 192 0 
3.13626857857018 2.31290764554985 6.04447504735755 -0.39670285649362 -0.926099304950014 -0.314138632058404 0 0 0 112 1 
2.29853085460534 3.17230286082902 5.74975763412101 0.799866441327758 -0.66615428537918 0.840887057647364 0 0 0 247 0 
2.08053505601025 0.280760268117256 4.47272640058338 0.0527759141827502 0.161887297101569 0.452066036416671 0 0 0 6 0 
3.5318957938229 3.81491125408744 5.81042540467438 0.275626890347536 0.301355568553404 0.937311400424944 0 0 0 1 1 
0.125919334766069 0.610935267317663 5.50561569608313 -0.215825515021266 0.46463047884706 0.909601426916648 0 0 0 131 1 
2.62940894710865 3.5816137160961 5.06651104897132 0.739037177009877 0.552873974190554 0.960591913542848 0 0 0 90 1 
3.89387866140783 2.251379441636 6.54736060417911 -0.964192848962925 0.431943585603273 0.640669145834464 0 0 0 10 0 
2.98263850518737 3.93208415119733 7.2653296144623 0.225694409562488 -0.41526507716388 -0.2031518532307 0 0 0 173 1 
1.99911443431292 3.98479983863112 7.96440172382496 -0.0455350514260984 -0.319563651033534 -0.866872570561367 0 0 0 159 0 
0.606990265355059 3.3003699950292 6.6159073058658 0.646090024123187 -0.836330000451892 0.919627936896891 0 0 0 127 0 
0.0664609617161733 3.99359024838754 4.87795155572278 0.778769178337834 -0.591491795601133 0.852541050520253 0 0 0 200 1 
2.47846587100719 1.74525229558338 4.42106163545701 0.54349689736429 0.567750208689399 0.720096512314274 0 0 0 180 0 
3.27330597100057 0.208205132349729 4.81731309672894 -0.656972184454494 0.700745921122703 0.847028463338994 0 0 0 206 1 
1.11408821011613 3.00325056223498 4.44366995152009 0.23764438273783 -0.681522676160456 0.540333631956372 0 0 0 150 0 
1.60085703367203 3.67463397266194 4.04777584824525 0.463714275788366 -0.347760547939823 0.86797962256775 0 0 0 160 1 
6.49468521504201 3.68263377101231 4.29875927473614 -0.364119525905272 0.19842125191021 -0.381930975023987 0 0 0 118 1 
6.5297714342793 3.52302348522806 6.0879217075756 0.275433766752664 0.365729407748005 0.0534474279614185 0 0 0 20 1 
6.55260467419698 2.22425451799834 4.3706178011315 0.0956913340179071 0.0658413198180312 -0.829943836260773 0 0 0 102 0 
4.52392248003086 1.93893799788792 7.47121583399956 -0.906916138179013 -0.232823818373825 -0.184434924181858 0 0 0 162 1 
6.49399285640309 1.99739586857852 5.32113532499571 -0.182364285781536 0.681581442598047 -0.834442243182208 0 0 0 216 0 
5.75554767706594 2.21799713471801 5.55643319525722 -0.522222938448551 -0.207454805934726 0.186948472296111 0 0 0 241 0 
5.59646839263143 3.07776217834544 6.64734868589733 -0.809411964306234 -0.0383852565140511 -0.168422846736607 0 0 0 62 1 
5.07413645259165 2.63470055253529 5.83793232376614 0.143103313871968 0.739518232048662 -0.151097061475806 0 0 0 184 1 
6.3379992666337 2.88228141255495 7.662902445765 -0.3783637030333 0.943843764777723 -0.530645232203182 0 0 0 238 0 
4.75398051874795 0.493428856169671 5.75109359964989 -0.52236540738655 -0.273324649439121 -0.886264218213647 0 0 0 78 0 
7.70306842074936 0.119346126218315 6.59711970044386 0.10936985643176 -0.0346048976165169 -0.718443663596013 0 0 0 83 0 
6.50510861865235 1.10304107672391 6.63154338448787 -0.181353761940696 0.0548219160658101 -0.71531423777383 0 0 0 84 0 
4.1653315488719 1.26725940903403 7.61740928441405 -0.1213334955571 -0.0211582355423606 -0.625690065053268 0 0 0 86 0 
7.32103094549231 0.465369104776198 5.09168353086109 0.529184631408392 0.269579009525109 0.144698502805553 0 0 0 58 0 
6.23541938662072 0.877912516825535 7.56183493773111 -0.751325510307208 -0.51109886210677 -0.539833187478991 0 0 0 170 0 
6.67016633203079 1.5741612129634 7.86557258294079 -0.0754394243608369 0.824923746633036 0.48777932572189 0 0 0 240 0 
7.04204084503268 1.6190062705708 6.21231388874238 -0.768905377724302 -0.170999429948109 -0.935244191932511 0 0 0 13 0 
5.85328333650009 0.902850612695754 6.02450959358412 0.0321166669545541 -0.145195398845841 -0.95231730967417 0 0 0 74 0 
7.3919822652559 1.31843024672279 6.80800292065264 -0.191637975885827 0.438039113338435 -0.790181552667941 0 0 0 79 0 
7.10534503802095 3.35974566626006 7.32686424245493 -0.399514087452641 -0.103659484885449 0.529714931132266 0 0 0 209 0 
7.50540156723654 0.59665204841709 5.18370304046176 -0.81769076661486 0.645150186219735 -0.574208814503476 0 0 0 137 1 
5.98877610695029 0.0757102918706725 6.77284616482634 -0.591929444822701 -0.765844518920848 0.206622378620576 0 0 0 144 1 
4.19541426569792 0.895247762596791 7.86228733541498 -0.0276896122092806 -0.60043202158211 -0.603428424053184 0 0 0 221 0 
4.04982422008817 3.80776222562568 5.61125136138911 -0.677288707264711 0.573432929602334 0.282841032853556 0 0 0 105 0 
4.21399596772009 3.43211556042353 7.86148751092306 -0.480545821116356 0.812010505493049 0.760135228265733 0 0 0 199 0 
4.78306384472992 0.949187356885938 7.15920534755543 -0.337903286842734 -0.413710240283097 0.605382304323221 0 0 0 200 0 
6.35469052107698 1.37565394058997 7.39747190826771 0.0776991382797252 0.988695812780906 0.62704290075161 0 0 0 202 0 
5.94855042093827 0.119845379943168 7.11944878340287 0.22259549281257 -0.852741329096075 0.32904079849117 0 0 0 188 0 
7.4762963633562 0.121720391750674 4.59920958647501 0.452390578486927 -0.943479964386302 -0.172799128502271 0 0 0 167 1 
6.59186782813353 2.12851824826326 5.76169708757025 -0.991648379260588 -0.397407431976068 0.20560882614275 0 0 0 186 0 
7.0006597187402 3.91340004392341 7.63163464829414 -0.318121843750891 0.946672731265765 -0.897124122882351 0 0 0 218 0 
5.9478298614994 1.11648983076254 5.81418055279076 0.5861663510454 -0.0348645608397693 -0.153256313382659 0 0 0 53 1 
7.12138282288174 3.27471106735316 6.83618182492065 0.783762074807431 0.888610097032105 0.212380165901878 0 0 0 138 1 
5.33405059908972 2.59058893919575 4.48585668578384 -0.105995400082753 -0.355401005527659 -0.455831210383288 0 0 0 235 1 
5.26394709643434 0.710474135109695 7.72243489053515 -0.112368445778697 -0.9808659877173 -0.616142282678623 0 0 0 211 0 
7.62718361369032 0.308344792405478 5.96110085741586 -0.806619671482698 -0.92651410978132 0.314645532492351 0 0 0 165 0 
5.3196262841977 1.46966950431034 7.52512894527613 0.438147844017973 0.360879045846395 0.911375358661466 0 0 0 41 0 
4.62722537750918 1.1443946942283 5.38873022620392 0.193384125228107 0.513126790384391 0.353520929654902 0 0 0 147 0 
6.88485839320411 0.164664393624967 5.79331853182512 0.12589621756401 -0.939575964215912 0.572119866529556 0 0 0 198 0 
5.77375887872366 2.4559581575517 4.86406913740624 0.752159898065787 0.72326892341379 0.0330971943096579 0 0 0 135 1 
6.16243534908704 1.04674008619633 7.01199094002637 0.878403213553367 0.958794553290575 -0.317091732724875 0 0 0 156 1 
5.34040713995429 0.0525752696183026 4.46532840661948 0.530946103632208 -0.767947702761972 -0.0940610539436829 0 0 0 157 1 
5.83587574235048 3.82193544205225 6.38553504937203 0.848715976577317 0.847448676550205 0.444139549942912 0 0 0 152 0 
5.27613869536646 0.645739764410218 7.54526157361314 0.616012608669678 -0.80493274868998 -0.268612584216987 0 0 0 154 1 
5.97873156609875 0.136693901757595 5.51374576400121 0.77079377873625 -0.851209645294764 -0.998750385090799 0 0 0 139 0 
6.33827487779484 2.76249225659982 7.21005997907963 -0.105611374745923 -0.521591613036379 0.700914543552693 0 0 0 208 0 
6.58677337115834 3.58948286463729 7.77562263777906 0.735161215559849 -0.173683375942065 -0.338579760201903 0 0 0 134 1 
5.95277750858645 0.598171789884165 5.7463090413001 -0.140656590128504 0.00892470817128777 0.749664458300009 0 0 0 100 0 
5.67438873430004 0.939671201225921 5.83691911715088 0.470398975845458 -0.505484436252189 0.848810828831899 0 0 0 185 0 
5.03580871843688 3.32087724861757 6.28789883031253 0.86689170167608 0.892807022601597 -0.655645560880679 0 0 0 233 0 
4.85566807409712 0.953600587779172 4.48223955456441 0.668697097645193 -0.595127219292803 -0.456160040494145 0 0 0 175 1 
4.94108617088641 3.73688177906116 5.10966640598927 -0.687173984464872 -0.251192565539895 0.0554242187262972 0 0 0 140 1 
5.62741709766967 2.71280204120954 5.794118431652 0.284310645242697 -0.980654359890041 -0.700534688031636 0 0 0 43 0 
6.96762153008748 1.19243056874607 5.58653574645441 -0.684761679082956 -0.300688130113994 0.826048704223128 0 0 0 178 0 
6.63762526448789 1.92053697679345 5.08385305454915 -0.0783977032283739 -0.416314820291505 0.871259368595377 0 0 0 204 1 
4.74448980871734 1.92422103633143 4.84740854802488 0.93131725533794 0.311292821484675 -0.059326495634102 0 0 0 86 1 
4.63539479658333 2.64071321397779 6.9063913754002 0.830490436053031 0.376428473997981 0.3096719432182 0 0 0 117 0 
4.37973883997636 2.78218635816422 4.92956295345385 0.443612621816033 0.38928966892402 0.67541481395035 0 0 0 37 0 
6.78908906310618 3.51304236233215 6.97670123876581 0.389917187555107 -0.816996148878895 0.31606374897871 0 0 0 63 0 
7.60564916094613 3.22939609869803 5.62786124946794 -0.990395530823079 -0.842782172845633 -0.261103522775641 0 0 0 63 1 
4.70032459938301 3.99614563739496 4.58019575150632 0.29093859994391 -0.68216857841864 -0.992709477135789 0 0 0 130 0 
7.03266522907324 3.98600669829431 4.48423282629119 0.866605929915749 -0.228544845609609 0.180384802390108 0 0 0 171 0 
6.8833007881909 1.33439109155498 4.20513069146447 -0.2378817465281 0.984944644686816 0.882284608314952 0 0 0 219 1 
4.3751438480848 2.54658909592814 4.40061186679662 -0.465896013810472 -0.995764627642896 0.990964715163329 0 0 0 107 1 
2.96437589406425 6.93405516455121 4.12666612419165 -0.0486931005396138 -0.415085894131709 -0.670303079618942 0 0 0 132 1 
1.22977674470212 6.30631629211564 7.77711228864571 0.429979704063829 -0.290334882534941 -0.156626155577663 0 0 0 172 1 
0.441934631540587 6.68835669465206 6.81822626666603 -0.187096851678129 -0.0737857550316313 -0.152888521212179 0 0 0 191 1 
1.53684073665717 4.56593140523785 4.73541451949136 -0.178469023940257 -0.721278963160195 0.0214013199537599 0 0 0 16 1 
2.84083986550757 4.65245596478707 6.45358676016545 0.394621805955234 -0.531594912292084 -0.54967393089405 0 0 0 182 0 
0.205899297269981 7.78697341182783 4.7370812768505 0.245990845206362 -0.155729689833834 -0.705719883922682 0 0 0 187 0 
2.42482553100955 7.44702324221758 7.61183497453987 0.265893230091777 0.358820294747053 0.191984997685443 0 0 0 29 1 
0.639247401947137 4.50932768811064 5.45197731715857 0.467204309267922 -0.544606573808124 -0.368002062076493 0 0 0 229 1 
1.58253442838324 7.32571302288728 4.33688154990434 -0.26522414287425 -0.106753361555703 -0.37846531364506 0 0 0 253 1 
0.424518495428766 6.06455825771713 7.46276163401164 0.538592590493524 0.233141659792466 0.17843287581924 0 0 0 94 1 
2.64571765094129 6.60082349291746 4.23712698437241 0.285974331903754 -0.354470591552958 -0.932988455966145 0 0 0 149 0 
2.24708414863833 6.29270292594383 7.99708023634974 -0.0229923501237885 -0.564299734005107 -0.500265433059114 0 0 0 47 0 
3.09909881376476 6.06222824010209 7.1124845864214 0.690827164887705 0.0511116581910986 -0.580683219416236 0 0 0 229 0 
0.0125575756472087 7.46262969052283 6.57517911287095 -0.317040220395708 0.451148153683894 0.279561737533723 0 0 0 60 0 
1.40010343176733 5.08833447245917 7.20363715583343 0.263645766524303 -0.21924232068553 -0.663305713106052 0 0 0 158 0 
2.37629205821252 7.8482363202936 7.01808009119663 0.352390187110229 -0.604705789064218 0.228916371926966 0 0 0 6 1 
0.554648851297174 4.60272063513007 5.47139213642174 -0.267759195336621 0.10024733046637 0.17921746694743 0 0 0 64 0 
2.86658843178732 6.57537032838184 7.34498104204881 0.942417130162484 0.370488211671076 0.349543731095347 0 0 0 124 0 
0.0182542026182362 6.41524947045924 4.01255261164712 0.592568563874385 -0.825886411776433 -0.862495217122989 0 0 0 99 0 
0.281928715080648 5.84425362120167 5.37472906402221 -0.565279207719941 -0.0596133071634842 0.0795208240020191 0 0 0 203 1 
2.09613441089463 6.2510352343112 5.84137085153708 0.872375855535876 -0.204451342335345 0.12194280468519 0 0 0 208 1 
0.169971354744062 4.14388721627638 7.57377068169461 -0.575457149568722 -0.123282980338511 -0.175111756209581 0 0 0 231 1 
1.73486044756036 7.37162249647726 4.63202671914924 0.930441858869123 0.261056590588842 -0.351633934622796 0 0 0 244 1 
1.41118065041086 6.45642123009391 7.93534861116027 0.810107331855533 -0.18577988817328 0.0395771464691159 0 0 0 256 1 
1.78795714934693 5.83241310728482 6.34234821701714 0.844359740849721 0.0302193733895288 -0.650695616634805 0 0 0 232 0 
2.71657425038205 6.63569481005903 7.0829878290834 0.201506750034732 -0.624027744540088 -0.765182924628781 0 0 0 9 0 
3.30352469300953 6.68454170256288 6.74027022155154 0.891229517546321 -0.619587117948829 -0.796339070768041 0 0 0 75 0 
2.4017819777635 6.41712725999846 4.39657001795008 0.354707452523955 0.447011569090769 -0.82758454382272 0 0 0 38 0 
1.62222123053063 4.80570443307595 4.39851552541877 -0.443434433588124 -0.608572324265823 -0.100134952234657 0 0 0 211 1 
0.106188364670952 7.12443937060885 7.38692871129784 -0.672164694120822 -0.670505511762832 -0.646642844427469 0 0 0 88 0 
0.474679842292957 6.86177220878259 5.94854460108762 -0.638665468882458 -0.421657071928856 -0.959223218082944 0 0 0 196 0 
2.24651977928306 7.93833644700907 7.02083133075032 0.340592707207551 -0.232878504817357 -0.861742606295425 0 0 0 134 0 
0.556552298869332 6.36808241020068 6.67516245493938 -0.176677063739152 0.533462037290971 0.379560223176308 0 0 0 35 0 
3.56196449806582 6.89096780888972 6.42514791514097 0.369269499824166 0.67190616444452 -0.915895644078094 0 0 0 1 0 
0.0795457329194733 7.000685669208 6.28820923357082 -0.856404933370957 -0.499937666435636 -0.38289006967538 0 0 0 95 1 
0.820677378706112 5.06272602682817 6.76666528003833 -0.789029329208535 -0.130661270288348 -0.793939519996515 0 0 0 203 0 
0.0633549476687003 7.65306866347194 7.2390341400569 0.869395904333518 -0.804266485138914 -0.387360532722101 0 0 0 67 1 
0.235815089199264 7.38063579138657 7.53400413747374 -0.933107719163703 0.625512344671506 0.00309128522488589 0 0 0 114 1 
2.24911707442739 5.66963316084791 6.81221449175703 0.977192461311581 0.379057560077083 0.664746771977911 0 0 0 72 0 
0.267869401155364 4.80781073210727 7.67225237446058 0.615260854650488 -0.335653569808431 0.742932034041871 0 0 0 207 0 
1.11752084069558 5.64209962632841 5.50226391542893 -0.943861741754948 0.103827238757129 0.0911149014026305 0 0 0 193 1 
0.933916443324813 5.20518096714478 4.30678139347832 -0.960553050606835 -0.0268017302595656 -0.744838055138335 0 0 0 245 0 
1.3431195024184 6.0412527886363 4.29008418535141 -0.832443681598328 0.0492047989669362 -0.746355983149872 0 0 0 246 0 
1.83385726455764 7.93756531641978 6.14159627734209 -0.696922066858396 -0.505675880325475 0.331054207031099 0 0 0 107 0 
0.392635466173784 5.91564466810156 6.23315504796537 -0.918851321256929 -0.507668666536222 0.521195913451397 0 0 0 194 0 
0.846755323375834 5.6525691241701 7.78878968334841 -0.968476788784015 -0.167948261439082 0.935344516668037 0 0 0 237 0 
1.93741932315579 4.50381152616968 5.87811290588128 -0.0511436978949282 0.000346502379061642 0.579828445989207 0 0 0 131 0 
3.43717385628816 5.4600549460322 6.41653047230861 0.357924896026197 0.0872777223665637 0.719684588391692 0 0 0 145 0 
2.84169623809641 5.00778715289926 4.69685603674253 -0.05984579653669 -0.226564804281885 0.199714185158412 0 0 0 176 0 
2.30468057699084 4.06983510539677 5.56505828888267 0.709516416090077 -0.402742263145748 0.46045984444388 0 0 0 206 0 
0.00200673754626912 4.9811735222001 5.28630339603128 -0.681635751132157 -0.774438770709081 0.344209399639207 0 0 0 92 0 
1.98236339227765 4.60685900777826 5.86017626665375 0.0438512174797863 0.282441727979842 0.0327432969685226 0 0 0 22 1 
0.864932090831563 4.77841834365147 5.47030627431 0.669539280984688 0.298038031241042 -0.457244884153636 0 0 0 87 1 
0.648162027757283 5.34094166818804 5.42646425775354 0.922560184341571 0.530994697108004 -0.643048703840587 0 0 0 115 0 
2.72678317954652 7.10660253773883 5.8316707194206 -0.615746983677588 0.327872957976258 0.121060974492782 0 0 0 79 1 
2.52965696851929 6.2883577116916 7.94553386106865 -0.633667548316428 -0.746512935300763 -0.595860558084669 0 0 0 87 0 
0.36857661383404 7.27812573985802 5.15427534180552 0.16987060125764 0.0707387036234557 0.423115940164138 0 0 0 138 0 
1.09148583382694 6.18640983659353 6.27090993574004 -0.128046742379369 -0.119417287582407 0.888264539612731 0 0 0 191 0 
0.926968260092865 7.6269694297398 5.92158888616422 0.766088023644806 0.829724493612709 0.856508080560384 0 0 0 120 0 
0.849250869636279 7.53227971033444 6.14242186903785 -0.968249920942156 0.366570882757676 0.876583806276168 0 0 0 125 0 
2.37574077532615 5.1322739616306 7.92147920947545 -0.0112962931521684 0.966570360148236 -0.052592799138595 0 0 0 183 1 
1.43322223774307 5.18717789281401 6.09322963385986 -0.82425252384154 0.880652535710365 0.326657239441805 0 0 0 226 0 
1.3023580713219 4.92765801488114 5.69520160940788 -0.927058357152554 0.857059819534649 0.290472873582535 0 0 0 225 0 
2.87620228522275 5.19889147897783 4.8153902791196 -0.783981610434296 0.60899013445253 -0.789509974625491 0 0 0 101 0 
3.81757031843354 6.38504428050337 4.51222664451145 -0.152948152869678 -0.555905065408784 -0.726161214135323 0 0 0 126 0 
2.71117174747972 5.16395474600273 4.27620748571979 -0.708075295683661 0.514904976909339 -0.747617501298201 0 0 0 114 0 
2.68387416188495 6.92294631064304 4.88723484591041 0.925806741989541 0.674813300967549 0.853384985991855 0 0 0 68 1 
2.30108138361552 4.10146616095681 5.04407931075328 0.436461943965048 0.509224196450619 -0.223265517204247 0 0 0 55 1 
0.94374104175871 4.12191880973158 5.02487327178205 -0.323296268931026 0.87471989179378 -0.861375157110723 0 0 0 213 0 
1.70136379173526 4.58856601920524 6.55334696891247 0.927396708339569 0.644415092655022 -0.449695730098866 0 0 0 76 1 
0.720582952020783 4.5784913097528 6.9041235050384 -0.616310640725383 0.9162264827048 0.127647591367128 0 0 0 216 1 
3.74687942124979 6.74104653356686 6.77286272801865 -0.432101870795473 -0.0689957696757402 0.297532975274422 0 0 0 256 0 
3.70820460055873 4.79746953543299 6.98113382455873 -0.344708672676478 -0.0638664058697281 0.952830347687157 0 0 0 248 0 
3.55837906035314 4.94458073538579 7.61118428386037 -0.994692812695169 0.676780066853254 -0.898983246921784 0 0 0 26 0 
0.351751282493276 7.34193826291967 4.22698825835517 0.531977389317571 -0.741641976098211 0.611544387123197 0 0 0 98 0 
1.07183407518861 6.75784825884551 4.35048822400245 -0.311651447710126 -0.885650158286772 0.713680747636587 0 0 0 113 0 
0.713682959720285 7.48043713868802 4.36556201121456 0.292152996338208 0.907312467153457 0.805960182837688 0 0 0 11 1 
4.82226179233982 6.40615282917162 7.80245484002617 -0.152521655241834 -0.0994406518934892 0.300223167275106 0 0 0 207 1 
7.66530252667566 7.86135925173179 7.51228104802419 0.287754775152333 -0.148967340751655 -0.180701722906892 0 0 0 233 1 
4.36302114351324 6.81784478244091 5.82233484490484 -0.557907168771524 -0.334741383414463 -0.15251501409956 0 0 0 246 1 
5.31817884500977 7.9465085622661 6.73589713867924 -0.471074650453656 -0.141226494339445 -0.0694638964837057 0 0 0 250 1 
4.78263359954016 5.45000638304346 7.02969252564731 -0.247033309132712 0.177273307549405 -0.406391588577518 0 0 0 80 1 
6.70320712007722 7.34751544575069 7.31780371580338 -0.617890261811162 -0.0138622322044832 0.256163974163943 0 0 0 143 1 
4.9131409805492 7.6170534114222 4.8649644971314 -0.507896274495528 -0.262086053507073 -0.875912318442599 0 0 0 214 0 
4.49752446811685 4.48485627290948 6.02963403718108 -0.63658868471665 -0.365013066099138 0.229966730652825 0 0 0 253 0 
6.62110413745931 4.60906899319147 7.21279114009457 -0.62535416932188 -0.990084636982594 0.337526467281325 0 0 0 51 0 
5.646931961784 6.27897430186254 5.27982648952783 0.104266541980363 0.0708158456238677 -0.929106682770198 0 0 0 197 0 
6.49811466973473 4.83071567900602 5.19914724561832 -0.818353211842297 -0.879025847363089 -0.663713886761971 0 0 0 53 0 
4.81744856865866 7.33916971604539 7.80674860862261 -0.516595584667394 0.621742701458672 -0.244841035579762 0 0 0 82 1 
7.63793561567234 6.59661119732627 7.31644080586213 0.557994146879303 0.463328290666024 -0.925778108557988 0 0 0 22 0 
6.65872534534634 7.34585160112964 7.28863789767732 0.468975031395122 -0.0140134908063967 0.617148899788847 0 0 0 142 0 
4.01757921428158 7.0540148384104 6.61409573249308 -0.134765525974402 -0.495089560144509 -0.989627660682447 0 0 0 94 0 
4.44181207237296 7.83826275482887 7.79176323597419 -0.823471629784276 -0.969248840470103 -0.428021524002347 0 0 0 59 0 
7.72135357615904 5.76635769634939 4.71628928022502 -0.798058765803723 0.387850699668126 -0.980337338161362 0 0 0 5 0 
4.72192608431518 5.28135170582899 7.85008446313689 -0.525279446880438 -0.292604390379183 -0.877265048805737 0 0 0 222 0 
6.82119978631678 6.02872172993742 7.68379989351945 0.0291999805742527 -0.133752570005689 0.834890899410859 0 0 0 223 0 
6.74273899163324 5.29401468125715 7.61981740180742 -0.523387364396978 -0.200544119885714 0.73816521834613 0 0 0 144 0 
5.88825627743118 6.3143276252891 6.30461916930421 -0.873794883869893 0.710393420480827 -0.29048916642689 0 0 0 37 1 
7.00745634100199 6.54095069305037 5.18723126543659 0.59158694009109 0.821904608459125 0.0624755695851447 0 0 0 9 1 
6.99089954060479 4.57213201270277 6.2515341475534 0.771899958236799 -0.538897089754294 -0.204405986586054 0 0 0 182 1 
7.37411020984794 4.70450655330664 5.14229426025691 0.897646382713449 0.109500595755149 -0.487064158158462 0 0 0 31 1 
5.96737063108473 7.44349145908864 7.59439094700767 -0.0484208517195701 0.358499223553513 0.917671904273425 0 0 0 111 0 
4.60361793425973 5.98582012988931 6.63314983049847 0.00941981220543053 0.407801829989938 0.739377257318043 0 0 0 85 0 
4.32667997211614 5.96537543375439 4.27376637983932 -0.106665457080351 0.860488675795854 -0.293293965469153 0 0 0 126 1 
4.18606869122601 4.43705903931956 4.87347145804481 -0.119448300797635 0.176096276301778 -0.875138958359563 0 0 0 90 0 
6.59203504208309 4.92354852465624 6.61116731576369 0.372003185643917 0.402140774968749 -0.898984789476028 0 0 0 3 0 
7.85875362307767 5.90169898299057 5.42526778073237 0.123523056643425 0.672881725726415 0.447751616430216 0 0 0 71 0 
5.79469076309679 6.89056005712441 7.40707138305255 0.663153705736072 -0.600858176625054 -0.0993571469952228 0 0 0 58 1 
6.09529956896701 5.68707589043105 7.18800784444138 0.872299960815183 0.289734171857368 0.789818894949217 0 0 0 28 0 
4.12250297311925 6.41455147115732 5.11472625622105 0.0565911793744773 0.628595588287029 0.237702386929186 0 0 0 36 0 
5.90001269793266 4.17682906757376 5.64508537378042 -0.599998845642485 -0.847560993856931 0.740462306707311 0 0 0 44 0 
4.43937153050461 5.18909563825766 6.84897817408897 0.358124684591328 0.971735967114333 0.940816197644452 0 0 0 181 0 
5.34993509174507 4.88331607601359 7.45132322193894 -0.740914991659539 0.580301461455781 0.359211201994449 0 0 0 55 0 
6.56977496901552 4.46807596207471 4.51400327118993 0.369979542637774 0.360734178370429 -0.635090611710006 0 0 0 3 1 
7.04044961431467 5.29851245710623 6.00010720155949 0.50367723766497 0.981682950646021 -0.681808436221865 0 0 0 166 0 
7.57663078084524 5.5800873336752 5.42646016687169 0.643330070985931 0.825462484879564 -0.552139984829846 0 0 0 13 1 
4.45306440293624 5.19057237367825 7.43449055482902 0.0866422184487494 0.880961124879841 0.448590050439001 0 0 0 164 0 
5.91229866286026 4.53688243402843 5.78524374702249 0.673845332987296 0.457898403093493 -0.792250568452501 0 0 0 18 0 
4.41819474058412 5.580891066711 7.5601401600163 0.356199521871283 -0.538100812117182 0.369103650910572 0 0 0 177 0 
5.55962436580767 7.03130083428602 6.02150803065166 0.914511305982516 0.230118257662365 0.501955275513787 0 0 0 193 0 
4.34996158115879 6.09013714218444 5.74059453465338 0.259087416468981 -0.58271480525596 0.56732677587758 0 0 0 14 0 
5.91920297497591 5.42387937428547 5.36622340883887 -0.325527002274917 -0.0978291477922298 0.806020309894443 0 0 0 251 0 
6.23134735157868 4.74458987747616 5.26884904318091 -0.933513877129211 -0.614128192956713 0.97898627665281 0 0 0 145 1 
7.86433213980079 4.82476607335476 7.97940993854593 0.66948473998189 0.938615097577706 0.316309994413266 0 0 0 133 1 
6.76480246455109 4.76155562439383 7.0517471419906 0.933163860413736 0.841959602217621 -0.677113896182673 0 0 0 148 0 
5.89190751595392 4.18922065632439 5.62579375290275 -0.328008407640553 0.789929150574944 0.738708522991159 0 0 0 227 0 
4.44224545062864 6.53423364932608 5.9603204433461 0.812931404602604 -0.269615122788538 -0.41269814151399 0 0 0 217 1 
4.36383340757105 7.66156920940215 5.26872912056574 0.805803037051914 0.378324473582013 0.251702647324159 0 0 0 109 0 
4.01394184130456 4.87369962850292 7.89254495881538 0.228540167391324 -0.966027306499735 -0.691586821925875 0 0 0 2 0 
7.42743747799288 4.01573508796005 4.24976542246871 0.902494316181171 0.501430462541823 0.886342311133519 0 0 0 23 1 
4.63115648136251 7.31337982163299 4.06079383398162 0.830105134669319 0.983034529239363 0.323708530361966 0 0 0 77 0 
5.36785737501577 5.99443027849404 4.23906684608462 -0.648376602271294 0.135857298044913 0.339915167825875 0 0 0 132 0 
4.40288576552209 4.9676703058509 4.10983098751932 -0.463374021316174 -0.866575426740828 0.964530089774484 0 0 0 103 1 
5.91122131671796 7.98546869312654 4.26432563841408 -0.780798062116549 0.498678972102413 0.61493869440128 0 0 0 42 0 
7.16028515753106 5.43948874749281 4.25603185952207 0.150935014321005 -0.823682841137018 0.341457441774733 0 0 0 70 0 
5.7530350026839 4.7648071813362 4.06913784433208 0.841185000243991 0.387709743757837 0.324467076757462 0 0 0 4 0 
