512
0.5 0.5 0.5 -0.369269499824166 -0.67190616444452 -0.915895644078094 0 0 0 1 0 
1.5 0.5 0.5 0.228540167391324 0.966027306499735 0.691586821925875 0 0 0 2 0 
2.5 0.5 0.5 0.372003185643917 0.402140774968749 -0.898984789476028 0 0 0 3 0 
3.5 0.5 0.5 -0.841185000243991 0.387709743757837 0.324467076757462 0 0 0 4 0 
0.5 1.5 0.5 -0.798058765803723 0.387850699668126 0.980337338161362 0 0 0 5 0 
1.5 1.5 0.5 0.0527759141827502 -0.161887297101569 -0.452066036416671 0 0 0 6 0 
2.5 1.5 0.5 -0.0771844113183578 0.0275749147335409 -0.277760457001477 0 0 0 7 0 
3.5 1.5 0.5 -0.183879316523356 -0.89166514295456 0.25740970740393 0 0 0 8 0 
0.5 2.5 0.5 0.201506750034732 0.624027744540088 0.765182924628781 0 0 0 9 0 
1.5 2.5 0.5 0.964192848962925 -0.431943585603273 -0.640669145834464 0 0 0 10 0 
2.5 2.5 0.5 -0.393816878944361 0.121958815218934 -0.0316412799160662 0 0 0 11 0 
3.5 2.5 0.5 -0.410439403732386 0.0929998863615029 -0.200265629563472 0 0 0 12 0 
0.5 3.5 0.5 0.768905377724302 -0.170999429948109 -0.935244191932511 0 0 0 13 0 
1.5 3.5 0.5 0.259087416468981 0.58271480525596 -0.56732677587758 0 0 0 14 0 
2.5 3.5 0.5 0.274156613137822 -0.592232158020574 -0.274206335108414 0 0 0 15 0 
3.5 3.5 0.5 0.491917031600523 -0.749420547538649 -0.386756333067595 0 0 0 16 0 
0.5 0.5 1.5 0.10287293705337 0.529696757650747 0.174691284931117 0 0 0 17 0 
1.5 0.5 1.5 -0.673845332987296 -0.457898403093493 0.792250568452501 0 0 0 18 0 
2.5 0.5 1.5 -0.853130846143523 0.842966889590616 0.035500372546009 0 0 0 19 0 
3.5 0.5 1.5 0.211363619868866 0.217266316566753 -0.456844643791621 0 0 0 20 0 
0.5 1.5 1.5 0.449294604270235 0.220530882101095 0.95859582238557 0 0 0 21 0 
1.5 1.5 1.5 0.557994146879303 0.463328290666024 -0.925778108557988 0 0 0 22 0 
2.5 1.5 1.5 -0.466476405622709 -0.279291154900925 -0.793051733154791 0 0 0 23 0 
3.5 1.5 1.5 -0.235325045306502 0.360394603356587 0.970941557417895 0 0 0 24 0 
0.5 2.5 1.5 -0.265409586519023 -0.663986030407621 -0.0319716859648126 0 0 0 25 0 
1.5 2.5 1.5 0.994692812695169 -0.676780066853254 -0.898983246921784 0 0 0 26 0 
2.5 2.5 1.5 0.819773028077885 0.581254499479289 -0.182194491472544 0 0 0 27 0 
3.5 2.5 1.5 -0.872299960815183 0.289734171857368 -0.789818894949217 0 0 0 28 0 
0.5 3.5 1.5 0.806152545954648 -0.31698645499514 -0.0782487931565888 0 0 0 29 0 
1.5 3.5 1.5 -0.881822891681907 0.548254289085582 0.0986112308186828 0 0 0 30 0 
2.5 3.5 1.5 -0.61354524674596 0.696282000955739 -0.294724748665265 0 0 0 31 0 
3.5 3.5 1.5 0.0313622320180778 -0.148346221718831 0.788445407646418 0 0 0 32 0 
0.5 0.5 2.5 -0.291706238859767 -0.990205205874051 0.085590454152936 0 0 0 33 0 
1.5 0.5 2.5 -0.214680998136074 -0.158354888242573 0.668859797822724 0 0 0 34 0 
2.5 0.5 2.5 -0.176677063739152 0.533462037290971 0.379560223176308 0 0 0 35 0 
3.5 0.5 2.5 0.0565911793744773 -0.628595588287029 0.237702386929186 0 0 0 36 0 
0.5 1.5 2.5 -0.443612621816033 -0.38928966892402 -0.67541481395035 0 0 0 37 0 
1.5 1.5 2.5 -0.354707452523955 0.447011569090769 0.82758454382272 0 0 0 38 0 
2.5 1.5 2.5 -0.287724246703309 -0.694614700569396 -0.234727381419058 0 0 0 39 0 
3.5 1.5 2.5 0.910064329293698 0.0494582772172791 0.0402981800317657 0 0 0 40 0 
0.5 2.5 2.5 0.438147844017973 -0.360879045846395 -0.911375358661466 0 0 0 41 0 
1.5 2.5 2.5 0.780798062116549 0.498678972102413 -0.61493869440128 0 0 0 42 0 
2.5 2.5 2.5 0.284310645242697 0.980654359890041 0.700534688031636 0 0 0 43 0 
3.5 2.5 2.5 0.599998845642485 0.847560993856931 -0.740462306707311 0 0 0 44 0 
0.5 3.5 2.5 -0.394853817501823 -0.677030153794513 -0.882387496328286 0 0 0 45 0 
1.5 3.5 2.5 0.874879675969974 0.920562651461317 -0.0523775740156186 0 0 0 46 0 
2.5 3.5 2.5 -0.0229923501237885 0.564299734005107 0.500265433059114 0 0 0 47 0 
3.5 3.5 2.5 -0.976369774016669 0.486797126521203 -0.566758725009922 0 0 0 48 0 
0.5 0.5 3.5 -0.244469111797126 0.932115270111815 -0.360849538978654 0 0 0 49 0 
1.5 0.5 3.5 -0.873753311293301 0.382916911021063 -0.578222020888791 0 0 0 50 0 
2.5 0.5 3.5 0.62535416932188 0.990084636982594 0.337526467281325 0 0 0 51 0 
3.5 0.5 3.5 0.705625603257743 0.840130189186966 0.806238749302097 0 0 0 52 0 
0.5 1.5 3.5 0.818353211842297 0.879025847363089 0.663713886761971 0 0 0 53 0 
1.5 1.5 3.5 -0.151586624914566 -0.664345891185468 -0.0919090707008845 0 0 0 54 0 
2.5 1.5 3.5 0.740914991659539 -0.580301461455781 0.359211201994449 0 0 0 55 0 
3.5 1.5 3.5 -0.517543955561784 -0.615863225253914 -0.376877152762793 0 0 0 56 0 
0.5 2.5 3.5 0.671874199913721 -0.110217492132346 -0.246633205465123 0 0 0 57 0 
1.5 2.5 3.5 0.529184631408392 -0.269579009525109 0.144698502805553 0 0 0 58 0 
2.5 2.5 3.5 0.823471629784276 -0.969248840470103 0.428021524002347 0 0 0 59 0 
3.5 2.5 3.5 -0.317040220395708 0.451148153683894 0.279561737533723 0 0 0 60 0 
0.5 3.5 3.5 -0.562700687979625 0.338154386191426 -0.364559458768594 0 0 0 61 0 
1.5 3.5 3.5 0.0456911285359398 -0.246777036987533 -0.254580322207296 0 0 0 62 0 
2.5 3.5 3.5 0.389917187555107 0.816996148878895 0.31606374897871 0 0 0 63 0 
3.5 3.5 3.5 -0.267759195336621 0.10024733046637 0.17921746694743 0 0 0 64 0 
4.5 0.5 0.5 -0.824945550520661 -0.725131482496426 0.156853507173814 0 0 0 65 0 
5.5 0.5 0.5 -0.906823064844295 -0.645733969988994 0.231083686014684 0 0 0 66 0 
6.5 0.5 0.5 0.935135875699644 0.568129792240187 0.192611889368014 0 0 0 67 0 
7.5 0.5 0.5 -0.381689083524229 0.865937712852102 -0.361404091016343 0 0 0 68 0 
4.5 1.5 0.5 -0.341556992428819 0.619420725298707 0.264119132777643 0 0 0 69 0 
5.5 1.5 0.5 0.150935014321005 0.823682841137018 0.341457441774733 0 0 0 70 0 
6.5 1.5 0.5 0.123523056643425 -0.672881725726415 0.447751616430216 0 0 0 71 0 
7.5 1.5 0.5 0.977192461311581 0.379057560077083 -0.664746771977911 0 0 0 72 0 
4.5 2.5 0.5 -0.34551509879465 0.163394576268589 0.216231358472606 0 0 0 73 0 
5.5 2.5 0.5 0.0321166669545541 -0.145195398845841 -0.95231730967417 0 0 0 74 0 
6.5 2.5 0.5 -0.891229517546321 0.619587117948829 0.796339070768041 0 0 0 75 0 
7.5 2.5 0.5 -0.53673065618171 0.736373837218083 0.251476876900317 0 0 0 76 0 
4.5 3.5 0.5 -0.830105134669319 -0.983034529239363 0.323708530361966 0 0 0 77 0 
5.5 3.5 0.5 0.52236540738655 -0.273324649439121 0.886264218213647 0 0 0 78 0 
6.5 3.5 0.5 0.191637975885827 -0.438039113338435 0.790181552667941 0 0 0 79 0 
7.5 3.5 0.5 -0.806170229917406 -0.642348502152483 -0.852942131119031 0 0 0 80 0 
4.5 0.5 1.5 -0.175462330645797 0.179689798686196 0.360536161353719 0 0 0 81 0 
5.5 0.5 1.5 -0.6789997220591 -0.607778981671213 0.198932894029176 0 0 0 82 0 
6.5 0.5 1.5 0.10936985643176 -0.0346048976165169 0.718443663596013 0 0 0 83 0 
7.5 0.5 1.5 0.181353761940696 0.0548219160658101 0.71531423777383 0 0 0 84 0 
4.5 1.5 1.5 0.00941981220543053 0.407801829989938 -0.739377257318043 0 0 0 85 0 
5.5 1.5 1.5 -0.1213334955571 -0.0211582355423606 0.625690065053268 0 0 0 86 0 
6.5 1.5 1.5 0.633667548316428 0.746512935300763 0.595860558084669 0 0 0 87 0 
7.5 1.5 1.5 -0.672164694120822 0.670505511762832 0.646642844427469 0 0 0 88 0 
4.5 2.5 1.5 -0.155165519877612 -0.725476833029312 0.224103343988618 0 0 0 89 0 
5.5 2.5 1.5 -0.119448300797635 0.176096276301778 0.875138958359563 0 0 0 90 0 
6.5 2.5 1.5 -0.535958107391539 -0.511270027372878 -0.790364582396299 0 0 0 91 0 
7.5 2.5 1.5 -0.681635751132157 0.774438770709081 0.344209399639207 0 0 0 92 0 
4.5 3.5 1.5 -0.03893952066232 -0.782528229986169 -0.42378195060836 0 0 0 93 0 
5.5 3.5 1.5 -0.134765525974402 0.495089560144509 -0.989627660682447 0 0 0 94 0 
6.5 3.5 1.5 0.763087285127441 -0.241592080508323 -0.931673604751923 0 0 0 95 0 
7.5 3.5 1.5 0.146220186238419 0.0903320715069265 0.16181792731938 0 0 0 96 0 
4.5 0.5 2.5 -0.0520369897205044 0.624560813746988 -0.18800390320458 0 0 0 97 0 
5.5 0.5 2.5 -0.531977389317571 0.741641976098211 -0.611544387123197 0 0 0 98 0 
6.5 0.5 2.5 -0.592568563874385 0.825886411776433 0.862495217122989 0 0 0 99 0 
7.5 0.5 2.5 -0.140656590128504 0.00892470817128777 -0.749664458300009 0 0 0 100 0 
4.5 1.5 2.5 0.783981610434296 -0.60899013445253 0.789509974625491 0 0 0 101 0 
5.5 1.5 2.5 0.0956913340179071 0.0658413198180312 0.829943836260773 0 0 0 102 0 
6.5 1.5 2.5 0.247995297044227 -0.0985829230084199 -0.257554179361051 0 0 0 103 0 
7.5 1.5 2.5 0.702144170203572 -0.371087583749352 0.854999918391361 0 0 0 104 0 
4.5 2.5 2.5 0.677288707264711 -0.573432929602334 0.282841032853556 0 0 0 105 0 
5.5 2.5 2.5 -0.798989201018931 -0.117495128947514 0.19510721205137 0 0 0 106 0 
6.5 2.5 2.5 0.696922066858396 0.505675880325475 0.331054207031099 0 0 0 107 0 
7.5 2.5 2.5 0.850724698185518 0.12555203018183 -0.0722589109479397 0 0 0 108 0 
4.5 3.5 2.5 -0.805803037051914 0.378324473582013 0.251702647324159 0 0 0 109 0 
5.5 3.5 2.5 0.5771572640947 0.438747271182816 0.0394474649432583 0 0 0 110 0 
6.5 3.5 2.5 -0.0484208517195701 0.358499223553513 -0.917671904273425 0 0 0 111 0 
7.5 3.5 2.5 -0.42261001590979 -0.051169573621205 0.777451627418134 0 0 0 112 0 
4.5 0.5 3.5 -0.311651447710126 -0.885650158286772 -0.713680747636587 0 0 0 113 0 
5.5 0.5 3.5 0.708075295683661 -0.514904976909339 0.747617501298201 0 0 0 114 0 
6.5 0.5 3.5 0.922560184341571 -0.530994697108004 0.643048703840587 0 0 0 115 0 
7.5 0.5 3.5 -0.922498082179084 0.743327874674175 0.82093464726284 0 0 0 116 0 
4.5 1.5 3.5 -0.830490436053031 -0.376428473997981 0.3096719432182 0 0 0 117 0 
5.5 1.5 3.5 -0.0724753424176992 -0.0746208015080584 -0.272324593753237 0 0 0 118 0 
6.5 1.5 3.5 0.127889241859227 -0.681810629884102 0.0329340266981486 0 0 0 119 0 
7.5 1.5 3.5 -0.766088023644806 -0.829724493612709 -0.856508080560384 0 0 0 120 0 
4.5 2.5 3.5 -0.69913346362324 -0.0306938272359479 0.462003967711166 0 0 0 121 0 
5.5 2.5 3.5 -0.712354644373921 0.443893980073664 -0.400635952287528 0 0 0 122 0 
6.5 2.5 3.5 -0.0758306364023476 0.91387323117874 -0.00967503068400177 0 0 0 123 0 
7.5 2.5 3.5 -0.942417130162484 0.370488211671076 0.349543731095347 0 0 0 124 0 
4.5 3.5 3.5 0.968249920942156 0.366570882757676 -0.876583806276168 0 0 0 125 0 
5.5 3.5 3.5 -0.152948152869678 0.555905065408784 0.726161214135323 0 0 0 126 0 
6.5 3.5 3.5 -0.646090024123187 0.836330000451892 -0.919627936896891 0 0 0 127 0 
7.5 3.5 3.5 0.695751408357734 -0.130078707003719 -0.369323604675486 0 0 0 128 0 
0.5 4.5 0.5 0.258662338121801 -0.708004283302057 0.818981145515037 0 0 0 129 0 
1.5 4.5 0.5 0.29093859994391 0.68216857841864 0.992709477135789 0 0 0 130 0 
2.5 4.5 0.5 -0.0511436978949282 0.000346502379061642 -0.579828445989207 0 0 0 131 0 
3.5 4.5 0.5 0.648376602271294 0.135857298044913 0.339915167825875 0 0 0 132 0 
0.5 5.5 0.5 -0.0285629395313252 0.985800228026304 -0.887558775089738 0 0 0 133 0 
1.5 5.5 0.5 -0.340592707207551 0.232878504817357 -0.861742606295425 0 0 0 134 0 
2.5 5.5 0.5 0.264938198831593 0.340462182212666 0.0581623707417604 0 0 0 135 0 
3.5 5.5 0.5 0.809067440015156 0.646994521525277 -0.0222588216361844 0 0 0 136 0 
0.5 6.5 0.5 0.459061758570861 -0.714404377975151 0.0506818276828687 0 0 0 137 0 
1.5 6.5 0.5 -0.16987060125764 0.0707387036234557 0.423115940164138 0 0 0 138 0 
2.5 6.5 0.5 -0.77079377873625 0.851209645294764 -0.998750385090799 0 0 0 139 0 
3.5 6.5 0.5 0.850069924258303 -0.443482064493203 0.494955057600106 0 0 0 140 0 
0.5 7.5 0.5 -0.161773668600188 -0.97744648637121 -0.681707349958827 0 0 0 141 0 
1.5 7.5 0.5 0.468975031395122 -0.0140134908063967 0.617148899788847 0 0 0 142 0 
2.5 7.5 0.5 -0.137397435352992 -0.668704138242617 0.246060047377106 0 0 0 143 0 
3.5 7.5 0.5 0.523387364396978 -0.200544119885714 -0.73816521834613 0 0 0 144 0 
0.5 4.5 1.5 -0.357924896026197 0.0872777223665637 -0.719684588391692 0 0 0 145 0 
1.5 4.5 1.5 0.980951554168017 -0.32814330669732 -0.154722927006268 0 0 0 146 0 
2.5 4.5 1.5 0.193384125228107 -0.513126790384391 0.353520929654902 0 0 0 147 0 
3.5 4.5 1.5 -0.933163860413736 -0.841959602217621 0.677113896182673 0 0 0 148 0 
0.5 5.5 1.5 -0.285974331903754 0.354470591552958 0.932988455966145 0 0 0 149 0 
1.5 5.5 1.5 -0.23764438273783 0.681522676160456 -0.540333631956372 0 0 0 150 0 
2.5 5.5 1.5 0.868281887168243 -0.618552209190817 0.0960751948112444 0 0 0 151 0 
3.5 5.5 1.5 -0.848715976577317 -0.847448676550205 0.444139549942912 0 0 0 152 0 
0.5 6.5 1.5 -0.584625964278516 -0.0214033802851747 0.135486451217114 0 0 0 153 0 
1.5 6.5 1.5 0.333666206844032 0.400218554704383 0.988729503406982 0 0 0 154 0 
2.5 6.5 1.5 0.990079028501673 0.0441881544135785 -0.143172711359467 0 0 0 155 0 
3.5 6.5 1.5 0.152596937327346 0.87563864913449 0.0844907406405877 0 0 0 156 0 
0.5 7.5 1.5 0.820813659137447 -0.92757878879135 -0.0202942668118828 0 0 0 157 0 
1.5 7.5 1.5 -0.263645766524303 -0.21924232068553 0.663305713106052 0 0 0 158 0 
2.5 7.5 1.5 -0.0455350514260984 -0.319563651033534 -0.866872570561367 0 0 0 159 0 
3.5 7.5 1.5 0.204648409188433 -0.574007565081202 -0.487869841294172 0 0 0 160 0 
0.5 4.5 2.5 -0.162807915428374 -0.222409791133585 -0.113866926239951 0 0 0 161 0 
1.5 4.5 2.5 -0.776323245529618 0.722599042253941 -0.579372271547328 0 0 0 162 0 
2.5 4.5 2.5 -0.128551818801372 -0.644201859147367 -0.47250399192366 0 0 0 163 0 
3.5 4.5 2.5 0.0866422184487494 -0.880961124879841 0.448590050439001 0 0 0 164 0 
0.5 5.5 2.5 -0.806619671482698 0.92651410978132 0.314645532492351 0 0 0 165 0 
1.5 5.5 2.5 0.50367723766497 -0.981682950646021 0.681808436221865 0 0 0 166 0 
2.5 5.5 2.5 0.156497048810765 -0.13936349517567 -0.360200748113186 0 0 0 167 0 
3.5 5.5 2.5 0.0209642509078471 -0.862032644101526 0.754389437956281 0 0 0 168 0 
0.5 6.5 2.5 -0.202856310416912 0.311905896832434 -0.00953665383464652 0 0 0 169 0 
1.5 6.5 2.5 0.751325510307208 -0.51109886210677 0.539833187478991 0 0 0 170 0 
2.5 6.5 2.5 -0.866605929915749 -0.228544845609609 0.180384802390108 0 0 0 171 0 
3.5 6.5 2.5 0.161188968753081 -0.670898702119537 0.984773343631202 0 0 0 172 0 
0.5 7.5 2.5 -0.949641865384835 -0.706842140139543 -0.288655342901407 0 0 0 173 0 
1.5 7.5 2.5 -0.981548078043017 -0.081095428278371 -0.315682828794082 0 0 0 174 0 
2.5 7.5 2.5 -0.525701573017977 0.688106293534495 0.687719178241995 0 0 0 175 0 
3.5 7.5 2.5 -0.05984579653669 -0.226564804281885 0.199714185158412 0 0 0 176 0 
0.5 4.5 3.5 0.356199521871283 0.538100812117182 0.369103650910572 0 0 0 177 0 
1.5 4.5 3.5 0.684761679082956 -0.300688130113994 -0.826048704223128 0 0 0 178 0 
2.5 4.5 3.5 0.875949959611281 -0.0664255477748089 0.869765479005043 0 0 0 179 0 
3.5 4.5 3.5 -0.54349689736429 -0.567750208689399 -0.720096512314274 0 0 0 180 0 
0.5 5.5 3.5 0.358124684591328 -0.971735967114333 -0.940816197644452 0 0 0 181 0 
1.5 5.5 3.5 -0.394621805955234 0.531594912292084 0.54967393089405 0 0 0 182 0 
2.5 5.5 3.5 -0.699673603604993 0.419021955517266 -0.561805382221655 0 0 0 183 0 
3.5 5.5 3.5 -0.850481725891564 -0.623489329715086 -0.631602880808938 0 0 0 184 0 
0.5 6.5 3.5 0.470398975845458 -0.505484436252189 -0.848810828831899 0 0 0 185 0 
1.5 6.5 3.5 -0.991648379260588 -0.397407431976068 0.20560882614275 0 0 0 186 0 
2.5 6.5 3.5 -0.245990845206362 0.155729689833834 0.705719883922682 0 0 0 187 0 
3.5 6.5 3.5 0.22259549281257 0.852741329096075 0.32904079849117 0 0 0 188 0 
0.5 7.5 3.5 0.874725095348423 0.838376238304357 -0.0262551420666183 0 0 0 189 0 
1.5 7.5 3.5 0.173437390739797 0.489426592529045 0.570718027678657 0 0 0 190 0 
2.5 7.5 3.5 -0.128046742379369 -0.119417287582407 -0.888264539612731 0 0 0 191 0 
3.5 7.5 3.5 -0.479679538350832 -0.377258850886035 0.197315533532807 0 0 0 192 0 
4.5 4.5 0.5 -0.914511305982516 0.230118257662365 0.501955275513787 0 0 0 193 0 
5.5 4.5 0.5 0.918851321256929 0.507668666536222 0.521195913451397 0 0 0 194 0 
6.5 4.5 0.5 0.593795862750247 0.972555056020326 -0.292616651027146 0 0 0 195 0 
7.5 4.5 0.5 -0.638665468882458 0.421657071928856 -0.959223218082944 0 0 0 196 0 
4.5 5.5 0.5 0.104266541980363 0.0708158456238677 0.929106682770198 0 0 0 197 0 
5.5 5.5 0.5 0.12589621756401 0.939575964215912 -0.572119866529556 0 0 0 198 0 
6.5 5.5 0.5 0.480545821116356 -0.812010505493049 -0.760135228265733 0 0 0 199 0 
7.5 5.5 0.5 0.337903286842734 -0.413710240283097 0.605382304323221 0 0 0 200 0 
4.5 6.5 0.5 0.871576017998955 0.918848333684027 -0.0181286865359154 0 0 0 201 0 
5.5 6.5 0.5 0.0776991382797252 0.988695812780906 0.62704290075161 0 0 0 202 0 
6.5 6.5 0.5 0.789029329208535 -0.130661270288348 0.793939519996515 0 0 0 203 0 
7.5 6.5 0.5 0.768351580394664 0.80109135254857 0.983866972478351 0 0 0 204 0 
4.5 7.5 0.5 0.741127275080172 -0.43290693165288 -0.0230933753870235 0 0 0 205 0 
5.5 7.5 0.5 -0.709516416090077 0.402742263145748 0.46045984444388 0 0 0 206 0 
6.5 7.5 0.5 -0.615260854650488 0.335653569808431 -0.742932034041871 0 0 0 207 0 
7.5 7.5 0.5 -0.105611374745923 0.521591613036379 -0.700914543552693 0 0 0 208 0 
4.5 4.5 1.5 0.399514087452641 -0.103659484885449 0.529714931132266 0 0 0 209 0 
5.5 4.5 1.5 -0.877290919078573 -0.336056332319404 -0.191826658794787 0 0 0 210 0 
6.5 4.5 1.5 -0.112368445778697 0.9808659877173 0.616142282678623 0 0 0 211 0 
7.5 4.5 1.5 -0.966567651117069 0.895766960659775 0.706218347554681 0 0 0 212 0 
4.5 5.5 1.5 -0.323296268931026 -0.87471989179378 0.861375157110723 0 0 0 213 0 
5.5 5.5 1.5 0.507896274495528 0.262086053507073 0.875912318442599 0 0 0 214 0 
6.5 5.5 1.5 0.625093925195304 -0.65570350520813 0.105239204612892 0 0 0 215 0 
7.5 5.5 1.5 0.182364285781536 -0.681581442598047 0.834442243182208 0 0 0 216 0 
4.5 6.5 1.5 -0.114813768791528 0.777209122316692 -0.911245613765151 0 0 0 217 0 
5.5 6.5 1.5 0.318121843750891 -0.946672731265765 -0.897124122882351 0 0 0 218 0 
6.5 6.5 1.5 -0.831261205474091 -0.635654683280977 0.860488266311032 0 0 0 219 0 
7.5 6.5 1.5 0.595082310000135 -0.9669986410136 0.185536181184421 0 0 0 220 0 
4.5 7.5 1.5 -0.0276896122092806 -0.60043202158211 0.603428424053184 0 0 0 221 0 
5.5 7.5 1.5 0.525279446880438 0.292604390379183 -0.877265048805737 0 0 0 222 0 
6.5 7.5 1.5 0.0291999805742527 -0.133752570005689 -0.834890899410859 0 0 0 223 0 
7.5 7.5 1.5 0.804769624546544 0.918312476922866 0.91365701803983 0 0 0 224 0 
4.5 4.5 2.5 0.927058357152554 -0.857059819534649 0.290472873582535 0 0 0 225 0 
5.5 4.5 2.5 0.82425252384154 -0.880652535710365 0.326657239441805 0 0 0 226 0 
6.5 4.5 2.5 0.328008407640553 -0.789929150574944 -0.738708522991159 0 0 0 227 0 
7.5 4.5 2.5 -0.769970046052405 0.525406100303201 0.880480120522239 0 0 0 228 0 
4.5 5.5 2.5 -0.690827164887705 0.0511116581910986 0.580683219416236 0 0 0 229 0 
5.5 5.5 2.5 -0.177805352156547 -0.827613742924547 0.728058905645744 0 0 0 230 0 
6.5 5.5 2.5 -0.900511138846054 -0.159718362141481 0.983488747021259 0 0 0 231 0 
7.5 5.5 2.5 -0.844359740849721 0.0302193733895288 0.650695616634805 0 0 0 232 0 
4.5 6.5 2.5 -0.86689170167608 -0.892807022601597 0.655645560880679 0 0 0 233 0 
5.5 6.5 2.5 -0.564892673979235 0.804119501278428 0.0787765981644244 0 0 0 234 0 
6.5 6.5 2.5 -0.374400555451104 -0.10202849631606 -0.103031695314131 0 0 0 235 0 
7.5 6.5 2.5 0.575198969374227 -0.96854588680392 0.912244345886703 0 0 0 236 0 
4.5 7.5 2.5 0.968476788784015 -0.167948261439082 -0.935344516668037 0 0 0 237 0 
5.5 7.5 2.5 0.3783637030333 -0.943843764777723 0.530645232203182 0 0 0 238 0 
6.5 7.5 2.5 -0.749384163128378 0.596660365419341 0.985242860207171 0 0 0 239 0 
7.5 7.5 2.5 -0.0754394243608369 -0.824923746633036 0.48777932572189 0 0 0 240 0 
4.5 4.5 3.5 0.522222938448551 -0.207454805934726 0.186948472296111 0 0 0 241 0 
5.5 4.5 3.5 -0.82893421843085 -0.654350192599873 0.194729069673166 0 0 0 242 0 
6.5 4.5 3.5 -0.0104060197449899 -0.598854913193946 0.847587263066189 0 0 0 243 0 
7.5 4.5 3.5 0.0705808308999134 0.431017236931818 -0.282252370243192 0 0 0 244 0 
4.5 5.5 3.5 0.960553050606835 -0.0268017302595656 0.744838055138335 0 0 0 245 0 
5.5 5.5 3.5 0.832443681598328 0.0492047989669362 0.746355983149872 0 0 0 246 0 
6.5 5.5 3.5 -0.799866441327758 0.66615428537918 -0.840887057647364 0 0 0 247 0 
7.5 5.5 3.5 -0.344708672676478 -0.0638664058697281 -0.952830347687157 0 0 0 248 0 
4.5 6.5 3.5 -0.430694104632393 0.369306728538495 -0.265010638302836 0 0 0 249 0 
5.5 6.5 3.5 -0.393821540850444 0.688223607932482 0.705130758258719 0 0 0 250 0 
6.5 6.5 3.5 0.325527002274917 -0.0978291477922298 -0.806020309894443 0 0 0 251 0 
7.5 6.5 3.5 -0.49767237017105 -0.498397968753567 0.48519096707308 0 0 0 252 0 
4.5 7.5 3.5 0.63658868471665 0.365013066099138 0.229966730652825 0 0 0 253 0 
5.5 7.5 3.5 -0.120105315099108 0.783923916212851 -0.588794135966643 0 0 0 254 0 
6.5 7.5 3.5 0.978839178255921 -0.0619455909989007 -0.238681313402363 0 0 0 255 0 
7.5 7.5 3.5 0.432101870795473 -0.0689957696757402 0.297532975274422 0 0 0 256 0 
0.5 0.5 4.5 0.275626890347536 0.301355568553404 -0.937311400424944 0 0 0 1 1 
1.5 0.5 4.5 0.538643610888474 -0.738158491165712 0.728218710692651 0 0 0 2 1 
2.5 0.5 4.5 0.369979542637774 0.360734178370429 0.635090611710006 0 0 0 3 1 
3.5 0.5 4.5 0.789214662638175 0.357859819836376 -0.473627266280185 0 0 0 4 1 
0.5 1.5 4.5 0.575758765295656 0.0913684304125628 -0.404170535665368 0 0 0 5 1 
1.5 1.5 4.5 -0.352390187110229 0.604705789064218 0.228916371926966 0 0 0 6 1 
2.5 1.5 4.5 0.862688238100708 -0.306638397508391 -0.363945907131701 0 0 0 7 1 
3.5 1.5 4.5 -0.443311247385928 0.821484711028816 0.851903871421295 0 0 0 8 1 
0.5 2.5 4.5 0.59158694009109 -0.821904608459125 0.0624755695851447 0 0 0 9 1 
1.5 2.5 4.5 0.467971032050754 -0.167382774594704 -0.215023762566223 0 0 0 10 1 
2.5 2.5 4.5 -0.292152996338208 -0.907312467153457 -0.805960182837688 0 0 0 11 1 
3.5 2.5 4.5 0.949090040580497 0.166114300499379 -0.620130440345435 0 0 0 12 1 
0.5 3.5 4.5 0.643330070985931 -0.825462484879564 0.552139984829846 0 0 0 13 1 
1.5 3.5 4.5 0.611842918626247 -0.463387470175516 -0.574792133283226 0 0 0 14 1 
2.5 3.5 4.5 0.547269883890865 -0.291537953191851 -0.672260548312966 0 0 0 15 1 
3.5 3.5 4.5 -0.178469023940257 0.721278963160195 0.0214013199537599 0 0 0 16 1 
0.5 0.5 5.5 -0.871002924486385 0.523043719908763 -0.366570716977962 0 0 0 17 1 
1.5 0.5 5.5 0.9926777363175 0.589419378583272 0.737566456275796 0 0 0 18 1 
2.5 0.5 5.5 -0.229443494153395 0.0531840770040832 -0.00246737138819697 0 0 0 19 1 
3.5 0.5 5.5 0.275433766752664 -0.365729407748005 0.0534474279614185 0 0 0 20 1 
0.5 1.5 5.5 -0.940046875175593 -0.185500297702204 -0.775470443225669 0 0 0 21 1 
1.5 1.5 5.5 0.0438512174797863 0.282441727979842 0.0327432969685226 0 0 0 22 1 
2.5 1.5 5.5 -0.902494316181171 -0.501430462541823 -0.886342311133519 0 0 0 23 1 
3.5 1.5 5.5 0.170930750262514 -0.0475206179487826 0.778845924374082 0 0 0 24 1 
0.5 2.5 5.5 0.180302738210817 -0.669593344495355 0.704028919507509 0 0 0 25 1 
1.5 2.5 5.5 0.327472318779829 0.955185896521546 0.673882637425435 0 0 0 26 1 
2.5 2.5 5.5 0.336465505825294 0.245217237809349 0.687853348004968 0 0 0 27 1 
3.5 2.5 5.5 -0.438170296381932 0.41031532281407 -0.595808494921587 0 0 0 28 1 
0.5 3.5 5.5 -0.265893230091777 0.358820294747053 0.191984997685443 0 0 0 29 1 
1.5 3.5 5.5 -0.278352537951647 -0.65758332968637 0.348001995542353 0 0 0 30 1 
2.5 3.5 5.5 -0.897646382713449 0.109500595755149 0.487064158158462 0 0 0 31 1 
3.5 3.5 5.5 -0.128637485398131 -0.630468027902254 -0.44653076508336 0 0 0 32 1 
0.5 0.5 6.5 0.738187779265272 0.109442369712617 0.783002515484083 0 0 0 33 1 
1.5 0.5 6.5 0.214629403867955 -0.185721454336813 -0.682343341892985 0 0 0 34 1 
2.5 0.5 6.5 -0.265749428802484 -0.365202638056599 0.476547446306785 0 0 0 35 1 
3.5 0.5 6.5 0.769583301947973 0.469849888740455 -0.237487321507003 0 0 0 36 1 
0.5 1.5 6.5 0.873794883869893 -0.710393420480827 0.29048916642689 0 0 0 37 1 
1.5 1.5 6.5 0.885787620221911 0.0831921480931206 -0.935561498462253 0 0 0 38 1 
2.5 1.5 6.5 0.152173527900536 0.246963268358606 -0.822724377792266 0 0 0 39 1 
3.5 1.5 6.5 0.0855617118309377 0.70600668327763 0.802677235775428 0 0 0 40 1 
0.5 2.5 6.5 0.532235341858391 -0.916213003777546 0.889026752155014 0 0 0 41 1 
1.5 2.5 6.5 -0.287445016688295 0.878938960022586 -0.636052031262151 0 0 0 42 1 
2.5 2.5 6.5 0.219320264263938 -0.3278147441672 0.802916148041278 0 0 0 43 1 
3.5 2.5 6.5 0.951740153000717 0.00110898148643934 0.0037744371353603 0 0 0 44 1 
0.5 3.5 6.5 0.888903365361338 -0.261733922838879 -0.522625372224689 0 0 0 45 1 
1.5 3.5 6.5 0.18969998214494 0.305503670642734 -0.342952502896057 0 0 0 46 1 
2.5 3.5 6.5 0.644559184502963 0.897106876493082 0.612201624137843 0 0 0 47 1 
3.5 3.5 6.5 0.0785254038028789 0.983560777884905 -0.833644370276847 0 0 0 48 1 
0.5 0.5 7.5 0.166828730125033 0.700074076432763 0.774077811186568 0 0 0 49 1 
1.5 0.5 7.5 0.0290589577133848 -0.382034429604536 -0.0285850332359621 0 0 0 50 1 
2.5 0.5 7.5 0.275719127842141 -0.318902755148528 0.846216847310612 0 0 0 51 1 
3.5 0.5 7.5 -0.385917519229728 -0.933985710718873 0.44154612696508 0 0 0 52 1 
0.5 1.5 7.5 -0.5861663510454 -0.0348645608397693 -0.153256313382659 0 0 0 53 1 
1.5 1.5 7.5 -0.202568405764682 0.159033210319265 -0.803646314290325 0 0 0 54 1 
2.5 1.5 7.5 -0.436461943965048 -0.509224196450619 -0.223265517204247 0 0 0 55 1 
3.5 1.5 7.5 -0.839493940653452 0.304147385209589 0.710008938133694 0 0 0 56 1 
0.5 2.5 7.5 0.136454402019118 0.271423200122777 -0.372113874513447 0 0 0 57 1 
1.5 2.5 7.5 -0.663153705736072 0.600858176625054 0.0993571469952228 0 0 0 58 1 
2.5 2.5 7.5 0.646489715148125 -0.391633046494156 0.857047697279995 0 0 0 59 1 
3.5 2.5 7.5 0.421879406794323 0.691888819084421 0.499690915748947 0 0 0 60 1 
0.5 3.5 7.5 0.749286641194047 -0.732348963621464 0.741817560977022 0 0 0 61 1 
1.5 3.5 7.5 0.809411964306234 -0.0383852565140511 0.168422846736607 0 0 0 62 1 
2.5 3.5 7.5 -0.990395530823079 0.842782172845633 0.261103522775641 0 0 0 63 1 
3.5 3.5 7.5 -0.814595721809974 -0.322890478611041 -0.788914843707555 0 0 0 64 1 
4.5 0.5 4.5 0.497583964459311 -0.889380806250743 -0.364591835317283 0 0 0 65 1 
5.5 0.5 4.5 0.885883388115722 -0.972249112756428 -0.165732973905118 0 0 0 66 1 
6.5 0.5 4.5 0.869395904333518 -0.804266485138914 0.387360532722101 0 0 0 67 1 
7.5 0.5 4.5 -0.925806741989541 -0.674813300967549 -0.853384985991855 0 0 0 68 1 
4.5 1.5 4.5 0.369578628413438 -0.962866018129974 -0.499526037771167 0 0 0 69 1 
5.5 1.5 4.5 0.33574233030526 -0.110656164823544 -0.421078820256576 0 0 0 70 1 
6.5 1.5 4.5 -0.848186498436396 -0.207795319434453 0.107487336435941 0 0 0 71 1 
7.5 1.5 4.5 -0.830269907285479 0.82892366496368 -0.363352393256085 0 0 0 72 1 
4.5 2.5 4.5 0.382257834250733 0.426460444459732 -0.656421972387975 0 0 0 73 1 
5.5 2.5 4.5 -0.18556239110035 0.440657534605706 0.785516748963857 0 0 0 74 1 
6.5 2.5 4.5 -0.888559658470678 0.483808424914442 -0.230219260492972 0 0 0 75 1 
7.5 2.5 4.5 0.927396708339569 -0.644415092655022 0.449695730098866 0 0 0 76 1 
4.5 3.5 4.5 -0.0570067122048807 -0.251599144694115 0.824695305120643 0 0 0 77 1 
5.5 3.5 4.5 0.976371486620882 -0.66585806795491 -0.0492155548325938 0 0 0 78 1 
6.5 3.5 4.5 0.615746983677588 0.327872957976258 0.121060974492782 0 0 0 79 1 
7.5 3.5 4.5 -0.247033309132712 0.177273307549405 0.406391588577518 0 0 0 80 1 
4.5 0.5 5.5 -0.507429522921621 -0.311014808786066 -0.769345890086888 0 0 0 81 1 
5.5 0.5 5.5 0.516595584667394 0.621742701458672 0.244841035579762 0 0 0 82 1 
6.5 0.5 5.5 -0.856318034965493 -0.313559719800109 0.4333933353216 0 0 0 83 1 
7.5 0.5 5.5 -0.825608009604538 0.185945409135535 -0.806873469922865 0 0 0 84 1 
4.5 1.5 5.5 0.305286421331164 0.970238222287932 -0.470919715972376 0 0 0 85 1 
5.5 1.5 5.5 -0.93131725533794 -0.311292821484675 -0.059326495634102 0 0 0 86 1 
6.5 1.5 5.5 -0.669539280984688 0.298038031241042 0.457244884153636 0 0 0 87 1 
7.5 1.5 5.5 0.0782952284644429 -0.321817124441894 0.939548341833431 0 0 0 88 1 
4.5 2.5 5.5 -0.998385313465438 0.331573204195532 0.628749756395848 0 0 0 89 1 
5.5 2.5 5.5 -0.739037177009877 -0.552873974190554 -0.960591913542848 0 0 0 90 1 
6.5 2.5 5.5 0.897438757680975 0.528252810263018 -0.731636506313123 0 0 0 91 1 
7.5 2.5 5.5 -0.0761410052247832 -0.431608781516608 0.887864656346357 0 0 0 92 1 
4.5 3.5 5.5 -0.786312618107015 -0.489533716134251 -0.744926256876334 0 0 0 93 1 
5.5 3.5 5.5 -0.538592590493524 0.233141659792466 0.17843287581924 0 0 0 94 1 
6.5 3.5 5.5 0.856404933370957 0.499937666435636 0.38289006967538 0 0 0 95 1 
7.5 3.5 5.5 -0.0357516487260645 -0.129544998627531 -0.417690890577195 0 0 0 96 1 
4.5 0.5 6.5 0.517796508823392 0.184239129977053 -0.362940628094547 0 0 0 97 1 
5.5 0.5 6.5 -0.182271067041229 0.354424929455622 -0.483860160732901 0 0 0 98 1 
6.5 0.5 6.5 0.919452538980506 -0.459734938703783 0.617187834692501 0 0 0 99 1 
7.5 0.5 6.5 0.497692925145716 0.527028872460124 0.526460399183299 0 0 0 100 1 
4.5 1.5 6.5 0.928109424010517 0.39199522979888 0.579436890485302 0 0 0 101 1 
5.5 1.5 6.5 0.42826154761474 -0.275706882417241 0.857671300420511 0 0 0 102 1 
6.5 1.5 6.5 0.463374021316174 0.866575426740828 -0.964530089774484 0 0 0 103 1 
7.5 1.5 6.5 -0.829264942600152 0.423796431368565 0.649536721708101 0 0 0 104 1 
4.5 2.5 6.5 -0.320581168768334 -0.763762456090918 -0.860285670847069 0 0 0 105 1 
5.5 2.5 6.5 -0.417240291722461 0.77246786930784 -0.611265550993669 0 0 0 106 1 
6.5 2.5 6.5 0.465896013810472 0.995764627642896 -0.990964715163329 0 0 0 107 1 
7.5 2.5 6.5 0.644347478200056 0.476833825100756 -0.301969295025819 0 0 0 108 1 
4.5 3.5 6.5 -0.908181900867904 -0.218966742705082 -0.794856881061398 0 0 0 109 1 
5.5 3.5 6.5 -0.454226325958785 -0.570783604329872 0.620565792586845 0 0 0 110 1 
6.5 3.5 6.5 -0.304760261084876 -0.655992363508597 0.67848385900523 0 0 0 111 1 
7.5 3.5 6.5 -0.39670285649362 0.926099304950014 0.314138632058404 0 0 0 112 1 
4.5 0.5 7.5 -0.596426780748005 -0.230366505704679 0.124342472905492 0 0 0 113 1 
5.5 0.5 7.5 0.933107719163703 0.625512344671506 0.00309128522488589 0 0 0 114 1 
6.5 0.5 7.5 0.22383253024536 -0.0770021504489643 0.446187115094453 0 0 0 115 1 
7.5 0.5 7.5 -0.877190546393822 0.147601194030908 0.108968921808608 0 0 0 116 1 
4.5 1.5 7.5 -0.373079546447564 0.225968341385136 0.00307879065586536 0 0 0 117 1 
5.5 1.5 7.5 0.364119525905272 0.19842125191021 0.381930975023987 0 0 0 118 1 
6.5 1.5 7.5 -0.755114932163022 0.386654990008074 -0.76560505758001 0 0 0 119 1 
7.5 1.5 7.5 0.372865980858879 -0.445165305642599 -0.912096492721608 0 0 0 120 1 
4.5 2.5 7.5 -0.231489505156971 -0.119688563009048 0.952668889702308 0 0 0 121 1 
5.5 2.5 7.5 -0.192095044500718 0.173227700266338 -0.587085134417976 0 0 0 122 1 
6.5 2.5 7.5 0.229757109167171 -0.0790832022060853 -0.415871027411194 0 0 0 123 1 
7.5 2.5 7.5 0.431135066682377 0.213073347708453 -0.655501964644639 0 0 0 124 1 
4.5 3.5 7.5 0.508666305789126 -0.156983567941511 0.525594447753532 0 0 0 125 1 
5.5 3.5 7.5 -0.106665457080351 -0.860488675795854 -0.293293965469153 0 0 0 126 1 
6.5 3.5 7.5 0.81704069876195 0.636333976457074 -0.654982536230975 0 0 0 127 1 
7.5 3.5 7.5 0.484773425502449 0.594439724445508 0.904584417685758 0 0 0 128 1 
0.5 4.5 4.5 -0.596140087860839 -0.905149477063324 0.818866898777147 0 0 0 129 1 
1.5 4.5 4.5 0.583840297809613 -0.884399260963717 -0.595248803408903 0 0 0 130 1 
2.5 4.5 4.5 -0.215825515021266 -0.46463047884706 -0.909601426916648 0 0 0 131 1 
3.5 4.5 4.5 -0.0486931005396138 0.415085894131709 0.670303079618942 0 0 0 132 1 
0.5 5.5 4.5 0.66948473998189 -0.938615097577706 0.316309994413266 0 0 0 133 1 
1.5 5.5 4.5 -0.735161215559849 -0.173683375942065 0.338579760201903 0 0 0 134 1 
2.5 5.5 4.5 -0.752159898065787 -0.72326892341379 0.0330971943096579 0 0 0 135 1 
3.5 5.5 4.5 0.839219539125804 -0.113347470127722 0.880606732421727 0 0 0 136 1 
0.5 6.5 4.5 -0.81769076661486 -0.645150186219735 0.574208814503476 0 0 0 137 1 
1.5 6.5 4.5 -0.783762074807431 -0.888610097032105 0.212380165901878 0 0 0 138 1 
2.5 6.5 4.5 0.117802550787048 -0.972050694627297 -0.258470494128019 0 0 0 139 1 
3.5 6.5 4.5 0.687173984464872 -0.251192565539895 0.0554242187262972 0 0 0 140 1 
0.5 7.5 4.5 0.360413750964233 -0.776164150561638 0.833638150506091 0 0 0 141 1 
1.5 7.5 4.5 0.145967279203749 0.727246751024465 0.4541543970214 0 0 0 142 1 
2.5 7.5 4.5 0.617890261811162 -0.0138622322044832 0.256163974163943 0 0 0 143 1 
3.5 7.5 4.5 0.591929444822701 0.765844518920848 0.206622378620576 0 0 0 144 1 
0.5 4.5 5.5 -0.933513877129211 0.614128192956713 -0.97898627665281 0 0 0 145 1 
1.5 4.5 5.5 -0.195362452100117 -0.23158026742956 0.430548952873206 0 0 0 146 1 
2.5 4.5 5.5 -0.301408483792606 -0.460483107653754 -0.54460776271687 0 0 0 147 1 
3.5 4.5 5.5 -0.598290528271215 -0.438679076943825 0.277655377329136 0 0 0 148 1 
0.5 5.5 5.5 0.0683777244705643 0.0868745321364404 -0.813134276090112 0 0 0 149 1 
1.5 5.5 5.5 -0.543338338973746 -0.123442826693621 -0.393360246401119 0 0 0 150 1 
2.5 5.5 5.5 -0.0499682953415065 0.582464037096928 -0.233126572882548 0 0 0 151 1 
3.5 5.5 5.5 -0.158378094339912 -0.00474387673589671 0.802272679065619 0 0 0 152 1 
0.5 6.5 5.5 0.847235313286301 0.412381209422684 -0.463903178895547 0 0 0 153 1 
1.5 6.5 5.5 -0.616012608669678 0.80493274868998 0.268612584216987 0 0 0 154 1 
2.5 6.5 5.5 -0.260307822428921 -0.543163269288547 -0.779952590487969 0 0 0 155 1 
3.5 6.5 5.5 -0.878403213553367 0.958794553290575 0.317091732724875 0 0 0 156 1 
0.5 7.5 5.5 -0.530946103632208 0.767947702761972 -0.0940610539436829 0 0 0 157 1 
1.5 7.5 5.5 -0.0164656368996022 0.667407136019815 0.663458884952487 0 0 0 158 1 
2.5 7.5 5.5 0.118887953933866 0.912483892871826 0.878910248574702 0 0 0 159 1 
3.5 7.5 5.5 -0.463714275788366 -0.347760547939823 -0.86797962256775 0 0 0 160 1 
0.5 4.5 6.5 0.772545614234082 0.679556946140191 -0.755865310490699 0 0 0 161 1 
1.5 4.5 6.5 0.906916138179013 -0.232823818373825 0.184434924181858 0 0 0 162 1 
2.5 4.5 6.5 -0.695447502867509 0.0556858749738145 -0.58342245045792 0 0 0 163 1 
3.5 4.5 6.5 0.857161373023812 0.445027983235216 0.904402969138178 0 0 0 164 1 
0.5 5.5 6.5 -0.705737414943474 0.530492036061438 -0.62087718391205 0 0 0 165 1 
1.5 5.5 6.5 -0.647427641374182 -0.511193889296642 -0.810964389525941 0 0 0 166 1 
2.5 5.5 6.5 0.452390578486927 0.943479964386302 -0.172799128502271 0 0 0 167 1 
3.5 5.5 6.5 -0.850718440638097 -0.705013368698264 0.64433542250382 0 0 0 168 1 
0.5 6.5 6.5 -0.101185592353653 0.816133253628804 0.318844594875313 0 0 0 169 1 
1.5 6.5 6.5 0.0624733420256394 -0.0303908093672229 -0.340694809713907 0 0 0 170 1 
2.5 6.5 6.5 -0.86485665722559 -0.351889551568347 -0.452330001037772 0 0 0 171 1 
3.5 6.5 6.5 -0.429979704063829 0.290334882534941 0.156626155577663 0 0 0 172 1 
0.5 7.5 6.5 0.225694409562488 0.41526507716388 0.2031518532307 0 0 0 173 1 
1.5 7.5 6.5 -0.863341510374222 -0.578662927639078 -0.873673599160166 0 0 0 174 1 
2.5 7.5 6.5 -0.668697097645193 -0.595127219292803 0.456160040494145 0 0 0 175 1 
3.5 7.5 6.5 -0.145136524300444 0.870977546034343 -0.85089660750063 0 0 0 176 1 
0.5 4.5 7.5 -0.429060828052375 0.527904531172121 0.821102962234271 0 0 0 177 1 
1.5 4.5 7.5 -0.902133621985105 0.205794285365195 -0.471543955247947 0 0 0 178 1 
2.5 4.5 7.5 -0.620386094362794 -0.412135111648979 -0.541012531912276 0 0 0 179 1 
3.5 4.5 7.5 0.73591013562265 -0.0651474485604725 0.626105269676032 0 0 0 180 1 
0.5 5.5 7.5 0.22665271276095 0.811827932336859 0.896390380642561 0 0 0 181 1 
1.5 5.5 7.5 -0.771899958236799 0.538897089754294 0.204405986586054 0 0 0 182 1 
2.5 5.5 7.5 -0.0112962931521684 -0.966570360148236 0.052592799138595 0 0 0 183 1 
3.5 5.5 7.5 0.143103313871968 -0.739518232048662 -0.151097061475806 0 0 0 184 1 
0.5 6.5 7.5 0.533657717721357 0.322433924787755 0.519554911524486 0 0 0 185 1 
1.5 6.5 7.5 0.0407860676674237 -0.279293811751784 0.207419914197428 0 0 0 186 1 
2.5 6.5 7.5 0.483208271920732 0.0488481093536022 -0.640063109650128 0 0 0 187 1 
3.5 6.5 7.5 0.759022695968594 -0.5898347936941 0.541897639837989 0 0 0 188 1 
0.5 7.5 7.5 0.729029497564644 -0.378794756809439 -0.960566859529662 0 0 0 189 1 
1.5 7.5 7.5 0.30349282148623 0.921023699337437 -0.705809124524993 0 0 0 190 1 
2.5 7.5 7.5 -0.187096851678129 -0.0737857550316313 0.152888521212179 0 0 0 191 1 
3.5 7.5 7.5 -0.104310597677234 0.22083603656747 0.785450801169597 0 0 0 192 1 
4.5 4.5 4.5 0.943861741754948 0.103827238757129 0.0911149014026305 0 0 0 193 1 
5.5 4.5 4.5 -0.247395163478615 0.312964714797661 -0.678423874284088 0 0 0 194 1 
6.5 4.5 4.5 0.545514039647494 0.0138013636422558 -0.678329287950325 0 0 0 195 1 
7.5 4.5 4.5 0.716111784218466 -0.777398494189117 -0.730675627237417 0 0 0 196 1 
4.5 5.5 4.5 -0.355109746454923 0.190893541044568 -0.725556614692382 0 0 0 197 1 
5.5 5.5 4.5 -0.265296576367058 0.600105892011531 0.752526278146067 0 0 0 198 1 
6.5 5.5 4.5 -0.421456576133989 -0.764029898139473 0.331604699763336 0 0 0 199 1 
7.5 5.5 4.5 0.778769178337834 0.591491795601133 -0.852541050520253 0 0 0 200 1 
4.5 6.5 4.5 -0.0533588111802408 0.97991978875349 0.955434261682972 0 0 0 201 1 
5.5 6.5 4.5 0.187028293204346 -0.565855369414552 -0.11274039153716 0 0 0 202 1 
6.5 6.5 4.5 -0.565279207719941 -0.0596133071634842 0.0795208240020191 0 0 0 203 1 
7.5 6.5 4.5 -0.0783977032283739 -0.416314820291505 -0.871259368595377 0 0 0 204 1 
4.5 7.5 4.5 -0.929416878618855 0.724002106963527 -0.56591708710522 0 0 0 205 1 
5.5 7.5 4.5 0.656972184454494 -0.700745921122703 -0.847028463338994 0 0 0 206 1 
6.5 7.5 4.5 -0.152521655241834 -0.0994406518934892 0.300223167275106 0 0 0 207 1 
7.5 7.5 4.5 -0.872375855535876 0.204451342335345 0.12194280468519 0 0 0 208 1 
4.5 4.5 5.5 -0.848606987781292 0.890055003034593 -0.788400031831314 0 0 0 209 1 
5.5 4.5 5.5 -0.573054670146812 0.755937553210766 -0.143425122232079 0 0 0 210 1 
6.5 4.5 5.5 -0.443434433588124 0.608572324265823 -0.100134952234657 0 0 0 211 1 
7.5 4.5 5.5 0.61407170241567 0.106786190961028 -0.539903430455583 0 0 0 212 1 
4.5 5.5 5.5 -0.279224700445664 0.716412441412764 0.690824205702404 0 0 0 213 1 
5.5 5.5 5.5 0.89635521640138 0.969196023689265 -0.716136202212565 0 0 0 214 1 
6.5 5.5 5.5 0.492567692774949 -0.721756005685005 0.782033103612246 0 0 0 215 1 
7.5 5.5 5.5 -0.616310640725383 -0.9162264827048 0.127647591367128 0 0 0 216 1 
4.5 6.5 5.5 -0.812931404602604 0.269615122788538 0.41269814151399 0 0 0 217 1 
5.5 6.5 5.5 0.0321708951842454 0.959614484929957 -0.777371638845253 0 0 0 218 1 
6.5 6.5 5.5 0.2378817465281 0.984944644686816 -0.882284608314952 0 0 0 219 1 
7.5 6.5 5.5 -0.720424857868921 -0.687705372610479 -0.818817363390179 0 0 0 220 1 
4.5 7.5 5.5 -0.671100488720873 -0.357789864667836 0.685083770953582 0 0 0 221 1 
5.5 7.5 5.5 -0.72769314883298 -0.341336101672144 -0.645415556365996 0 0 0 222 1 
6.5 7.5 5.5 0.0128626565554935 -0.653798214924627 0.600699237501029 0 0 0 223 1 
7.5 7.5 5.5 -0.285011809639962 -0.925788226160974 -0.337041663732511 0 0 0 224 1 
4.5 4.5 6.5 0.742184229822017 0.696817927780926 0.789773323214111 0 0 0 225 1 
5.5 4.5 6.5 -0.494544958301367 -0.0562372216929206 0.327253252698558 0 0 0 226 1 
6.5 4.5 6.5 0.788972400896105 0.370341446699522 -0.751912836080382 0 0 0 227 1 
7.5 4.5 6.5 -0.588005542727468 -0.726626594776923 -0.210587847418617 0 0 0 228 1 
4.5 5.5 6.5 -0.467204309267922 0.544606573808124 0.368002062076493 0 0 0 229 1 
5.5 5.5 6.5 0.936303035032403 -0.845659328141308 0.125541977524737 0 0 0 230 1 
6.5 5.5 6.5 -0.575457149568722 -0.123282980338511 0.175111756209581 0 0 0 231 1 
7.5 5.5 6.5 0.596882275890029 0.242328679583489 -0.585183037590162 0 0 0 232 1 
4.5 6.5 6.5 0.287754775152333 0.148967340751655 0.180701722906892 0 0 0 233 1 
5.5 6.5 6.5 -0.502461669549095 0.165521398266577 -0.244215485735821 0 0 0 234 1 
6.5 6.5 6.5 -0.105995400082753 -0.355401005527659 0.455831210383288 0 0 0 235 1 
7.5 6.5 6.5 0.703687876251955 -0.399400634890219 -0.476104940235901 0 0 0 236 1 
4.5 7.5 6.5 -0.844368658534802 -0.925219204899214 -0.909077499826654 0 0 0 237 1 
5.5 7.5 6.5 -0.114919736264401 0.0196008014811857 -0.807603629824225 0 0 0 238 1 
6.5 7.5 6.5 -0.455786228447712 -0.575747252017672 -0.267307157751042 0 0 0 239 1 
7.5 7.5 6.5 -0.253428958318665 0.964781422358983 -0.344441206499976 0 0 0 240 1 
4.5 4.5 7.5 0.395878456347798 -0.156933381048193 -0.490237801631198 0 0 0 241 1 
5.5 4.5 7.5 -0.0350895843149014 0.975616588411645 -0.33053764938961 0 0 0 242 1 
6.5 4.5 7.5 0.208136659651047 0.75720192220221 0.860891202777661 0 0 0 243 1 
7.5 4.5 7.5 0.930441858869123 0.261056590588842 0.351633934622796 0 0 0 244 1 
4.5 5.5 7.5 0.269246342449904 -0.557894962706107 0.442258867182408 0 0 0 245 1 
5.5 5.5 7.5 0.557907168771524 0.334741383414463 -0.15251501409956 0 0 0 246 1 
6.5 5.5 7.5 0.955381385796113 -0.737420999584192 -0.388885060594268 0 0 0 247 1 
7.5 5.5 7.5 0.212467712116804 -0.333154667551822 0.986664519373068 0 0 0 248 1 
4.5 6.5 7.5 0.0595891031021543 0.266885941774206 -0.56943140603181 0 0 0 249 1 
5.5 6.5 7.5 0.471074650453656 0.141226494339445 -0.0694638964837057 0 0 0 250 1 
6.5 6.5 7.5 0.323581701252265 -0.494706911387935 -0.648511701628541 0 0 0 251 1 
7.5 6.5 7.5 0.940426693066684 -0.899369417333474 0.494203893084315 0 0 0 252 1 
4.5 7.5 7.5 -0.26522414287425 0.106753361555703 0.37846531364506 0 0 0 253 1 
5.5 7.5 7.5 -0.836977703622169 -0.525569883815347 0.405988701891638 0 0 0 254 1 
6.5 7.5 7.5 0.22213084686097 -0.246561552236957 -0.798311064320479 0 0 0 255 1 
7.5 7.5 7.5 -0.810107331855533 0.18577988817328 0.0395771464691159 0 0 0 256 1 
