512
1.54711000146395 2.82625846254702 2.44680246054477 0.841185000243991 0.387709743757837 0.324467076757462 0 0 0 4 0 
1.8166554850965 0.528676217390588 2.21239621850003 0.0527759141827502 -0.161887297101569 0.452066036416671 0 0 0 6 0 
2.03689353208985 1.66544948840125 1.16656274200886 -0.0771844113183578 0.0275749147335409 0.277760457001477 0 0 0 7 0 
2.39672410085987 3.84999085772736 2.04445824442358 -0.183879316523356 0.89166514295456 0.25740970740393 0 0 0 8 0 
0.137098726333834 3.23175289131361 0.310152320503603 -0.393816878944361 0.121958815218934 -0.0316412799160662 0 0 0 11 0 
1.03736357760568 3.05799931816902 0.701593777380834 -0.410439403732386 0.0929998863615029 0.200265629563472 0 0 0 12 0 
1.11723762232022 3.67818054590448 2.5481477095867 0.10287293705337 0.529696757650747 0.174691284931117 0 0 0 17 0 
0.298858433736256 0.175746929405549 3.25831039892875 0.466476405622709 0.279291154900925 0.793051733154791 0 0 0 23 0 
1.09245751911414 1.48391618244573 1.30816988421113 0.265409586519023 0.663986030407621 -0.0319716859648126 0 0 0 25 0 
3.83954707624686 3.27157352972217 3.92621432157512 0.0565911793744773 0.628595588287029 0.237702386929186 0 0 0 36 0 
2.1616757308962 0.835738013544122 1.5524888837021 0.443612621816033 0.38928966892402 0.67541481395035 0 0 0 37 0 
0.773654519780147 2.66768820341638 1.09163571148565 -0.287724246703309 0.694614700569396 -0.234727381419058 0 0 0 39 0 
3.12888706410784 0.334725724921631 2.9682521519688 0.438147844017973 -0.360879045846395 0.911375358661466 0 0 0 41 0 
1.86912290501094 0.562180922767078 2.79432497796971 0.394853817501823 0.677030153794513 0.882387496328286 0 0 0 45 0 
3.74251986775981 2.79750146612638 0.0306678746672544 0.873753311293301 0.382916911021063 -0.578222020888791 0 0 0 50 0 
0.590480250512602 2.48607534711281 2.94854557579469 -0.151586624914566 0.664345891185468 -0.0919090707008845 0 0 0 54 0 
0.394736266629296 2.19517935152348 1.23873708342324 -0.517543955561784 0.615863225253914 -0.376877152762793 0 0 0 56 0 
1.77414677121564 2.0193377780748 1.97251806675623 0.0456911285359398 -0.246777036987533 -0.254580322207296 0 0 0 62 0 
0.449673303123966 3.85078889497856 1.44112104304288 0.824945550520661 0.725131482496426 0.156853507173814 0 0 0 65 0 
0.480630808015913 2.39820717543618 2.44225118217179 0.830105134669319 0.983034529239363 0.323708530361966 0 0 0 77 0 
3.66030475136864 1.42123925769366 3.62112557792941 0.193384125228107 -0.513126790384391 0.353520929654902 0 0 0 147 0 
1.72868908719177 0.634788845115796 0.33502395154196 -0.128551818801372 -0.644201859147367 0.47250399192366 0 0 0 163 0 
0.239018615814262 1.09349874786361 0.820579073885641 -0.54349689736429 -0.567750208689399 0.720096512314274 0 0 0 180 0 
2.15376134208522 2.30813341132042 1.12386840254966 0.275626890347536 0.301355568553404 0.937311400424944 0 0 0 1 1 
0.747082021970754 2.94387480292074 0.335761097026127 -0.292152996338208 0.907312467153457 0.805960182837688 0 0 0 11 1 
0.0590616109342321 3.37440381993396 1.8865021160881 -0.906823064844295 0.645733969988994 0.231083686014684 0 0 0 66 0 
2.4269094072321 3.48036745761153 1.79738815083564 -0.34551509879465 0.163394576268589 0.216231358472606 0 0 0 73 0 
0.706064793886414 1.79502922631492 3.67064327230822 -0.798989201018931 -0.117495128947514 0.19510721205137 0 0 0 106 0 
2.64874810754797 0.330415802685997 2.14489718586671 0.358124684591328 0.971735967114333 0.940816197644452 0 0 0 181 0 
1.2050469098724 1.71221712691764 0.95760856149989 -0.215825515021266 -0.46463047884706 0.909601426916648 0 0 0 131 1 
0.236254485528564 2.48366200608358 0.34904004723128 -0.877290919078573 -0.336056332319404 -0.191826658794787 0 0 0 210 0 
3.95455259177394 2.04821058247538 2.07497678600779 0.575758765295656 0.0913684304125628 -0.404170535665368 0 0 0 5 1 
2.91496589708703 1.50858277525094 0.181946133198886 0.902494316181171 0.501430462541823 -0.886342311133519 0 0 0 23 1 
1.45542286247028 1.36608885271639 0.883924659478669 -0.507429522921621 0.311014808786066 -0.769345890086888 0 0 0 81 1 
3.44722601612522 1.57813879211718 3.66321696812232 -0.175462330645797 0.179689798686196 0.360536161353719 0 0 0 81 0 
1.4260016676454 3.14667389002728 2.69359736417506 -0.6789997220591 0.607778981671213 0.198932894029176 0 0 0 82 0 
1.06577693794074 0.817243845143326 0.263551481257085 -0.739037177009877 0.552873974190554 0.960591913542848 0 0 0 90 1 
0.476847492570246 3.16554125319849 1.8167984425603 0.162807915428374 -0.222409791133585 -0.113866926239951 0 0 0 161 0 
1.60289035534938 1.75906402170948 0.289617284853629 0.850481725891564 -0.623489329715086 0.631602880808938 0 0 0 184 0 
3.20681530472229 0.667695832236218 2.94917703523189 0.117802550787048 -0.972050694627297 -0.258470494128019 0 0 0 139 1 
0.217875708642093 0.562797703194493 1.030442458742 0.786312618107015 -0.489533716134251 -0.744926256876334 0 0 0 93 1 
2.57651298739 2.08257473654551 1.33828597491759 -0.320581168768334 0.763762456090918 -0.860285670847069 0 0 0 105 1 
0.691549097244363 1.73710135407748 2.23235342369878 -0.301408483792606 -0.460483107653754 -0.54460776271687 0 0 0 147 1 
3.56900688073433 1.85286099817587 2.84462006393171 -0.155165519877612 0.725476833029312 0.224103343988618 0 0 0 89 0 
1.94515954806276 3.54887980580529 0.620309915951132 -0.925806741989541 0.674813300967549 0.853384985991855 0 0 0 68 1 
3.25437055142517 2.21357373214909 0.804090966097212 0.459061758570861 -0.714404377975151 0.0506818276828687 0 0 0 137 0 
0.470642011601128 1.63532108177274 3.59024409975296 0.161773668600188 -0.97744648637121 0.681707349958827 0 0 0 141 0 
0.566211951208811 1.94868477060471 1.04553500104007 0.844368658534802 -0.925219204899214 -0.909077499826654 0 0 0 237 1 
2.72817508761121 0.282808167413523 2.82081540949984 -0.128637485398131 0.630468027902254 -0.44653076508336 0 0 0 32 1 
2.78777642320773 0.614328726020877 2.40593994864209 0.214629403867955 0.185721454336813 -0.682343341892985 0 0 0 34 1 
3.41304116740322 2.98177961015163 1.5636537332464 0.152173527900536 0.246963268358606 -0.822724377792266 0 0 0 39 1 
0.949091405207423 2.18619954376951 1.73085871363161 0.908181900867904 -0.218966742705082 -0.794856881061398 0 0 0 109 1 
2.38456584824509 2.43283666422015 1.63421366284436 0.647427641374182 -0.511193889296642 -0.810964389525941 0 0 0 166 1 
2.63684523213052 3.7743453604625 3.48848063186747 -0.977192461311581 0.379057560077083 0.664746771977911 0 0 0 72 0 
3.28425135565077 0.56762016423727 3.2421874943778 -0.535958107391539 0.511270027372878 0.790364582396299 0 0 0 91 0 
2.90347185813116 3.47834696167625 1.6390484833623 -0.766088023644806 0.829724493612709 0.856508080560384 0 0 0 120 0 
2.54635194237277 1.61567245481321 0.658759180462813 -0.825608009604538 0.185945409135535 -0.806873469922865 0 0 0 84 1 
3.17745085278647 2.37376776433712 0.587095819658924 -0.720424857868921 -0.687705372610479 -0.818817363390179 0 0 0 220 1 
3.32239385507275 3.46709338248687 1.59286497299139 0.470398975845458 -0.505484436252189 0.848810828831899 0 0 0 185 0 
0.938153065426472 3.24102038426872 0.820284457072184 -0.260307822428921 -0.543163269288547 -0.779952590487969 0 0 0 155 1 
0.284589565411908 2.45419926191559 2.67812211425805 -0.202568405764682 0.159033210319265 -0.803646314290325 0 0 0 54 1 
1.38757433085984 1.56265712833375 2.76651093775467 0.814595721809974 -0.322890478611041 -0.788914843707555 0 0 0 64 1 
3.11106296905817 1.78186862194572 2.78398666178615 -0.231489505156971 -0.119688563009048 -0.952668889702308 0 0 0 121 1 
1.96931040702187 3.81992994004844 2.90636965451994 -0.755114932163022 0.386654990008074 -0.76560505758001 0 0 0 119 1 
3.32095692891738 2.97385780397538 3.26514525285004 0.30349282148623 -0.921023699337437 -0.705809124524993 0 0 0 190 1 
3.88918474580213 3.90877875344112 1.65567133620808 -0.935135875699644 0.568129792240187 0.192611889368014 0 0 0 67 0 
3.39565181088689 3.25331218109098 2.06644653431236 -0.850724698185518 0.12555203018183 -0.0722589109479397 0 0 0 108 0 
1.67561538788205 3.4877751705443 1.97636028426263 -0.137397435352992 -0.668704138242617 0.246060047377106 0 0 0 143 0 
2.62918085419733 3.27413472379394 1.39462035499622 -0.145136524300444 -0.870977546034343 -0.85089660750063 0 0 0 176 1 
7.24113833986055 2.53729035435849 3.18650969858129 0.123523056643425 0.672881725726415 0.447751616430216 0 0 0 71 0 
4.55651887323258 3.94681097993962 2.93626354390826 0.00941981220543053 0.407801829989938 0.739377257318043 0 0 0 85 0 
4.26636287602608 1.19516937991702 1.04269170365016 -0.03893952066232 0.782528229986169 0.42378195060836 0 0 0 93 0 
6.65606045922897 0.553548249027727 1.99798674980005 -0.140656590128504 0.00892470817128777 0.749664458300009 0 0 0 100 0 
7.98797178226536 0.908502461949481 0.954674923833693 0.247995297044227 -0.0985829230084199 -0.257554179361051 0 0 0 103 0 
5.0651479454938 1.05227519095165 1.86605243748058 -0.0724753424176992 -0.0746208015080584 -0.272324593753237 0 0 0 118 0 
7.26733545115536 2.59086377930461 3.69760416018889 0.127889241859227 0.681810629884102 0.0329340266981486 0 0 0 119 0 
4.3254915498536 2.71952775797768 1.28405837194709 -0.695751408357734 -0.130078707003719 -0.369323604675486 0 0 0 128 0 
7.03961402423781 1.79674966330367 2.74178908019059 -0.910064329293698 0.0494582772172791 0.0402981800317657 0 0 0 40 0 
7.53194955415668 0.239574903449666 1.93225113794696 -0.328008407640553 0.789929150574944 0.738708522991159 0 0 0 227 0 
6.80545975651702 3.49668580299627 0.779217357927393 -0.949090040580497 0.166114300499379 -0.620130440345435 0 0 0 12 1 
4.2033292946892 0.164390965134699 0.115946236575501 -0.716111784218466 0.777398494189117 -0.730675627237417 0 0 0 196 1 
6.45150218960313 0.996523285231895 1.82053799840557 0.491917031600523 0.749420547538649 0.386756333067595 0 0 0 16 0 
7.67612942860425 0.339830385050346 2.31632455720979 0.862688238100708 0.306638397508391 -0.363945907131701 0 0 0 7 1 
7.51445398183156 0.836063011058736 1.97352707846054 0.33574233030526 -0.110656164823544 -0.421078820256576 0 0 0 70 1 
7.76471202417095 2.64715891901826 1.65823640231889 -0.789214662638175 0.357859819836376 -0.473627266280185 0 0 0 4 1 
7.28515709377755 0.0916615136196366 3.34401487500678 0.964192848962925 0.431943585603273 0.640669145834464 0 0 0 10 0 
4.76818171921319 1.80359789940052 1.24106786274973 0.211363619868866 0.217266316566753 0.456844643791621 0 0 0 20 0 
7.46815687617101 1.56068040111952 3.89389948153071 0.994692812695169 0.676780066853254 0.898983246921784 0 0 0 26 0 
5.78361930334519 1.75077228084889 0.466436710122202 0.547269883890865 -0.291537953191851 -0.672260548312966 0 0 0 15 1 
7.3857093250081 2.53114015981608 0.571662437962393 0.980951554168017 -0.32814330669732 -0.154722927006268 0 0 0 146 0 
5.74943644882817 1.56577896875122 2.13143522767735 -0.625093925195304 -0.65570350520813 0.105239204612892 0 0 0 215 0 
7.40873106250535 0.819963612405411 3.88274473729411 0.318121843750891 -0.946672731265765 0.897124122882351 0 0 0 218 0 
4.92950613999919 0.698008153918401 2.61321708710653 -0.595082310000135 -0.9669986410136 0.185536181184421 0 0 0 220 0 
7.70969132300946 1.7886867448551 2.07645116886747 0.868281887168243 -0.618552209190817 0.0960751948112444 0 0 0 151 0 
6.81472572133147 1.99915288855872 0.886631009226479 0.885787620221911 0.0831921480931206 -0.935561498462253 0 0 0 38 1 
5.60857007449774 2.69587121931604 1.45629222533877 0.684761679082956 -0.300688130113994 0.826048704223128 0 0 0 178 0 
7.28549010764361 2.72273000823482 2.99385465653683 -0.0357516487260645 -0.129544998627531 -0.417690890577195 0 0 0 96 1 
6.26280411484672 1.17099183385559 2.02742104367035 -0.372865980858879 0.445165305642599 -0.912096492721608 0 0 0 120 1 
5.33691527572789 1.59808127002916 1.03050724106047 0.806152545954648 -0.31698645499514 -0.0782487931565888 0 0 0 29 0 
5.17105751175748 0.719675178946905 1.05124720030065 0.611842918626247 -0.463387470175516 -0.574792133283226 0 0 0 14 1 
5.00304178685768 0.806395565782304 0.928507179546584 0.583840297809613 0.884399260963717 -0.595248803408903 0 0 0 130 1 
5.14028125105356 0.386998213786775 0.847177340645984 0.940046875175593 -0.185500297702204 -0.775470443225669 0 0 0 21 1 
5.42488195482468 1.9345272672519 1.3782343991287 0.820813659137447 -0.92757878879135 -0.0202942668118828 0 0 0 157 0 
5.19785119230901 3.25894715916274 0.768067942591557 0.949641865384835 -0.706842140139543 -0.288655342901407 0 0 0 173 0 
6.55816689327304 3.29552447326378 0.582170780033967 -0.656972184454494 -0.700745921122703 0.847028463338994 0 0 0 206 1 
5.83342019216803 1.92959646296673 3.36424776665187 0.888903365361338 -0.261733922838879 -0.522625372224689 0 0 0 45 1 
5.78992914216023 1.94527064303415 3.47775001760493 -0.285011809639962 -0.925788226160974 -0.337041663732511 0 0 0 224 1 
6.62216975922608 3.10486778351269 3.82355765077704 0.187028293204346 -0.565855369414552 -0.11274039153716 0 0 0 202 1 
7.22519372729917 3.50107199468907 2.58001288376159 -0.212467712116804 -0.333154667551822 -0.986664519373068 0 0 0 248 1 
4.14493967882693 0.0533929481234443 1.14523801065048 0.274156613137822 0.592232158020574 0.274206335108414 0 0 0 15 0 
4.53124519948233 1.83869504720593 2.02020076720926 0.671874199913721 -0.110217492132346 -0.246633205465123 0 0 0 57 0 
4.30782619230453 1.49570335243177 3.20985742460266 0.467971032050754 -0.167382774594704 -0.215023762566223 0 0 0 10 1 
4.72601754691831 3.63826231945258 3.30057569813223 0.871002924486385 0.523043719908763 -0.366570716977962 0 0 0 17 1 
6.27054389200627 3.98690999789584 0.391227880784508 -0.871576017998955 -0.918848333684027 -0.0181286865359154 0 0 0 201 0 
4.77936810940535 3.79645650272289 0.0327648157998599 -0.120105315099108 -0.783923916212851 0.588794135966643 0 0 0 254 0 
7.39958045445018 3.83910761304078 3.46973034560064 -0.850069924258303 -0.443482064493203 0.494955057600106 0 0 0 140 0 
5.69302537110547 3.74231309042025 0.835770166928483 0.0321708951842454 -0.959614484929957 -0.777371638845253 0 0 0 218 1 
7.9272904791686 3.5903321318791 0.206292350110287 0.2378817465281 -0.984944644686816 -0.882284608314952 0 0 0 219 1 
5.74835057209054 3.46974257017386 3.34246914760029 0.874725095348423 -0.838376238304357 -0.0262551420666183 0 0 0 189 0 
4.15431476705285 1.41341653089117 3.42269891613633 0.275719127842141 0.318902755148528 -0.846216847310612 0 0 0 51 1 
4.40637359775263 2.62654957673373 3.59683903560259 -0.182271067041229 0.354424929455622 -0.483860160732901 0 0 0 98 1 
4.34742973299569 3.53936620159803 3.97748919349215 -0.192095044500718 0.173227700266338 -0.587085134417976 0 0 0 122 1 
5.91318959990574 3.77844008625072 3.56698821213217 -0.431135066682377 0.213073347708453 -0.655501964644639 0 0 0 124 1 
6.37893829088875 0.150201721035062 3.35771381632003 0.646489715148125 -0.391633046494156 -0.857047697279995 0 0 0 59 1 
7.55850979248641 3.53175853167239 3.60892979022875 -0.323581701252265 -0.494706911387935 -0.648511701628541 0 0 0 251 1 
2.19313781263043 4.50207901427437 2.97897067593524 -0.0511436978949282 0.000346502379061642 0.579828445989207 0 0 0 131 0 
0.48077639245416 6.92443222174074 3.03869564098483 -0.16987060125764 0.0707387036234557 0.423115940164138 0 0 0 138 0 
1.64754937615718 5.02366633419938 2.81810753035015 0.357924896026197 0.0872777223665637 0.719684588391692 0 0 0 145 0 
0.0741337035730214 6.41086394303726 1.74200179173823 -0.23764438273783 -0.681522676160456 0.540333631956372 0 0 0 150 0 
3.0077557856711 6.37157971828895 2.31291870730268 0.584625964278516 -0.0214033802851747 0.135486451217114 0 0 0 153 0 
2.22678969144341 5.58261809379879 3.7012354233682 -0.0455350514260984 -0.319563651033534 0.866872570561367 0 0 0 159 0 
3.15793947317771 7.16440574647635 0.97623362928397 0.776323245529618 -0.722599042253941 0.579372271547328 0 0 0 162 0 
3.43898229286459 4.66381902894598 0.338795511320885 0.156497048810765 -0.13936349517567 -0.360200748113186 0 0 0 167 0 
0.717137862501473 7.6285646190054 2.44278007699212 0.202856310416912 -0.311905896832434 -0.00953665383464652 0 0 0 169 0 
2.69963557949449 5.12873092634235 3.58230881434065 0.866605929915749 -0.228544845609609 0.180384802390108 0 0 0 171 0 
3.14092522077986 6.14061117430869 3.69828511095047 -0.05984579653669 -0.226564804281885 0.199714185158412 0 0 0 176 0 
1.69804162162996 7.9858682668964 0.12916770667007 0.699673603604993 -0.419021955517266 -0.561805382221655 0 0 0 183 0 
1.73171954572379 6.78349627450556 1.82958723767639 -0.128046742379369 -0.119417287582407 0.888264539612731 0 0 0 191 0 
3.05452449881389 6.99628883153576 2.90396065526548 0.259087416468981 0.58271480525596 0.56732677587758 0 0 0 14 0 
3.79093735009144 6.78952573451349 2.0916673849121 0.881822891681907 0.548254289085582 0.0986112308186828 0 0 0 30 0 
1.18127148047576 7.67769200573443 0.268348491991591 0.61354524674596 0.696282000955739 0.294724748665265 0 0 0 31 0 
0.987067835895095 5.88070954597419 3.51173165308272 0.914511305982516 0.230118257662365 0.501955275513787 0 0 0 193 0 
1.07650127171313 4.15598735821883 1.10449747736868 0.929416878618855 -0.724002106963527 -0.56591708710522 0 0 0 205 1 
2.35821864410001 6.42078275912722 0.900552350059534 0.976369774016669 0.486797126521203 0.566758725009922 0 0 0 48 0 
2.87620412787775 5.52892631714855 1.31264324738844 0.562700687979625 0.338154386191426 -0.364559458768594 0 0 0 61 0 
1.91583537220564 7.28415962876903 1.90993617018298 -0.430694104632393 -0.369306728538495 -0.265010638302836 0 0 0 249 0 
2.36934152127046 6.64536124626741 0.146660311845705 -0.355109746454923 0.190893541044568 -0.725556614692382 0 0 0 197 1 
0.910266346823386 6.02124719281864 0.621194343459326 0.0683777244705643 0.0868745321364404 -0.813134276090112 0 0 0 149 1 
0.717714345269802 5.41343671236106 0.292122264593499 -0.463714275788366 -0.347760547939823 -0.86797962256775 0 0 0 160 1 
0.591641926687754 6.15966998179244 0.769599809012117 0.848606987781292 -0.890055003034593 -0.788400031831314 0 0 0 209 1 
1.24290150345954 6.08354642112551 3.26275906666328 -0.709516416090077 -0.402742263145748 0.46045984444388 0 0 0 206 0 
2.11064395612459 4.67528299232943 2.97265958898655 -0.564892673979235 -0.804119501278428 0.0787765981644244 0 0 0 234 0 
3.68004906224533 4.02802243416553 1.257958405039 0.863341510374222 -0.578662927639078 -0.873673599160166 0 0 0 174 1 
3.97115242281727 6.59863533269057 1.49813377833892 0.0785254038028789 -0.983560777884905 -0.833644370276847 0 0 0 48 1 
1.13384110700212 5.45198338996714 1.62750666180403 -0.72769314883298 -0.341336101672144 -0.645415556365996 0 0 0 222 1 
0.966814670782754 6.09269162067089 1.33490276612807 0.244469111797126 0.932115270111815 -0.360849538978654 0 0 0 49 0 
1.22587213375647 5.16336388044198 1.09618428627484 -0.712354644373921 0.443893980073664 -0.400635952287528 0 0 0 122 0 
0.870978221708412 4.96189193688442 1.92514903047048 -0.438170296381932 0.41031532281407 -0.595808494921587 0 0 0 28 1 
1.16864204917593 5.40285054948665 3.11868443704217 -0.888559658470678 0.483808424914442 -0.230219260492972 0 0 0 75 1 
1.70080135203345 6.50307428772492 1.54532234588419 -0.799866441327758 -0.66615428537918 0.840887057647364 0 0 0 247 0 
2.62345985526088 7.48201999728865 2.01776762138135 -0.646090024123187 -0.836330000451892 0.919627936896891 0 0 0 127 0 
1.76003003384247 4.75934303983827 3.13983852159329 0.543338338973746 -0.123442826693621 -0.393360246401119 0 0 0 150 1 
0.22467010012977 7.77363376013551 2.68368781242709 0.287445016688295 0.878938960022586 -0.636052031262151 0 0 0 42 1 
2.61878507686114 5.5578013375437 1.71300223527605 0.853130846143523 0.842966889590616 0.035500372546009 0 0 0 19 0 
1.2502374331586 5.44123123524431 3.01354272491762 0.291706238859767 0.990205205874051 0.085590454152936 0 0 0 33 0 
2.45065804542709 5.21652435179224 2.08471479666586 -0.341556992428819 0.619420725298707 0.264119132777643 0 0 0 69 0 
2.30813566409458 4.94985185658927 1.16926632273918 -0.531977389317571 0.741641976098211 0.611544387123197 0 0 0 98 0 
2.80843487209707 6.48607858114942 3.95759220425123 -0.615260854650488 -0.335653569808431 0.742932034041871 0 0 0 207 0 
3.81111738725083 4.83674526609984 3.96747368259091 -0.114813768791528 -0.777209122316692 0.911245613765151 0 0 0 217 0 
2.51838055628713 6.47354198978208 2.31988564046349 -0.830269907285479 0.82892366496368 -0.363352393256085 0 0 0 72 1 
1.67268501720505 4.83411524984289 2.99946529725248 0.695447502867509 0.0556858749738145 -0.58342245045792 0 0 0 163 1 
3.73442448966085 7.31704778363137 2.7747368965277 0.705737414943474 -0.530492036061438 -0.62087718391205 0 0 0 165 1 
2.99655824966523 7.13480721584704 2.83240669403799 -0.417240291722461 0.77246786930784 -0.611265550993669 0 0 0 106 1 
1.7337997648911 4.23840503114421 3.2389133696953 0.872299960815183 0.289734171857368 0.789818894949217 0 0 0 28 0 
2.63009131373924 4.81390094972063 0.782084485819519 -0.311651447710126 0.885650158286772 0.713680747636587 0 0 0 113 0 
3.62696493046447 7.12832645400659 2.06791211958582 -0.978839178255921 -0.0619455909989007 -0.238681313402363 0 0 0 255 0 
3.827384929973 6.9510492263932 0.615246303121519 -0.778769178337834 -0.591491795601133 0.852541050520253 0 0 0 200 1 
3.41018549320706 7.14663262425449 3.56525639783524 -0.681635751132157 0.774438770709081 0.344209399639207 0 0 0 92 0 
2.68913994335354 4.38866269058992 3.78601999377337 0.86485665722559 -0.351889551568347 -0.452330001037772 0 0 0 171 1 
2.07436496831425 7.66742718703273 3.57338222659438 0.429060828052375 0.527904531172121 -0.821102962234271 0 0 0 177 1 
1.8599162765657 5.62903240597884 3.12165771614463 0.22665271276095 -0.811827932336859 -0.896390380642561 0 0 0 181 1 
2.8741364139366 7.17498378059518 3.78729519298242 -0.104310597677234 -0.22083603656747 -0.785450801169597 0 0 0 192 1 
1.5009723807502 4.70044445859658 3.85553313288059 0.166828730125033 0.700074076432763 -0.774077811186568 0 0 0 49 1 
4.98689207245843 7.54601199921733 3.62717548070838 -0.918851321256929 0.507668666536222 0.521195913451397 0 0 0 194 0 
5.93722482349852 5.66466966387804 1.25569990616287 -0.593795862750247 -0.972555056020326 0.292616651027146 0 0 0 195 0 
6.25537730538406 4.86254421470453 2.93271919917734 0.12589621756401 -0.939575964215912 0.572119866529556 0 0 0 198 0 
7.05323634951897 4.90255841008272 0.361439747677859 -0.741127275080172 -0.43290693165288 -0.0230933753870235 0 0 0 205 0 
6.86633175152446 5.37045032178172 3.70548726131616 -0.105611374745923 -0.521591613036379 0.700914543552693 0 0 0 208 0 
7.34832331871737 6.7443736577249 3.76359029283442 -0.525279446880438 -0.292604390379183 0.877265048805737 0 0 0 222 0 
6.67519988344552 6.69748457996586 3.50934539646515 0.0291999805742527 -0.133752570005689 0.834890899410859 0 0 0 223 0 
4.25359666729337 5.88782902210364 1.88180982811521 -0.374400555451104 -0.10202849631606 -0.103031695314131 0 0 0 235 0 
5.68913926729591 6.49231043136551 3.11206710000822 -0.968476788784015 -0.167948261439082 0.935344516668037 0 0 0 237 0 
7.92348498539948 7.08610342159091 1.80648577854085 0.0705808308999134 0.431017236931818 -0.282252370243192 0 0 0 244 0 
5.43174796394113 5.11680156478163 2.21698208612294 -0.344708672676478 -0.0638664058697281 0.952830347687157 0 0 0 248 0 
7.5468379863505 5.91302511324662 1.33612185936666 -0.325527002274917 -0.0978291477922298 0.806020309894443 0 0 0 251 0 
7.39025961362776 5.31514378826948 2.53949100695525 0.648376602271294 0.135857298044913 0.339915167825875 0 0 0 132 0 
7.64559535990907 6.61803287084834 0.366447070182893 -0.809067440015156 -0.646994521525277 -0.0222588216361844 0 0 0 136 0 
6.64032418638187 6.29673528068572 3.92899131007678 0.523387364396978 -0.200544119885714 0.73816521834613 0 0 0 144 0 
4.01562901912831 6.37778828878597 0.42945675429547 -0.247395163478615 0.312964714797661 -0.678423874284088 0 0 0 194 1 
6.22691576211503 4.58280818185353 0.430024272298049 -0.545514039647494 0.0138013636422558 -0.678329287950325 0 0 0 195 1 
7.02961378062976 4.00211107825097 0.727556211572262 -0.0783977032283739 -0.416314820291505 0.871259368595377 0 0 0 204 1 
7.0370564154318 6.1324836270969 2.73668478965955 -0.5771572640947 0.438747271182816 0.0394474649432583 0 0 0 110 0 
6.20947488968258 5.65099534132108 3.00603142564055 -0.0484208517195701 0.358499223553513 0.917671904273425 0 0 0 111 0 
6.04501618158591 7.98323938707244 3.44194981589599 -0.0758306364023476 0.91387323117874 -0.00967503068400177 0 0 0 123 0 
5.69050047434706 5.69942529654606 1.75950283765701 -0.968249920942156 0.366570882757676 0.876583806276168 0 0 0 125 0 
7.09999307385491 7.58536596314159 1.94277384024387 0.599998845642485 0.847560993856931 0.740462306707311 0 0 0 44 0 
7.55952582898996 6.76512892648147 0.640963731843197 -0.990079028501673 0.0441881544135785 -0.143172711359467 0 0 0 155 0 
4.27961606290974 6.9182430233085 2.0088612614019 -0.53673065618171 0.736373837218083 0.251476876900317 0 0 0 76 0 
7.41863816846731 5.98752699687574 0.406833051164739 0.819773028077885 0.581254499479289 -0.182194491472544 0 0 0 27 0 
4.7278904551306 4.05595460951279 1.42721904776503 0.204648409188433 -0.574007565081202 0.487869841294172 0 0 0 160 0 
6.74927805581985 6.9766240912321 2.18573455590629 0.874879675969974 -0.920562651461317 -0.0523775740156186 0 0 0 46 0 
4.11536745391415 5.66951686157811 1.11018096212126 -0.897438757680975 0.528252810263018 -0.731636506313123 0 0 0 91 1 
6.71975587210296 6.69945256044497 0.712819461353098 -0.463374021316174 0.866575426740828 -0.964530089774484 0 0 0 103 1 
4.81556978550598 5.14071714576617 2.2605794172665 -0.61407170241567 0.106786190961028 -0.539903430455583 0 0 0 212 1 
5.12186870159172 4.68482385786441 1.20318278672461 -0.89635521640138 -0.969196023689265 -0.716136202212565 0 0 0 214 1 
6.70462391713716 7.52541223414262 0.554211709020024 -0.465896013810472 -0.995764627642896 -0.990964715163329 0 0 0 107 1 
6.18478837269929 5.49207383261448 1.18963216640768 0.780798062116549 0.498678972102413 0.61493869440128 0 0 0 42 0 
6.40561008592603 6.44209704682211 2.5487446506484 0.150935014321005 0.823682841137018 0.341457441774733 0 0 0 70 0 
6.7935470055044 5.05876266675839 0.561468165672148 0.382257834250733 0.426460444459732 -0.656421972387975 0 0 0 73 1 
4.41558162396408 4.24616810519306 2.00694444384353 0.152596937327346 -0.87563864913449 0.0844907406405877 0 0 0 156 0 
4.76616559462337 6.72204868019713 1.98852298351771 -0.788972400896105 0.370341446699522 -0.751912836080382 0 0 0 227 1 
4.81048158241359 7.61760480888712 1.65437822105465 -0.114919736264401 0.0196008014811857 -0.807603629824225 0 0 0 238 1 
6.33171852798699 7.32142933372759 2.67448170416574 0.305286421331164 0.970238222287932 -0.470919715972376 0 0 0 85 1 
5.20986549885463 5.69562627711261 1.66842454609806 -0.381689083524229 0.865937712852102 0.361404091016343 0 0 0 68 0 
5.18469967130567 5.33349467653857 3.50560215656929 -0.885883388115722 0.972249112756428 -0.165732973905118 0 0 0 66 1 
5.10108326277526 7.81523084225972 0.373917659916859 0.933513877129211 -0.614128192956713 0.97898627665281 0 0 0 145 1 
5.5834118797178 7.0257127434639 2.71658092662672 0.847235313286301 -0.412381209422684 -0.463903178895547 0 0 0 153 1 
5.13527368540449 7.42265832315885 1.96480813705581 0.772545614234082 -0.679556946140191 -0.755865310490699 0 0 0 161 1 
4.87417698538787 5.22723145914336 1.73659884282203 0.729029497564644 -0.378794756809439 -0.960566859529662 0 0 0 189 1 
4.91870634465983 6.95397207750093 2.98890177445903 -0.596882275890029 0.242328679583489 -0.585183037590162 0 0 0 232 1 
7.83278508116582 6.02063068657826 2.71013361407712 0.22213084686097 -0.246561552236957 -0.798311064320479 0 0 0 255 1 
5.59135944698531 7.06663834667305 3.07249349388545 -0.484773425502449 0.594439724445508 -0.904584417685758 0 0 0 128 1 
7.62267888256949 4.04199242904156 2.47090756391628 -0.146220186238419 0.0903320715069265 0.16181792731938 0 0 0 96 0 
4.18777806167698 4.24736488248193 1.37197658077252 -0.0520369897205044 0.624560813746988 -0.18800390320458 0 0 0 97 0 
7.48550378675587 4.83628483750446 2.3124489880963 0.497583964459311 0.889380806250743 -0.364591835317283 0 0 0 65 1 
6.71747177048063 4.27719610877984 1.502843773373 0.369578628413438 0.962866018129974 -0.499526037771167 0 0 0 69 1 
4.08962919298956 7.542773093276 0.848974224450563 0.264938198831593 0.340462182212666 0.0581623707417604 0 0 0 135 0 
4.3892884682581 7.01342743032977 0.605903027235507 0.981548078043017 -0.081095428278371 -0.315682828794082 0 0 0 174 0 
4.27787274248827 4.10359619065869 3.64337035858459 -0.703687876251955 -0.399400634890219 -0.476104940235901 0 0 0 236 1 
7.74881995790628 6.95678846678674 3.33465278333403 0.208136659651047 -0.75720192220221 -0.860891202777661 0 0 0 243 1 
4.5977558074283 7.31800385874244 3.57010478261415 -0.81704069876195 0.636333976457074 -0.654982536230975 0 0 0 127 1 
5.39924963152439 6.79308865612161 3.65962134209923 0.483208271920732 0.0488481093536022 -0.640063109650128 0 0 0 187 1 
1.12333903507963 0.819104462024499 5.48519577167082 -0.229443494153395 0.0531840770040832 -0.00246737138819697 0 0 0 19 1 
1.76310730487872 3.19465036787905 5.69645978181114 0.0438512174797863 0.282441727979842 0.0327432969685226 0 0 0 22 1 
1.5818164292649 1.51756006697213 6.27582648295494 0.180302738210817 0.669593344495355 -0.704028919507509 0 0 0 25 1 
0.170115227709883 0.445499978118218 7.58801197325412 0.278352537951647 0.65758332968637 0.348001995542353 0 0 0 30 1 
0.905503427185095 1.6912158283396 6.64071532215929 -0.265749428802484 0.365202638056599 -0.476547446306785 0 0 0 35 1 
3.69341205115035 2.99727802266527 4.16583948706992 0.532235341858391 0.916213003777546 -0.889026752155014 0 0 0 41 1 
3.81592158558363 0.533111534996798 4.68250311175233 0.219320264263938 -0.3278147441672 -0.802916148041278 0 0 0 43 1 
1.67435374628031 1.79220657762722 7.32848980058423 0.0290589577133848 0.382034429604536 -0.0285850332359621 0 0 0 50 1 
3.0169981062724 1.29081263496138 6.58046211970405 0.5861663510454 -0.0348645608397693 -0.153256313382659 0 0 0 53 1 
0.118771663790286 1.55534517870371 6.16040689677452 0.436461943965048 0.509224196450619 -0.223265517204247 0 0 0 55 1 
1.53696364392071 3.32488431125754 4.23994637119784 0.839493940653452 0.304147385209589 -0.710008938133694 0 0 0 56 1 
0.921439315511972 0.882199034228077 7.75394516256705 -0.596426780748005 0.230366505704679 -0.124342472905492 0 0 0 113 1 
3.07684052716503 0.930896862379945 6.58679860733712 0.596140087860839 0.905149477063324 -0.818866898777147 0 0 0 129 1 
0.0879035320276411 0.36775692890805 5.14404102619539 0.93131725533794 0.311292821484675 -0.059326495634102 0 0 0 86 1 
2.26152272131461 2.85581004831082 7.51847274393519 -0.373079546447564 0.225968341385136 0.00307879065586536 0 0 0 117 1 
0.0897431696272877 1.86792553833705 7.16593226397482 0.598290528271215 -0.438679076943825 0.277655377329136 0 0 0 148 1 
1.22231656617676 2.02718933010613 4.25392480852634 0.620386094362794 -0.412135111648979 -0.541012531912276 0 0 0 179 1 
2.43222224108699 0.299422160889416 7.81555679483157 -0.0112962931521684 0.966570360148236 0.052592799138595 0 0 0 183 1 
0.482942616318182 0.758570843987888 5.3580316593092 0.830490436053031 0.376428473997981 0.3096719432182 0 0 0 117 0 
0.305199218260563 2.31583703658431 6.27202380626699 -0.69913346362324 -0.0306938272359479 0.462003967711166 0 0 0 121 0 
3.62578550544708 0.327804135390846 7.02633662773768 0.0209642509078471 -0.862032644101526 0.754389437956281 0 0 0 168 0 
1.41088100938162 0.253228083393281 5.14492401861565 -0.848186498436396 -0.207795319434453 0.107487336435941 0 0 0 71 1 
1.36209179020704 1.38135831880066 7.8996399880704 -0.856318034965493 0.313559719800109 -0.4333933353216 0 0 0 83 1 
2.01295938839472 1.16038645951726 4.69858316585795 0.752159898065787 -0.72326892341379 0.0330971943096579 0 0 0 135 1 
3.20257244884458 1.16833941780737 5.77428099541127 0.783762074807431 -0.888610097032105 0.212380165901878 0 0 0 138 1 
0.327825287399296 3.11051839542264 7.91670628276076 -0.195362452100117 -0.23158026742956 -0.430548952873206 0 0 0 146 1 
1.60431064382858 1.26991978781042 5.63398746497708 0.850718440638097 -0.705013368698264 -0.64433542250382 0 0 0 168 1 
3.19576762562141 2.82318529260657 7.25157493431342 0.449294604270235 0.220530882101095 0.95859582238557 0 0 0 21 0 
2.08804972816099 3.66236762013952 7.32564934450737 -0.235325045306502 0.360394603356587 0.970941557417895 0 0 0 24 0 
0.211914011183557 0.450129329455441 6.51315878693634 -0.214680998136074 0.158354888242573 0.668859797822724 0 0 0 34 0 
0.526394689414897 0.57389884440076 4.668374418039 -0.82893421843085 -0.654350192599873 0.194729069673166 0 0 0 242 0 
2.56022238641384 0.25168064923732 6.66825094266433 -0.323296268931026 -0.87471989179378 0.861375157110723 0 0 0 213 0 
0.701350210056478 1.14315786439042 6.43387336528408 0.86689170167608 -0.892807022601597 0.655645560880679 0 0 0 233 0 
2.48276431409188 3.28822818744626 7.75653069507818 -0.669539280984688 0.298038031241042 -0.457244884153636 0 0 0 87 1 
2.77464204424729 0.0752983740207707 5.77660524447893 -0.454226325958785 -0.570783604329872 -0.620565792586845 0 0 0 110 1 
2.23685672163707 1.38560716418545 7.84618646914836 -0.877190546393822 0.147601194030908 -0.108968921808608 0 0 0 116 1 
1.51243276715545 2.68607190031414 6.66292959786619 -0.831261205474091 -0.635654683280977 0.860488266311032 0 0 0 219 0 
2.54307199792378 2.24739041856096 6.253503410715 0.673845332987296 0.457898403093493 0.792250568452501 0 0 0 18 0 
3.68817339210847 2.60992266968701 6.23067244587851 0.0313622320180778 -0.148346221718831 0.788445407646418 0 0 0 32 0 
1.43993761756509 3.70077222374583 4.77736133905784 -0.176677063739152 0.533462037290971 0.379560223176308 0 0 0 35 0 
2.09898316248242 0.551757613305725 5.56268337709604 0.933163860413736 0.841959602217621 0.677113896182673 0 0 0 148 0 
2.93561974996259 1.36649055593013 7.1981743805932 -0.927396708339569 0.644415092655022 0.449695730098866 0 0 0 76 1 
2.8574398415999 1.10378349599916 5.53477664149411 -0.940426693066684 -0.899369417333474 -0.494203893084315 0 0 0 252 1 
2.6624825057854 2.84301509663017 6.49817109696345 0.360413750964233 -0.776164150561638 -0.833638150506091 0 0 0 141 1 
3.2133277236032 3.02509664276904 5.22653850855179 0.118887953933866 -0.912483892871826 -0.878910248574702 0 0 0 159 1 
1.71561699894499 3.53143698666712 4.99537386446856 0.369269499824166 0.67190616444452 0.915895644078094 0 0 0 1 0 
2.05197402873081 0.251974300187657 5.41388687309022 0.258662338121801 -0.708004283302057 0.818981145515037 0 0 0 129 0 
3.98328476611696 2.2584096322227 5.79687299184499 -0.919452538980506 0.459734938703783 -0.617187834692501 0 0 0 99 1 
3.9719667436352 0.14024043133846 5.2364729154883 -0.588005542727468 -0.726626594776923 -0.210587847418617 0 0 0 228 1 
3.96463889395057 2.68596818264802 7.35829222304352 -0.922560184341571 0.530994697108004 0.643048703840587 0 0 0 115 0 
3.97126054319607 0.915820611163163 6.48962819858001 -0.421456576133989 -0.764029898139473 0.331604699763336 0 0 0 199 1 
3.8021361556477 0.00264110377119886 6.26588554820276 -0.616310640725383 -0.9162264827048 0.127647591367128 0 0 0 216 1 
3.76771168522333 1.07547400249485 5.16668963643439 -0.955381385796113 -0.737420999584192 -0.388885060594268 0 0 0 247 1 
3.67138225272074 2.9901251384628 6.98194210823898 -0.804769624546544 -0.918312476922866 0.91365701803983 0 0 0 224 0 
1.7704192813202 3.74723268025655 7.40255039634925 0.878403213553367 -0.958794553290575 0.317091732724875 0 0 0 156 1 
2.68567662179325 3.89231378342816 4.9356336763379 0.530946103632208 -0.767947702761972 -0.0940610539436829 0 0 0 157 1 
1.51218258587116 3.92923668424319 6.76303975703513 0.668697097645193 -0.595127219292803 -0.456160040494145 0 0 0 175 1 
1.5922958594639 0.415307940698772 4.16483729965747 0.848715976577317 -0.847448676550205 0.444139549942912 0 0 0 152 0 
2.66297862049556 0.354091012914899 4.61765278671418 -0.806170229917406 0.642348502152483 0.852942131119031 0 0 0 80 0 
4.15795972677071 1.99040513183531 6.55182816927614 -0.0570067122048807 -0.251599144694115 -0.824695305120643 0 0 0 77 1 
4.64177108027471 0.495148407729462 4.20470667100444 -0.976371486620882 0.66585806795491 -0.0492155548325938 0 0 0 78 1 
7.96977137078666 0.430902746651366 4.86270994899941 0.0782952284644429 0.321817124441894 -0.939548341833431 0 0 0 88 1 
7.0431539686513 0.0896526890996485 5.17281206192186 -0.0761410052247832 0.431608781516608 -0.887864656346357 0 0 0 92 1 
7.60677905294035 1.60543477986232 4.32235623143272 0.517796508823392 0.184239129977053 -0.362940628094547 0 0 0 97 1 
5.51384244912571 3.66217323476075 6.34123760490021 -0.497692925145716 0.527028872460124 -0.526460399183299 0 0 0 100 1 
5.9313434559369 3.85197137879328 6.02337865708819 -0.928109424010517 0.39199522979888 -0.579436890485302 0 0 0 101 1 
7.93043071431156 0.154241294503447 4.35397219747694 -0.42826154761474 0.275706882417241 -0.857671300420511 0 0 0 102 1 
4.67143843349074 0.435954181051582 5.42909684596862 -0.304760261084876 0.655992363508597 -0.67848385900523 0 0 0 111 1 
7.84299518147216 0.0379870973062142 5.82287730943328 0.22383253024536 -0.0770021504489643 -0.446187115094453 0 0 0 115 1 
7.68471715543163 2.69052751146126 6.20841414985608 0.364119525905272 0.19842125191021 -0.381930975023987 0 0 0 118 1 
7.87854265500303 2.02550078676349 5.00477383553284 0.229757109167171 -0.0790832022060853 -0.415871027411194 0 0 0 123 1 
7.55199783473475 2.55809859235093 5.34643331347881 0.508666305789126 -0.156983567941511 -0.525594447753532 0 0 0 125 1 
4.86000725751789 1.66293205477512 5.74023620718508 -0.106665457080351 0.860488675795854 -0.293293965469153 0 0 0 126 1 
7.88250018831216 3.31909933244273 5.07507607095798 -0.769583301947973 0.469849888740455 -0.237487321507003 0 0 0 36 1 
6.7895590819957 2.50665388891863 6.52264662281216 -0.951740153000717 0.00110898148643934 0.0037744371353603 0 0 0 44 1 
6.25154822589803 2.58942986145603 7.98570500778921 -0.708075295683661 0.514904976909339 0.747617501298201 0 0 0 114 0 
6.43756388153006 0.906870520836326 7.41447642160287 -0.0104060197449899 -0.598854913193946 -0.847587263066189 0 0 0 243 0 
5.15260260051598 1.69437644648803 5.82068456776851 0.275433766752664 0.365729407748005 0.0534474279614185 0 0 0 20 1 
4.88218178980558 0.42604403115215 7.25325186514842 -0.936303035032403 -0.845659328141308 0.125541977524737 0 0 0 230 1 
7.44082977870566 3.31549304282062 6.06812914401408 0.823471629784276 0.969248840470103 0.428021524002347 0 0 0 59 0 
6.79611033739423 2.15394080671518 7.23705984775295 -0.783981610434296 0.60899013445253 0.789509974625491 0 0 0 101 0 
6.07414800410744 1.89504791890819 7.47966301756464 0.0956913340179071 0.0658413198180312 0.829943836260773 0 0 0 102 0 
4.28713497877856 0.72652550249611 7.62999951034817 -0.702144170203572 0.371087583749352 0.854999918391361 0 0 0 104 0 
4.96433990454126 3.19298255827277 7.1647097645088 -0.42261001590979 -0.051169573621205 0.777451627418134 0 0 0 112 0 
4.52558450157508 1.2148762923073 5.82692445375551 0.170930750262514 -0.0475206179487826 -0.778845924374082 0 0 0 24 1 
6.94548994995724 1.98180876873469 5.65526721196669 0.740914991659539 0.580301461455781 0.359211201994449 0 0 0 55 0 
6.94149682907408 3.10305708975705 7.60660954509115 0.906916138179013 -0.232823818373825 0.184434924181858 0 0 0 162 1 
6.54459384335031 1.16946396588997 5.80780137832652 -0.492567692774949 -0.721756005685005 -0.782033103612246 0 0 0 215 1 
6.11547805469942 2.15263022376336 5.84644679690555 0.269246342449904 -0.557894962706107 -0.442258867182408 0 0 0 245 1 
5.04880618375464 0.688724679176481 7.97346607532022 -0.575198969374227 -0.96854588680392 0.912244345886703 0 0 0 236 0 
4.78331019521419 3.55657765781067 6.75083375015737 -0.119448300797635 0.176096276301778 0.875138958359563 0 0 0 90 0 
4.43316788706071 0.534317542452717 6.86835343387446 -0.177805352156547 -0.827613742924547 0.728058905645744 0 0 0 230 0 
7.40581428531078 1.41051134441172 6.50665345909325 -0.182364285781536 -0.681581442598047 0.834442243182208 0 0 0 216 0 
7.63333763069131 3.25527116439164 4.62169083377666 0.522222938448551 -0.207454805934726 0.186948472296111 0 0 0 241 0 
6.3564717858374 3.26968846091569 7.48946291958036 0.809411964306234 -0.0383852565140511 -0.168422846736607 0 0 0 62 1 
4.35861988323181 1.06289060770803 6.59341763114517 0.143103313871968 -0.739518232048662 -0.151097061475806 0 0 0 184 1 
4.46713381251848 2.47460778728278 7.59135993821279 0.161188968753081 -0.670898702119537 -0.984773343631202 0 0 0 172 0 
6.87527073808679 3.55839971371084 4.55857319021282 0.395878456347798 -0.156933381048193 -0.490237801631198 0 0 0 241 1 
7.7701822181998 1.83693741133367 5.68387139321909 0.3783637030333 -0.943843764777723 0.530645232203182 0 0 0 238 0 
7.3658075556807 1.86005210336528 5.81758530928188 -0.52236540738655 -0.273324649439121 0.886264218213647 0 0 0 78 0 
7.15621913859056 0.292370614300899 5.81066198157608 0.10936985643176 -0.0346048976165169 0.718443663596013 0 0 0 83 0 
7.41187742835583 0.828931496394861 5.79188542664298 -0.181353761940696 0.0548219160658101 0.71531423777383 0 0 0 84 0 
4.7719990266574 1.37305058674584 5.25414039031961 -0.1213334955571 -0.0211582355423606 0.625690065053268 0 0 0 86 0 
4.73186166533084 3.92895094699427 7.13068773584409 0.538643610888474 0.738158491165712 -0.728218710692651 0 0 0 2 1 
4.71987725582665 2.66440507022257 7.68945632973996 0.369979542637774 0.360734178370429 -0.635090611710006 0 0 0 3 1 
4.51879303495176 3.9713034268561 6.37287991197019 0.336465505825294 0.245217237809349 -0.687853348004968 0 0 0 27 1 
4.92912667559163 1.1566542182757 4.8019849070955 0.738187779265272 0.109442369712617 -0.783002515484083 0 0 0 33 1 
5.74276930321936 2.76236052288496 7.75706500143866 0.873794883869893 0.710393420480827 -0.29048916642689 0 0 0 37 1 
4.99571984716428 0.894093781728784 4.04909463413787 0.749286641194047 0.732348963621464 -0.741817560977022 0 0 0 61 1 
4.52206342598982 0.390097703876124 6.59085061733119 0.50367723766497 0.981682950646021 0.681808436221865 0 0 0 166 0 
4.67510778845035 0.882525942849346 4.36819101683332 0.529184631408392 -0.269579009525109 0.144698502805553 0 0 0 58 0 
5.97942625008801 2.7113114658461 4.43335276100014 -0.253428958318665 -0.964781422358983 -0.344441206499976 0 0 0 240 1 
7.94586382418844 2.9609912378354 5.24861416097206 -0.759022695968594 -0.5898347936941 -0.541897639837989 0 0 0 188 1 
6.00795306184325 3.43340682735938 5.73899912487394 0.751325510307208 -0.51109886210677 0.539833187478991 0 0 0 170 0 
7.04736345383498 2.55045752020178 5.42667595433134 -0.0754394243608369 -0.824923746633036 0.48777932572189 0 0 0 240 0 
5.11343226634581 2.47400342031135 5.11146515159507 0.768905377724302 -0.170999429948109 0.935244191932511 0 0 0 13 0 
5.69270000172732 1.62882760692496 5.21390385804502 0.0321166669545541 -0.145195398845841 0.95231730967417 0 0 0 74 0 
7.64982785531496 0.871765319969388 5.24108931600765 0.191637975885827 -0.438039113338435 0.790181552667941 0 0 0 79 0 
5.55448485695076 0.783915214262188 4.45994343665083 -0.82425252384154 0.880652535710365 0.326657239441805 0 0 0 226 0 
6.89708452471584 3.8780430906873 4.6782895867936 0.399514087452641 -0.103659484885449 0.529714931132266 0 0 0 209 0 
4.04952164054654 2.43142765075475 4.87485341751087 0.59158694009109 0.821904608459125 0.0624755695851447 0 0 0 9 1 
4.35998042591559 1.45277490927738 7.81283990897908 0.643330070985931 0.825462484879564 0.552139984829846 0 0 0 13 1 
4.51690843989134 0.131690585466235 6.3978599664796 0.66948473998189 0.938615097577706 0.316309994413266 0 0 0 133 1 
4.40614459968916 2.62909888268159 7.94525288702086 0.81769076661486 -0.645150186219735 0.574208814503476 0 0 0 137 1 
4.28835259482234 3.82710419800876 6.38202402896817 0.798058765803723 0.387850699668126 0.980337338161362 0 0 0 5 0 
4.0198533106925 0.785766749279045 5.19154030263401 0.0866422184487494 0.880961124879841 0.448590050439001 0 0 0 164 0 
4.17984713291856 3.62048126747906 5.76739442990216 -0.0533588111802408 -0.97991978875349 -0.955434261682972 0 0 0 201 1 
6.57717593933296 3.57721071045224 6.89580457499383 0.0128626565554935 -0.653798214924627 -0.600699237501029 0 0 0 223 1 
7.0515766689362 3.90493288647491 5.73973427172346 0.591929444822701 -0.765844518920848 0.206622378620576 0 0 0 144 1 
4.5139657789737 3.5096121874786 6.41114580243848 -0.49767237017105 -0.498397968753567 0.48519096707308 0 0 0 252 0 
4.33386232674432 3.89740787050734 5.1205705443191 -0.0276896122092806 -0.60043202158211 0.603428424053184 0 0 0 221 0 
4.92147628923535 2.05044751695007 4.09004162851154 -0.763087285127441 -0.241592080508323 0.931673604751923 0 0 0 95 0 
7.43626775641173 0.940597577614005 4.19704619712133 -0.677288707264711 0.573432929602334 0.282841032853556 0 0 0 105 0 
5.93764985708467 0.642358917207896 4.24283724149521 -0.927058357152554 0.857059819534649 0.290472873582535 0 0 0 225 0 
6.61672507330187 0.627936967041709 4.0608113695944 -0.480545821116356 -0.812010505493049 0.760135228265733 0 0 0 199 0 
6.47258027894359 3.01773855830142 4.13229382593932 -0.337903286842734 -0.413710240283097 0.605382304323221 0 0 0 200 0 
4.7320191138635 2.91284464981249 4.89390873685617 0.372003185643917 0.402140774968749 0.898984789476028 0 0 0 3 0 
5.96619482967835 3.56782512331456 4.26225740450966 0.0776991382797252 -0.988695812780906 0.62704290075161 0 0 0 202 0 
3.20784139676232 6.99051536479025 7.47818152228635 -0.0486931005396138 0.415085894131709 -0.670303079618942 0 0 0 132 1 
2.91096729335909 4.45789974434761 6.53147856121142 0.735161215559849 -0.173683375942065 0.338579760201903 0 0 0 134 1 
2.37580367522249 4.13651949385321 7.2249263821284 0.145967279203749 -0.727246751024465 0.4541543970214 0 0 0 142 1 
2.20019022795096 7.00521577741843 4.10124056270471 -0.0499682953415065 -0.582464037096928 -0.233126572882548 0 0 0 151 1 
2.54973143396052 5.47153673958462 5.68636392560629 -0.158378094339912 -0.00474387673589671 -0.802272679065619 0 0 0 152 1 
2.19607565201807 4.67040350786012 7.11167550530192 0.616012608669678 -0.80493274868998 0.268612584216987 0 0 0 154 1 
1.40120617860239 4.49555718388111 6.51924669028508 -0.0164656368996022 -0.667407136019815 -0.663458884952487 0 0 0 158 1 
0.107113554121915 4.60320047822718 7.58693243074812 0.101185592353653 -0.816133253628804 -0.318844594875313 0 0 0 169 1 
1.87484005215384 6.31765514379666 4.45583114171656 0.0624733420256394 -0.0303908093672229 -0.340694809713907 0 0 0 170 1 
0.920121775617024 7.75799070479035 7.43975693346598 -0.429979704063829 -0.290334882534941 0.156626155577663 0 0 0 172 1 
1.85416645737493 6.00840953701672 7.7189111193842 0.225694409562488 -0.41526507716388 0.2031518532307 0 0 0 173 1 
3.91280173191063 5.73476571219117 4.67073626851232 0.902133621985105 0.205794285365195 -0.471543955247947 0 0 0 178 1 
3.1313997494208 7.26661746147424 7.27356408048367 0.771899958236799 -0.538897089754294 -0.204405986586054 0 0 0 182 1 
3.70194630632814 7.56539645127346 5.38267053085308 0.533657717721357 -0.322433924787755 -0.519554911524486 0 0 0 185 1 
1.74471640600454 4.8242371294893 7.25548051481543 0.0407860676674237 -0.279293811751784 -0.207419914197428 0 0 0 186 1 
1.37741888993123 7.05728546981021 7.58266887272693 -0.187096851678129 -0.0737857550316313 -0.152888521212179 0 0 0 191 1 
2.42918585635845 7.82767377896117 4.62840791972256 -0.178469023940257 0.721278963160195 0.0214013199537599 0 0 0 16 1 
3.44237318493848 7.4433069629262 6.93337886334615 0.990395530823079 -0.842782172845633 -0.261103522775641 0 0 0 63 1 
0.377588427615623 7.88230926326877 7.97618884908394 0.812931404602604 -0.269615122788538 0.41269814151399 0 0 0 217 1 
0.473397067674759 5.35326081199298 6.38949737427851 -0.671100488720873 -0.357789864667836 -0.685083770953582 0 0 0 221 1 
0.867730835731403 7.31043052624749 6.7980435853643 0.394621805955234 -0.531594912292084 0.54967393089405 0 0 0 182 0 
1.02405492876183 7.434378139003 7.73431930353609 -0.245990845206362 0.155729689833834 0.705719883922682 0 0 0 187 0 
2.54062434443878 5.56344044482573 6.92430816607194 0.173437390739797 -0.489426592529045 0.570718027678657 0 0 0 190 0 
3.46483391267897 7.76888462087072 6.4567041754474 0.327472318779829 -0.955185896521546 -0.673882637425435 0 0 0 26 1 
1.09535938055066 5.65292176848232 6.65190998611265 0.265893230091777 0.358820294747053 0.191984997685443 0 0 0 29 1 
2.63819989286964 5.3330220238564 4.44228498262366 0.18969998214494 0.305503670642734 -0.342952502896057 0 0 0 46 1 
2.82465179732601 6.20152535152341 6.35505476578558 -0.279224700445664 -0.716412441412764 -0.690824205702404 0 0 0 213 1 
1.69677414439247 7.23236055715126 7.29198762754104 -0.467204309267922 -0.544606573808124 -0.368002062076493 0 0 0 229 1 
2.9086551427545 7.85947983066579 6.22920811812964 -0.26522414287425 -0.106753361555703 -0.37846531364506 0 0 0 253 1 
0.478133778266988 4.34658069710792 6.06406778865017 -0.836977703622169 -0.525569883815347 -0.405988701891638 0 0 0 254 1 
2.6371971312277 7.72860487270309 5.71462190546344 0.356199521871283 0.538100812117182 0.369103650910572 0 0 0 177 0 
2.47892223441643 6.10514905975032 7.90385711802866 0.663153705736072 0.600858176625054 -0.0993571469952228 0 0 0 58 1 
2.26844445703886 4.8988499587548 6.57059725491544 -0.538592590493524 0.233141659792466 0.17843287581924 0 0 0 94 1 
2.06167197911913 6.96437468073541 4.63944926660752 -0.573054670146812 -0.755937553210766 -0.143425122232079 0 0 0 210 1 
2.48522998270543 7.49312838959946 5.03470708558507 -0.502461669549095 0.165521398266577 -0.244215485735821 0 0 0 234 1 
1.09693316692367 4.54168982715111 7.59906751787244 -0.900511138846054 -0.159718362141481 -0.983488747021259 0 0 0 231 0 
1.21584599142252 7.62682354931775 7.09793073579687 0.285974331903754 0.354470591552958 0.932988455966145 0 0 0 149 0 
3.50199724106419 7.0986886717737 7.43237702044189 0.333666206844032 -0.400218554704383 0.988729503406982 0 0 0 154 0 
0.654209438107861 4.37136223879303 6.62631506945197 0.525701573017977 -0.688106293534495 0.687719178241995 0 0 0 175 0 
0.621922769895009 5.23644689468379 4.68389320119684 -0.479679538350832 -0.377258850886035 0.197315533532807 0 0 0 192 0 
2.36204589925727 6.88579840403064 5.50159259835469 -0.0229923501237885 0.564299734005107 0.500265433059114 0 0 0 47 0 
0.35503701067377 5.80666994914659 5.98409931649742 -0.690827164887705 0.0511116581910986 0.580683219416236 0 0 0 229 0 
0.840132515684433 6.4289082661729 6.38857677147223 -0.443311247385928 0.821484711028816 -0.851903871421295 0 0 0 8 1 
1.59775867762575 5.20688892210336 5.17737042520234 -0.317040220395708 0.451148153683894 0.279561737533723 0 0 0 60 0 
2.5327302501918 4.16257666984248 7.53648048380865 -0.494544958301367 -0.0562372216929206 -0.327253252698558 0 0 0 226 1 
3.13707075489733 5.37065835240511 7.73078454955232 -0.393821540850444 -0.688223607932482 0.705130758258719 0 0 0 250 0 
2.00369502122973 4.92003780748395 7.58854283875698 -0.749384163128378 -0.596660365419341 -0.985242860207171 0 0 0 239 0 
3.24563159966346 7.40698852948816 6.45625686281473 0.29093859994391 -0.68216857841864 0.992709477135789 0 0 0 130 0 
0.0818745991458156 6.18454607588682 5.47983427863631 0.263645766524303 -0.21924232068553 0.663305713106052 0 0 0 158 0 
1.70059409329758 6.12539823604135 5.73731008532808 -0.966567651117069 -0.895766960659775 0.706218347554681 0 0 0 212 0 
0.614341122661374 5.12823473438531 5.8734982315618 0.352390187110229 0.604705789064218 0.228916371926966 0 0 0 6 1 
2.8858782962807 4.1570035745309 7.57761505104923 0.897646382713449 0.109500595755149 -0.487064158158462 0 0 0 31 1 
1.18449488462163 5.10391426431324 5.85072323820953 -0.385917519229728 0.933985710718873 -0.44154612696508 0 0 0 52 1 
1.49031188079263 4.48943922517319 6.72750146162492 0.998385313465438 0.331573204195532 -0.628749756395848 0 0 0 89 1 
1.89344482798028 4.10148398279822 4.57530480168458 -0.267759195336621 0.10024733046637 0.17921746694743 0 0 0 64 0 
1.96501150692549 4.95996724804505 7.57439211642296 -0.922498082179084 0.743327874674175 -0.82093464726284 0 0 0 116 0 
1.8454972190251 4.72292927002646 5.59726238657208 -0.942417130162484 0.370488211671076 0.349543731095347 0 0 0 124 0 
2.94458861675369 5.45531847065859 7.67497130273793 -0.592568563874385 0.825886411776433 0.862495217122989 0 0 0 99 0 
3.10832475368035 6.14232015701909 4.97712494401211 -0.565279207719941 -0.0596133071634842 0.0795208240020191 0 0 0 203 1 
2.26574486678475 7.27329194598793 5.23165682811114 -0.872375855535876 -0.204451342335345 0.12194280468519 0 0 0 208 1 
3.04725710258767 4.76030211796894 7.55067053725748 -0.575457149568722 -0.123282980338511 0.175111756209581 0 0 0 231 1 
2.91734884678526 6.06633954353305 6.39019639226322 -0.930441858869123 0.261056590588842 -0.351633934622796 0 0 0 244 1 
2.6393560088668 7.38532067096031 7.73746287881469 -0.810107331855533 -0.18577988817328 0.0395771464691159 0 0 0 256 1 
2.88017972368557 7.6524366018192 7.78288072313343 -0.769970046052405 0.525406100303201 0.880480120522239 0 0 0 228 0 
2.43384155490167 5.68131624033717 6.40417369980883 -0.844359740849721 0.0302193733895288 0.650695616634805 0 0 0 232 0 
2.1247626724175 4.39274212823141 5.4925023105448 0.77079377873625 -0.851209645294764 0.998750385090799 0 0 0 139 0 
1.70904050020839 6.24416646724053 5.09109754777269 0.201506750034732 0.624027744540088 0.765182924628781 0 0 0 9 0 
1.15262289472207 6.21752270769297 5.27803442460825 -0.891229517546321 0.619587117948829 0.796339070768041 0 0 0 75 0 
1.31872641211471 4.12853920073666 5.26731675291932 0.136454402019118 0.271423200122777 -0.372113874513447 0 0 0 57 1 
0.62824471514373 4.18206941454462 7.46550726293632 0.354707452523955 0.447011569090769 0.82758454382272 0 0 0 38 0 
2.52441034439908 4.04277858821139 5.6027796697514 -0.829264942600152 0.423796431368565 -0.649536721708101 0 0 0 104 1 
3.90822054179766 6.89936464793082 6.9848423311236 -0.265296576367058 -0.600105892011531 -0.752526278146067 0 0 0 198 1 
3.83939339847125 7.84856605440506 4.89919028659206 -0.443434433588124 -0.608572324265823 -0.100134952234657 0 0 0 211 1 
3.76528262931373 4.04551648789397 4.89615705349375 -0.455786228447712 -0.575747252017672 -0.267307157751042 0 0 0 239 1 
3.46701183527506 5.52303307057699 5.37985706656482 -0.672164694120822 0.670505511762832 0.646642844427469 0 0 0 88 0 
3.88989051763202 4.69345188470858 6.40320183487011 -0.768351580394664 -0.80109135254857 0.983866972478351 0 0 0 204 0 
3.66800718670525 7.02994243157313 5.25533930849766 -0.638665468882458 0.421657071928856 0.959223218082944 0 0 0 196 0 
0.328622362812049 4.58519863184218 4.82535265053843 -0.0285629395313252 -0.985800228026304 0.887558775089738 0 0 0 133 0 
0.543556243245304 6.89727102890414 4.67045563777255 0.340592707207551 0.232878504817357 0.861742606295425 0 0 0 134 0 
0.334818222311484 5.76994684149208 4.01021588394495 0.805803037051914 0.378324473582013 0.251702647324159 0 0 0 109 0 
2.87124100434794 6.29616383899841 4.64952093155525 0.228540167391324 0.966027306499735 0.691586821925875 0 0 0 2 0 
5.83682954947032 5.12296343254277 5.04668940841578 -0.943861741754948 0.103827238757129 0.0911149014026305 0 0 0 193 1 
5.58487006854899 6.90335608863907 6.30133900365064 -0.152521655241834 -0.0994406518934892 0.300223167275106 0 0 0 207 1 
7.0468946210679 7.31909243331444 4.76136006071533 -0.742184229822017 -0.696817927780926 -0.789773323214111 0 0 0 225 1 
6.226528650914 7.39380404450993 7.58421033744135 0.287754775152333 0.148967340751655 0.180701722906892 0 0 0 233 1 
5.86402759950348 4.36759396683405 6.76501273770027 -0.105995400082753 -0.355401005527659 -0.455831210383288 0 0 0 235 1 
5.28946249411059 5.64630046953013 5.51677410366234 -0.0350895843149014 -0.975616588411645 -0.33053764938961 0 0 0 242 1 
7.15255698737086 7.50844830048678 6.58490991540264 -0.557907168771524 0.334741383414463 -0.15251501409956 0 0 0 246 1 
4.85753461861293 7.89868434935477 4.08341156380914 0.0595891031021543 -0.266885941774206 -0.56943140603181 0 0 0 249 1 
7.67355209727806 7.34735896603667 7.08321662109777 -0.471074650453656 0.141226494339445 -0.0694638964837057 0 0 0 250 1 
5.11978286103828 6.94340417029992 7.61516820764957 -0.39670285649362 -0.926099304950014 -0.314138632058404 0 0 0 112 1 
7.46468276524517 4.81991517923367 6.21635960546964 -0.839219539125804 -0.113347470127722 -0.880606732421727 0 0 0 136 1 
7.62304390678923 4.99284460676063 4.83254531235778 0.687173984464872 -0.251192565539895 0.0554242187262972 0 0 0 140 1 
7.35703176185713 7.17016789941129 4.07358218517093 -0.857161373023812 0.445027983235216 -0.904402969138178 0 0 0 164 1 
7.9154608137359 4.10911530863716 4.74336838194381 0.73591013562265 -0.0651474485604725 -0.626105269676032 0 0 0 180 1 
4.58231108278193 6.83543039245271 7.85696728481194 -0.152948152869678 0.555905065408784 0.726161214135323 0 0 0 126 0 
5.73668169635899 5.33918961844261 7.96902833083001 -0.960553050606835 -0.0268017302595656 0.744838055138335 0 0 0 245 0 
5.50533791041003 5.79522879380162 7.97813589889923 -0.832443681598328 0.0492047989669362 0.746355983149872 0 0 0 246 0 
5.80551809793447 5.46723774785755 5.22636584695669 -0.615746983677588 0.327872957976258 0.121060974492782 0 0 0 79 1 
4.36157039977426 6.49962599861382 7.79734041805228 -0.856404933370957 0.499937666435636 0.38289006967538 0 0 0 95 1 
7.75569975766769 4.10144671335114 7.28140712596974 0.875949959611281 -0.0664255477748089 -0.869765479005043 0 0 0 179 0 
5.90738877522716 7.08602538194556 5.28519785164653 -0.432101870795473 -0.0689957696757402 0.297532975274422 0 0 0 256 0 
6.01780014520373 4.56363984529643 6.93834953146511 -0.247033309132712 0.177273307549405 0.406391588577518 0 0 0 80 1 
6.03127644076594 6.65133291450652 5.50185450550632 0.421879406794323 0.691888819084421 -0.499690915748947 0 0 0 60 1 
6.20734157086697 7.4168266067731 6.03698384498366 0.617890261811162 -0.0138622322044832 0.256163974163943 0 0 0 143 1 
6.36735510701778 7.11735874104151 5.82679025517294 0.644559184502963 -0.897106876493082 -0.612201624137843 0 0 0 47 1 
4.83557295687542 4.38355202542355 5.47424479094702 0.22259549281257 -0.852741329096075 0.32904079849117 0 0 0 188 0 
7.45262235302684 7.07251632104244 6.7554739106556 -0.507896274495528 0.262086053507073 0.875912318442599 0 0 0 214 0 
7.6804678917001 6.30992160340517 4.87980038391695 -0.63658868471665 -0.365013066099138 0.229966730652825 0 0 0 253 0 
4.3866256533979 5.14394520763424 6.78689950621686 -0.18556239110035 0.440657534605706 -0.785516748963857 0 0 0 74 1 
4.63391513079966 5.36100295060453 4.68818422984508 -0.644347478200056 0.476833825100756 -0.301969295025819 0 0 0 108 1 
6.25212501593128 6.44050782189556 5.52515880368795 0.62535416932188 0.990084636982594 0.337526467281325 0 0 0 51 0 
5.21434347092156 4.83912021368219 5.46320522898637 0.452390578486927 -0.943479964386302 -0.172799128502271 0 0 0 167 1 
4.83950312533064 7.59802310672663 5.39638249387226 0.389917187555107 -0.816996148878895 0.31606374897871 0 0 0 63 0 
5.12559925188218 5.9248950737432 6.07464009662119 0.104266541980363 0.0708158456238677 0.929106682770198 0 0 0 197 0 
7.73375361954646 5.5407811351218 7.66256750418742 0.705625603257743 0.840130189186966 -0.806238749302097 0 0 0 52 0 
5.41011927105378 6.77415508417854 7.48228332057183 0.818353211842297 0.879025847363089 0.663713886761971 0 0 0 53 0 
4.76582402474879 5.71603237826991 5.26363711997909 -0.789029329208535 -0.130661270288348 0.793939519996515 0 0 0 203 0 
5.82578932532782 5.6148040736962 5.19685369607174 -0.112368445778697 -0.9808659877173 0.616142282678623 0 0 0 211 0 
5.31846759884962 5.53405528195285 4.48632524218659 -0.696922066858396 0.505675880325475 0.331054207031099 0 0 0 107 0 
5.69799471010143 5.97907761180458 5.07516334850801 -0.633667548316428 0.746512935300763 0.595860558084669 0 0 0 87 0 
4.28362457399889 4.32559891083349 6.8241631963326 -0.869395904333518 0.804266485138914 0.387360532722101 0 0 0 67 1 
7.40042649199563 4.23045620875203 6.96904621347857 -0.516595584667394 0.621742701458672 0.244841035579762 0 0 0 82 1 
4.90135368501778 4.25307406802904 7.51854771134932 -0.933107719163703 0.625512344671506 0.00309128522488589 0 0 0 114 1 
7.456066417905 4.03651627149963 6.07460126234522 0.9926777363175 0.589419378583272 -0.737566456275796 0 0 0 18 1 
4.44989027556353 4.11555540814359 4.7336529568565 0.991648379260588 -0.397407431976068 0.20560882614275 0 0 0 186 0 
4.20586387145618 7.61607384065975 6.70320812818982 0.284310645242697 -0.980654359890041 0.700534688031636 0 0 0 43 0 
4.01337027098563 5.73604009966578 4.68393658534743 0.0855617118309377 0.70600668327763 -0.802677235775428 0 0 0 40 1 
4.33971802889619 4.94091534131208 4.38787319495411 0.806619671482698 -0.92651410978132 0.314645532492351 0 0 0 165 0 
4.84796488127582 4.27996974399615 4.05466865134793 0.557994146879303 0.463328290666024 0.925778108557988 0 0 0 22 0 
4.31385018837073 7.41591905516162 4.20289339873308 0.468975031395122 -0.0140134908063967 0.617148899788847 0 0 0 142 0 
4.69140684415359 6.47053736086705 4.43776596409468 -0.134765525974402 0.495089560144509 0.989627660682447 0 0 0 94 0 
