512
0.238538999648332 0.843812328889041 1.33179128815619 0.369269499824166 0.67190616444452 0.915895644078094 0 0 0 1 0 
1.95708033478265 2.43205461299947 1.88317364385175 0.228540167391324 0.966027306499735 0.691586821925875 0 0 0 2 0 
3.24400637128783 1.3042815499375 1.29796957895206 0.372003185643917 0.402140774968749 0.898984789476028 0 0 0 3 0 
1.81762999951202 1.27541948751567 1.14893415351492 -0.841185000243991 0.387709743757837 0.324467076757462 0 0 0 4 0 
1.09611753160745 2.27570139933625 2.46067467632272 0.798058765803723 0.387850699668126 0.980337338161362 0 0 0 5 0 
1.6055518283655 1.17622540579686 0.404132072833342 0.0527759141827502 -0.161887297101569 0.452066036416671 0 0 0 6 0 
2.34563117736328 1.55514982946708 0.0555209140029542 -0.0771844113183578 0.0275749147335409 0.277760457001477 0 0 0 7 0 
3.13224136695329 0.28333028590912 1.01481941480786 -0.183879316523356 0.89166514295456 0.25740970740393 0 0 0 8 0 
0.903013500069463 3.74805548908018 2.03036584925756 0.201506750034732 0.624027744540088 0.765182924628781 0 0 0 9 0 
3.42838569792585 1.63611282879345 0.781338291668928 0.964192848962925 -0.431943585603273 0.640669145834464 0 0 0 10 0 
1.71236624211128 2.74391763043787 0.436717440167868 -0.393816878944361 0.121958815218934 -0.0316412799160662 0 0 0 11 0 
2.67912119253523 2.68599977272301 0.0994687408730552 -0.410439403732386 0.0929998863615029 -0.200265629563472 0 0 0 12 0 
2.0378107554486 3.15800114010378 1.37048838386502 0.768905377724302 -0.170999429948109 0.935244191932511 0 0 0 13 0 
3.04831322627564 2.31553568395885 0.048412670216827 0.274156613137822 -0.592232158020574 0.274206335108414 0 0 0 15 0 
0.70574587410674 1.55939351530149 1.84938256986223 0.10287293705337 0.529696757650747 0.174691284931117 0 0 0 17 0 
0.152309334025408 0.415796806186987 3.084501136905 -0.673845332987296 0.457898403093493 0.792250568452501 0 0 0 18 0 
0.793738307712953 2.18593377918123 1.57100074509202 -0.853130846143523 0.842966889590616 0.035500372546009 0 0 0 19 0 
3.92272723973773 0.934532633133506 0.586310712416757 0.211363619868866 0.217266316566753 -0.456844643791621 0 0 0 20 0 
1.39858920854047 1.94106176420219 3.41719164477114 0.449294604270235 0.220530882101095 0.95859582238557 0 0 0 21 0 
2.61598829375861 2.42665658133205 0.351556217115977 0.557994146879303 0.463328290666024 0.925778108557988 0 0 0 22 0 
1.56704718875458 0.94141769019815 0.0861034663095828 -0.466476405622709 -0.279291154900925 0.793051733154791 0 0 0 23 0 
3.029349909387 2.22078920671317 3.44188311483579 -0.235325045306502 0.360394603356587 0.970941557417895 0 0 0 24 0 
0.0308191730380465 1.17202793918476 1.43605662807038 0.265409586519023 -0.663986030407621 -0.0319716859648126 0 0 0 25 0 
3.48938562539034 1.14643986629349 0.297966493843569 0.994692812695169 -0.676780066853254 0.898983246921784 0 0 0 26 0 
1.75540007836963 3.07946834371474 0.0796377898984335 -0.872299960815183 0.289734171857368 0.789818894949217 0 0 0 28 0 
2.1123050919093 2.86602709000972 1.34350241368682 0.806152545954648 -0.31698645499514 -0.0782487931565888 0 0 0 29 0 
3.56272446403616 3.20330755656234 3.07689081529284 0.0313622320180778 -0.148346221718831 0.788445407646418 0 0 0 32 0 
0.083412477719534 1.4804104117481 2.67118090830587 0.291706238859767 0.990205205874051 0.085590454152936 0 0 0 33 0 
1.07063800372785 0.183290223514853 3.83771959564545 -0.214680998136074 -0.158354888242573 0.668859797822724 0 0 0 34 0 
2.1466458725217 1.56692407458194 3.25912044635261 -0.176677063739152 0.533462037290971 0.379560223176308 0 0 0 35 0 
3.61318235874895 0.757191176574058 2.97540477385837 0.0565911793744773 0.628595588287029 0.237702386929186 0 0 0 36 0 
0.387225243632066 0.721420662151959 1.1491703720993 0.443612621816033 -0.38928966892402 -0.67541481395035 0 0 0 37 0 
1.92455150659338 0.110770598861207 2.03054523716188 -0.287724246703309 -0.694614700569396 -0.234727381419058 0 0 0 39 0 
1.37629568803595 1.77824190830721 0.677249282677067 0.438147844017973 -0.360879045846395 -0.911375358661466 0 0 0 41 0 
3.0615961242331 3.49735794420483 1.27012261119744 0.780798062116549 0.498678972102413 -0.61493869440128 0 0 0 42 0 
0.289707635003646 2.14593969241097 0.735225007343429 0.394853817501823 -0.677030153794513 -0.882387496328286 0 0 0 45 0 
0.0110617764057488 2.36423054022363 2.77830092204269 -0.244469111797126 0.932115270111815 -0.360849538978654 0 0 0 49 0 
0.247506622586602 1.26583382204213 2.34355595822242 0.873753311293301 0.382916911021063 -0.578222020888791 0 0 0 50 0 
1.19682675017087 0.171308217629063 3.31618185859823 -0.151586624914566 -0.664345891185468 -0.0919090707008845 0 0 0 54 0 
2.46491208887643 0.268273549492173 2.74624569447441 -0.517543955561784 -0.615863225253914 -0.376877152762793 0 0 0 56 0 
1.84374839982744 2.27956501573531 3.00673358906975 0.671874199913721 -0.110217492132346 -0.246633205465123 0 0 0 57 0 
2.55836926281678 1.96084198094978 3.78939700561111 0.529184631408392 -0.269579009525109 0.144698502805553 0 0 0 58 0 
1.59138225707188 3.00644592602493 2.99083935558541 0.0456911285359398 -0.246777036987533 -0.254580322207296 0 0 0 62 0 
2.96448160932676 3.70049466093274 3.85843493389486 -0.267759195336621 0.10024733046637 0.17921746694743 0 0 0 64 0 
2.85010889895868 0.950262964992852 0.813707014347628 -0.824945550520661 0.725131482496426 0.156853507173814 0 0 0 65 0 
2.83978973066136 1.53393094152127 1.14741706072393 -0.830105134669319 -0.983034529239363 0.323708530361966 0 0 0 77 0 
1.0173246762436 3.08399143339589 2.13796229103007 0.258662338121801 -0.708004283302057 0.818981145515037 0 0 0 129 0 
2.88676825045621 3.47374641923122 2.2070418593098 0.193384125228107 -0.513126790384391 0.353520929654902 0 0 0 147 0 
1.63367227917253 2.81608079556476 2.85422779236535 -0.933163860413736 -0.841959602217621 0.677113896182673 0 0 0 148 0 
2.24289636239726 3.21159628170527 1.55499201615268 -0.128551818801372 -0.644201859147367 -0.47250399192366 0 0 0 163 0 
3.6732844368975 2.73807775024032 3.397180100878 0.0866422184487494 -0.880961124879841 0.448590050439001 0 0 0 164 0 
2.41300620527142 3.3644995826212 2.05980697537145 -0.54349689736429 -0.567750208689399 -0.720096512314274 0 0 0 180 0 
1.05125378069507 1.10271113710681 2.62537719915011 0.275626890347536 0.301355568553404 -0.937311400424944 0 0 0 1 1 
1.91569400732358 0.685375065693086 2.88807963432462 -0.292152996338208 -0.907312467153457 -0.805960182837688 0 0 0 11 1 
2.72368583725249 2.57322505964897 3.35041573343355 0.611842918626247 -0.463387470175516 -0.574792133283226 0 0 0 14 1 
3.59453976778173 2.9169240936163 3.15547890337407 0.547269883890865 -0.291537953191851 -0.672260548312966 0 0 0 15 1 
2.66768059561923 2.73120147807257 3.30950239318219 0.583840297809613 -0.884399260963717 -0.595248803408903 0 0 0 130 1 
3.68635387031141 0.791467939977988 0.962167372029368 -0.906823064844295 0.645733969988994 0.231083686014684 0 0 0 66 0 
3.81688601514236 2.73884145059741 1.02823826555529 -0.341556992428819 0.619420725298707 0.264119132777643 0 0 0 69 0 
3.8089698024107 2.82678915253718 0.932462716945213 -0.34551509879465 0.163394576268589 0.216231358472606 0 0 0 73 0 
3.90202159796214 2.26500974210497 2.89021442410274 -0.798989201018931 -0.117495128947514 0.19510721205137 0 0 0 106 0 
3.87669710457975 1.27130031657354 2.07263850472683 -0.311651447710126 0.885650158286772 -0.713680747636587 0 0 0 113 0 
3.8421315631383 3.19129961480025 3.88945813934633 -0.82893421843085 -0.654350192599873 0.194729069673166 0 0 0 242 0 
3.46190310833603 3.84371338660536 1.19055414598746 0.980951554168017 -0.32814330669732 -0.154722927006268 0 0 0 146 0 
1.80256804684537 3.80510264689959 2.38827909988582 -0.848715976577317 -0.847448676550205 0.444139549942912 0 0 0 152 0 
2.50735447532994 3.53663409870796 3.86361687244373 0.50367723766497 -0.981682950646021 0.681808436221865 0 0 0 166 0 
2.86952335816591 3.89862373977201 1.84790259155374 0.684761679082956 -0.300688130113994 -0.826048704223128 0 0 0 178 0 
1.21624936918266 3.55652806577133 1.6183676047111 0.358124684591328 -0.971735967114333 -0.940816197644452 0 0 0 181 0 
2.06834896995747 3.57073904230588 2.6807971461667 -0.215825515021266 -0.46463047884706 -0.909601426916648 0 0 0 131 1 
3.74541816184285 3.82788733536119 1.11634668241043 -0.877290919078573 -0.336056332319404 -0.191826658794787 0 0 0 210 0 
3.85340746213795 3.75056021641244 3.22275031422144 -0.323296268931026 -0.87471989179378 0.861375157110723 0 0 0 213 0 
1.65151753059131 1.68273686082513 3.69165892866926 0.575758765295656 0.0913684304125628 -0.404170535665368 0 0 0 5 1 
1.38009375035119 1.12899940459559 3.94905911354866 0.940046875175593 -0.185500297702204 -0.775470443225669 0 0 0 21 1 
0.695011367637657 0.497139074916354 3.72731537773296 -0.902494316181171 -0.501430462541823 -0.886342311133519 0 0 0 23 1 
3.48514095415676 0.122029617572132 3.96130821982622 -0.507429522921621 0.311014808786066 -0.769345890086888 0 0 0 81 1 
7.62972824860071 1.63625958448037 0.885223778736028 -0.935135875699644 0.568129792240187 0.192611889368014 0 0 0 67 0 
6.73662183295154 2.2318754257042 0.222808182032686 -0.381689083524229 0.865937712852102 0.361404091016343 0 0 0 68 0 
5.80187002864201 3.14736568227404 1.18291488354947 0.150935014321005 0.823682841137018 0.341457441774733 0 0 0 70 0 
6.74704611328685 0.15423654854717 1.39550323286043 0.123523056643425 -0.672881725726415 0.447751616430216 0 0 0 71 0 
6.54561507737684 2.25811512015417 0.829493543955823 -0.977192461311581 0.379057560077083 0.664746771977911 0 0 0 72 0 
5.56423333390911 2.20960920230832 1.40463461934834 0.0321166669545541 -0.145195398845841 0.95231730967417 0 0 0 74 0 
4.71754096490736 3.73917423589766 2.09267814153608 -0.891229517546321 0.619587117948829 0.796339070768041 0 0 0 75 0 
6.42653868763658 3.97274767443617 1.00295375380063 -0.53673065618171 0.736373837218083 0.251476876900317 0 0 0 76 0 
6.5447308147731 2.95335070112176 2.27252843642729 0.52236540738655 -0.273324649439121 0.886264218213647 0 0 0 78 0 
6.88327595177165 2.62392177332313 2.08036310533588 0.191637975885827 -0.438039113338435 0.790181552667941 0 0 0 79 0 
5.88765954016519 2.21530299569503 1.20588426223806 -0.806170229917406 -0.642348502152483 0.852942131119031 0 0 0 80 0 
4.14907533870841 0.859379597372392 2.22107232270744 -0.175462330645797 0.179689798686196 0.360536161353719 0 0 0 81 0 
4.1420005558818 0.715557963342425 1.89786578805835 -0.6789997220591 0.607778981671213 0.198932894029176 0 0 0 82 0 
6.71873971286352 0.430790204766966 2.93688732719203 0.10936985643176 -0.0346048976165169 0.718443663596013 0 0 0 83 0 
7.86270752388139 0.60964383213162 2.93062847554766 0.181353761940696 0.0548219160658101 0.71531423777383 0 0 0 84 0 
4.51883962441086 2.31560365997988 0.0212454853639141 0.00941981220543053 0.407801829989938 -0.739377257318043 0 0 0 85 0 
5.2573330088858 1.45768352891528 2.75138013010654 -0.1213334955571 -0.0211582355423606 0.625690065053268 0 0 0 86 0 
7.76733509663286 2.99302587060153 2.69172111616934 0.633667548316428 0.746512935300763 0.595860558084669 0 0 0 87 0 
6.15567061175835 2.84101102352566 2.79328568885494 -0.672164694120822 0.670505511762832 0.646642844427469 0 0 0 88 0 
4.18966896024478 1.04904633394138 1.94820668797724 -0.155165519877612 -0.725476833029312 0.224103343988618 0 0 0 89 0 
5.26110339840473 2.85219255260356 3.25027791671913 -0.119448300797635 0.176096276301778 0.875138958359563 0 0 0 90 0 
5.42808378521692 1.47745994525424 0.0807291647925987 -0.535958107391539 -0.511270027372878 0.790364582396299 0 0 0 91 0 
4.42212095867536 1.93494354002766 0.65243609878328 -0.03893952066232 -0.782528229986169 -0.42378195060836 0 0 0 93 0 
7.97382542974512 3.01681583898336 0.363347209503846 -0.763087285127441 -0.241592080508323 0.931673604751923 0 0 0 95 0 
7.79244037247684 3.68066414301385 1.82363585463876 0.146220186238419 0.0903320715069265 0.16181792731938 0 0 0 96 0 
4.39592602055899 1.74912162749398 2.12399219359084 -0.0520369897205044 0.624560813746988 -0.18800390320458 0 0 0 97 0 
4.43604522136486 1.98328395219642 1.27691122575361 -0.531977389317571 0.741641976098211 -0.611544387123197 0 0 0 98 0 
7.21868681974299 0.517849416342576 1.00067108339998 -0.140656590128504 0.00892470817128777 -0.749664458300009 0 0 0 100 0 
6.99599059408845 1.30283415398316 1.9848916412779 0.247995297044227 -0.0985829230084199 -0.257554179361051 0 0 0 103 0 
5.85457741452942 1.35313414079533 3.06568206570711 0.677288707264711 -0.573432929602334 0.282841032853556 0 0 0 105 0 
7.89384413371679 3.51135176065095 3.1621084140622 0.696922066858396 0.505675880325475 0.331054207031099 0 0 0 107 0 
6.79855060362896 2.75110406036366 2.35548217810412 -0.850724698185518 0.12555203018183 -0.0722589109479397 0 0 0 108 0 
5.3550493151646 1.35075839698388 2.95535081249353 -0.0724753424176992 -0.0746208015080584 -0.272324593753237 0 0 0 118 0 
6.75577848371845 0.136378740231796 3.5658680533963 0.127889241859227 -0.681810629884102 0.0329340266981486 0 0 0 119 0 
5.96782395271039 0.159448987225418 1.78698383887923 -0.766088023644806 0.829724493612709 -0.856508080560384 0 0 0 120 0 
4.07529071125216 3.38778796014733 2.69872809542495 -0.712354644373921 0.443893980073664 -0.400635952287528 0 0 0 122 0 
7.10849718328453 3.23984258599256 2.76135279064903 -0.695751408357734 -0.130078707003719 -0.369323604675486 0 0 0 128 0 
5.3201286585874 1.59891655443456 2.58059636006353 0.910064329293698 0.0494582772172791 0.0402981800317657 0 0 0 40 0 
6.35411671430511 2.7858803609307 3.08094574716507 0.927058357152554 -0.857059819534649 0.290472873582535 0 0 0 225 0 
7.14850504768308 2.73869492857927 3.15331447888361 0.82425252384154 -0.880652535710365 0.326657239441805 0 0 0 226 0 
7.15601681528111 2.92014169885011 1.02258295401768 0.328008407640553 -0.789929150574944 -0.738708522991159 0 0 0 227 0 
5.39818008116099 2.83222860099876 3.25973911930913 0.949090040580497 0.166114300499379 -0.620130440345435 0 0 0 12 1 
5.64838651602092 0.849626601935098 2.79323002801629 -0.925806741989541 0.674813300967549 -0.853384985991855 0 0 0 68 1 
5.26451566850147 3.35292088891946 3.18715605522405 0.382257834250733 0.426460444459732 -0.656421972387975 0 0 0 73 1 
7.06777643156307 2.94520301162177 3.03864874552517 -0.716111784218466 -0.777398494189117 -0.730675627237417 0 0 0 196 1 
4.48383406320105 2.0011589049227 0.273512666135191 0.491917031600523 -0.749420547538649 0.386756333067595 0 0 0 16 0 
4.13954605615577 3.66250899895858 1.13561101705491 0.819773028077885 0.581254499479289 -0.182194491472544 0 0 0 27 0 
7.46109164223271 3.8759789890139 1.02027045653147 0.480545821116356 -0.812010505493049 0.760135228265733 0 0 0 199 0 
5.1443892956869 3.84477251415091 3.95611781129149 -0.177805352156547 -0.827613742924547 0.728058905645744 0 0 0 230 0 
4.22537647620142 0.886723204983218 3.7721081857366 0.862688238100708 -0.306638397508391 -0.363945907131701 0 0 0 7 1 
5.49516792891862 1.27876161250149 3.77081632936543 0.497583964459311 0.889380806250743 -0.364591835317283 0 0 0 65 1 
5.23915725682688 0.425732036259948 3.50094792445767 0.369578628413438 0.962866018129974 -0.499526037771167 0 0 0 69 1 
6.17148466061052 1.27868767035291 3.65784235948685 0.33574233030526 -0.110656164823544 -0.421078820256576 0 0 0 70 1 
5.83946018542904 3.15784732992736 3.77329521348783 -0.830269907285479 0.82892366496368 -0.363352393256085 0 0 0 72 1 
5.84878398079092 0.87189081827107 3.88625306015427 -0.825608009604538 0.185945409135535 -0.806873469922865 0 0 0 84 1 
4.02192564598024 1.39425205161889 3.5788161729143 -0.739037177009877 -0.552873974190554 -0.960591913542848 0 0 0 90 1 
5.07842932527635 1.21571963967275 3.55274546743963 0.789214662638175 0.357859819836376 -0.473627266280185 0 0 0 4 1 
2.08187719988782 5.86433715683728 2.48541895427158 0.29093859994391 0.68216857841864 0.992709477135789 0 0 0 130 0 
2.39771260421014 4.50069300475812 0.659656891978414 -0.0511436978949282 0.000346502379061642 0.579828445989207 0 0 0 131 0 
0.44287412093735 7.47160045605261 1.27511755017948 -0.0285629395313252 0.985800228026304 0.887558775089738 0 0 0 133 0 
0.818814585584899 5.96575700963471 1.22348521259085 -0.340592707207551 0.232878504817357 0.861742606295425 0 0 0 134 0 
3.02987639766319 6.18092436442533 0.616324741483521 0.264938198831593 0.340462182212666 0.0581623707417604 0 0 0 135 0 
1.41812351714172 5.0711912440497 0.601363655365737 0.459061758570861 -0.714404377975151 0.0506818276828687 0 0 0 137 0 
1.16025879748472 6.64147740724691 1.34623188032828 -0.16987060125764 0.0707387036234557 0.423115940164138 0 0 0 138 0 
0.958412442527499 7.79758070941047 1.4975007701816 -0.77079377873625 -0.851209645294764 0.998750385090799 0 0 0 139 0 
0.176452662799624 5.54510702725758 0.863414699917654 -0.161773668600188 -0.97744648637121 0.681707349958827 0 0 0 141 0 
2.43795006279024 7.47197301838721 1.73429779957769 0.468975031395122 -0.0140134908063967 0.617148899788847 0 0 0 142 0 
2.22520512929402 6.16259172351477 0.992120094754211 -0.137397435352992 -0.668704138242617 0.246060047377106 0 0 0 143 0 
0.215849792052393 4.67455544473313 0.0606308232166166 0.357924896026197 0.0872777223665637 -0.719684588391692 0 0 0 145 0 
0.071948663807508 6.20894118310592 3.36597691193229 0.285974331903754 0.354470591552958 0.932988455966145 0 0 0 149 0 
1.02471123452434 6.86304535232091 0.419332736087257 -0.23764438273783 0.681522676160456 -0.540333631956372 0 0 0 150 0 
0.669251928557033 6.45719323942965 1.77097290243423 0.584625964278516 -0.0214033802851747 0.135486451217114 0 0 0 153 0 
2.16733241368806 7.30043710940877 3.47745900681396 0.333666206844032 0.400218554704383 0.988729503406982 0 0 0 154 0 
3.80519387465469 7.74872270173102 1.66898148128118 0.152596937327346 -0.87563864913449 0.0844907406405877 0 0 0 156 0 
2.14162731827489 5.6448424224173 1.45941146637623 0.820813659137447 -0.92757878879135 -0.0202942668118828 0 0 0 157 0 
0.972708466951395 7.06151535862894 2.8266114262121 -0.263645766524303 -0.21924232068553 0.663305713106052 0 0 0 158 0 
2.4089298971478 6.86087269793293 0.233745141122734 -0.0455350514260984 -0.319563651033534 0.866872570561367 0 0 0 159 0 
3.90929681837687 6.3519848698376 0.524260317411656 0.204648409188433 -0.574007565081202 -0.487869841294172 0 0 0 160 0 
0.174384169143251 4.05518041773283 2.2722661475201 -0.162807915428374 -0.222409791133585 -0.113866926239951 0 0 0 161 0 
0.0526464910592355 5.94519808450788 1.34125545690534 0.776323245529618 0.722599042253941 -0.579372271547328 0 0 0 162 0 
1.1132393429654 7.35302821956264 3.1292910649847 0.806619671482698 0.92651410978132 0.314645532492351 0 0 0 165 0 
2.81299409762153 5.22127300964866 1.77959850377363 0.156497048810765 -0.13936349517567 -0.360200748113186 0 0 0 167 0 
0.0942873791661758 7.12381179366487 2.48092669233071 -0.202856310416912 0.311905896832434 -0.00953665383464652 0 0 0 169 0 
3.00265102061442 5.47780227578646 3.57966637495798 0.751325510307208 -0.51109886210677 0.539833187478991 0 0 0 170 0 
0.766788140168502 6.04291030878078 2.86076960478022 -0.866605929915749 -0.228544845609609 0.180384802390108 0 0 0 171 0 
1.39928373076967 6.08631571972091 1.92268931419719 0.949641865384835 -0.706842140139543 -0.288655342901407 0 0 0 173 0 
0.463096156086034 7.33780914344326 1.86863434241184 0.981548078043017 -0.081095428278371 -0.315682828794082 0 0 0 174 0 
1.44859685396405 7.12378741293101 3.87543835648399 -0.525701573017977 -0.688106293534495 0.687719178241995 0 0 0 175 0 
3.38030840692662 7.04687039143623 2.89942837031682 -0.05984579653669 -0.226564804281885 0.199714185158412 0 0 0 176 0 
1.10065279279001 6.33804391103453 2.37638923555669 -0.699673603604993 0.419021955517266 -0.561805382221655 0 0 0 183 0 
1.79903654821687 4.25302134056983 2.23679423838212 -0.850481725891564 -0.623489329715086 -0.631602880808938 0 0 0 184 0 
1.44079795169092 5.48903112749562 1.8023783423362 0.470398975845458 -0.505484436252189 -0.848810828831899 0 0 0 185 0 
0.483296758521175 5.70518513604786 3.9112176522855 0.991648379260588 -0.397407431976068 0.20560882614275 0 0 0 186 0 
2.24945019069685 6.82324752339129 3.44748971586676 0.874725095348423 -0.838376238304357 -0.0262551420666183 0 0 0 189 0 
2.24390651524126 7.26116542483519 1.72347092077454 -0.128046742379369 -0.119417287582407 -0.888264539612731 0 0 0 191 0 
2.54064092329834 6.74548229822793 3.89463106706561 -0.479679538350832 -0.377258850886035 0.197315533532807 0 0 0 192 0 
2.01817483293796 4.66542961051192 0.63465355175516 0.259087416468981 0.58271480525596 0.56732677587758 0 0 0 14 0 
0.263645783363814 4.59650857817116 1.69722246163737 0.881822891681907 0.548254289085582 0.0986112308186828 0 0 0 30 0 
1.27290950650808 4.89256400191148 0.910550502669469 -0.61354524674596 0.696282000955739 -0.294724748665265 0 0 0 31 0 
3.24975935193995 5.34112530292263 2.39524485196876 0.874879675969974 0.920562651461317 -0.0523775740156186 0 0 0 46 0 
2.45401529975242 4.62859946801021 3.50053086611823 -0.0229923501237885 0.564299734005107 0.500265433059114 0 0 0 47 0 
2.67097738803497 4.96023651532473 1.50391055102757 -0.914511305982516 0.230118257662365 0.501955275513787 0 0 0 193 0 
3.11834567022459 5.6022233163822 3.66136643883247 -0.690827164887705 0.0511116581910986 0.580683219416236 0 0 0 229 0 
2.76621659664784 4.71438595479681 3.81129112176136 -0.86689170167608 -0.892807022601597 0.655645560880679 0 0 0 233 0 
2.64116624276229 7.05199578607294 3.36816582578956 -0.929416878618855 -0.724002106963527 -0.56591708710522 0 0 0 205 1 
3.06862129048539 4.46130871978008 3.90106937606327 0.284310645242697 0.980654359890041 0.700534688031636 0 0 0 43 0 
1.54726045196666 4.47359425304241 1.36648254998016 -0.976369774016669 0.486797126521203 -0.566758725009922 0 0 0 48 0 
0.62540137595925 4.17630877238285 2.77088108246281 0.562700687979625 0.338154386191426 -0.364559458768594 0 0 0 61 0 
2.88839392589617 4.25664894716403 3.00340529464832 -0.805803037051914 0.378324473582013 0.251702647324159 0 0 0 109 0 
3.63861179073521 7.23861345707699 2.96997872339433 -0.430694104632393 0.369306728538495 -0.265010638302836 0 0 0 249 0 
3.78978050709015 5.88178708208914 3.04888677061524 -0.355109746454923 0.190893541044568 -0.725556614692382 0 0 0 197 1 
2.7356051015741 4.55589861074541 3.98305901174396 0.117802550787048 -0.972050694627297 -0.258470494128019 0 0 0 139 1 
1.36702775425842 5.72825638591343 3.54202744669438 0.933513877129211 0.614128192956713 -0.97898627665281 0 0 0 145 1 
0.636755448941129 5.67374906427288 3.87373144781978 0.0683777244705643 0.0868745321364404 -0.813134276090112 0 0 0 149 1 
1.97938435514216 5.41367346142291 3.94009481902406 -0.260307822428921 -0.543163269288547 -0.779952590487969 0 0 0 155 1 
2.57257144842327 6.80447890412035 3.7640407548645 -0.463714275788366 -0.347760547939823 -0.86797962256775 0 0 0 160 1 
2.80278602443741 6.28011000606919 3.92319993633737 -0.848606987781292 0.890055003034593 -0.788400031831314 0 0 0 209 1 
7.33770264251386 5.51533733307244 1.54239182690279 0.918851321256929 0.507668666536222 0.521195913451397 0 0 0 194 0 
7.68759172550049 6.44511011204065 0.0852333020542912 0.593795862750247 0.972555056020326 0.292616651027146 0 0 0 195 0 
6.22266906223508 5.34331414385771 1.41844643616589 -0.638665468882458 0.421657071928856 0.959223218082944 0 0 0 196 0 
4.70853308396073 5.64163169124773 2.3582133655404 0.104266541980363 0.0708158456238677 0.929106682770198 0 0 0 197 0 
5.75179243512802 7.37915192843182 0.644239733059112 0.12589621756401 0.939575964215912 0.572119866529556 0 0 0 198 0 
7.82419342631453 4.67257951943381 1.71076460864644 -0.337903286842734 -0.413710240283097 0.605382304323221 0 0 0 200 0 
6.24315203599791 7.66230333263195 0.463742626928169 0.871576017998955 -0.918848333684027 -0.0181286865359154 0 0 0 201 0 
5.65539827655945 7.52260837443819 1.75408580150322 0.0776991382797252 -0.988695812780906 0.62704290075161 0 0 0 202 0 
7.92194134158293 6.2386774594233 2.08787903999303 -0.789029329208535 -0.130661270288348 0.793939519996515 0 0 0 203 0 
6.96329683921067 7.89781729490286 2.4677339449567 -0.768351580394664 -0.80109135254857 0.983866972478351 0 0 0 204 0 
5.98225455016034 6.63418613669424 0.453813249225953 0.741127275080172 -0.43290693165288 -0.0230933753870235 0 0 0 205 0 
4.08096716781985 7.6945154737085 1.42091968888776 -0.709516416090077 -0.402742263145748 0.46045984444388 0 0 0 206 0 
5.26947829069903 7.82869286038314 0.985864068083742 -0.615260854650488 -0.335653569808431 0.742932034041871 0 0 0 207 0 
7.28877725050815 7.45681677392724 0.901829087105386 -0.105611374745923 -0.521591613036379 0.700914543552693 0 0 0 208 0 
5.29902817490528 4.2926810302291 2.55942986226453 0.399514087452641 -0.103659484885449 0.529714931132266 0 0 0 209 0 
6.27526310844261 6.4617319754346 2.73228456535725 -0.112368445778697 0.9808659877173 0.616142282678623 0 0 0 211 0 
5.56686469776586 6.29153392131955 2.91243669510936 -0.966567651117069 0.895766960659775 0.706218347554681 0 0 0 212 0 
6.51579254899105 6.02417210701415 3.2518246368852 0.507896274495528 0.262086053507073 0.875912318442599 0 0 0 214 0 
7.75018785039061 4.18859298958374 1.71047840922578 0.625093925195304 -0.65570350520813 0.105239204612892 0 0 0 215 0 
7.86472857156307 4.13683711480391 3.16888448636442 0.182364285781536 -0.681581442598047 0.834442243182208 0 0 0 216 0 
4.27037246241694 7.94558175536661 0.322491227530302 -0.114813768791528 -0.777209122316692 0.911245613765151 0 0 0 217 0 
6.13624368750178 4.60665453746847 0.294248245764702 0.318121843750891 -0.946672731265765 0.897124122882351 0 0 0 218 0 
4.83747758905182 5.22869063343805 3.22097653262206 -0.831261205474091 -0.635654683280977 0.860488266311032 0 0 0 219 0 
7.30983537999973 4.5660027179728 1.87107236236884 -0.595082310000135 -0.9669986410136 0.185536181184421 0 0 0 220 0 
4.44462077558144 6.29913595683578 2.70685684810637 -0.0276896122092806 -0.60043202158211 0.603428424053184 0 0 0 221 0 
6.55055889376088 7.91479121924163 0.254530097611473 0.525279446880438 -0.292604390379183 0.877265048805737 0 0 0 222 0 
6.55839996114851 7.23249485998862 0.169781798821718 0.0291999805742527 -0.133752570005689 0.834890899410859 0 0 0 223 0 
6.89046075090691 6.66337504615427 3.32731403607966 -0.804769624546544 -0.918312476922866 0.91365701803983 0 0 0 224 0 
5.81128051830056 5.56043874677906 3.80139123326961 -0.844359740849721 0.0302193733895288 0.650695616634805 0 0 0 232 0 
4.37021465204153 7.89176099744314 2.65755319632885 -0.564892673979235 -0.804119501278428 0.0787765981644244 0 0 0 234 0 
5.75119888909779 6.29594300736788 2.29393660937174 -0.374400555451104 -0.10202849631606 -0.103031695314131 0 0 0 235 0 
6.43695357756803 7.16410347712184 0.629310966663925 0.968476788784015 -0.167948261439082 -0.935344516668037 0 0 0 237 0 
6.2567274060666 5.61231247044456 3.56129046440636 0.3783637030333 -0.943843764777723 0.530645232203182 0 0 0 238 0 
7.34912115127833 5.85015250673393 3.47555865144378 -0.0754394243608369 -0.824923746633036 0.48777932572189 0 0 0 240 0 
5.5444458768971 4.08509038813055 3.87389694459222 0.522222938448551 -0.207454805934726 0.186948472296111 0 0 0 241 0 
7.64116166179983 5.36203447386364 2.93549525951362 0.0705808308999134 0.431017236931818 -0.282252370243192 0 0 0 244 0 
4.90026711734448 6.83230857075836 1.81822588470527 -0.799866441327758 0.66615428537918 -0.840887057647364 0 0 0 247 0 
6.81058265464704 5.37226718826054 1.59433930462569 -0.344708672676478 -0.0638664058697281 -0.952830347687157 0 0 0 248 0 
7.15105400454983 6.30434170441554 1.88795938021111 0.325527002274917 -0.0978291477922298 -0.806020309894443 0 0 0 251 0 
5.7731773694333 7.76997386780172 3.95993346130565 0.63658868471665 -0.365013066099138 0.229966730652825 0 0 0 253 0 
5.25978936980178 6.9321521675743 2.32241172806671 -0.120105315099108 -0.783923916212851 -0.588794135966643 0 0 0 254 0 
7.54232164348816 7.3761088180022 3.02263737319527 -0.978839178255921 -0.0619455909989007 -0.238681313402363 0 0 0 255 0 
5.20781995175363 5.17266000090378 1.66074412620622 -0.646090024123187 0.836330000451892 -0.919627936896891 0 0 0 127 0 
4.79675320454259 4.77171459608983 1.17983033565175 0.648376602271294 0.135857298044913 0.339915167825875 0 0 0 132 0 
5.11813488003031 6.79398904305055 0.455482356727631 0.809067440015156 0.646994521525277 -0.0222588216361844 0 0 0 136 0 
5.20013984851661 5.61303587101359 1.48991011520021 0.850069924258303 -0.443482064493203 0.494955057600106 0 0 0 140 0 
4.54677472879396 7.09891176022857 0.976330436692259 0.523387364396978 -0.200544119885714 0.73816521834613 0 0 0 144 0 
5.00520967304277 5.12592942959532 3.14315225143182 -0.247395163478615 0.312964714797661 -0.678423874284088 0 0 0 194 1 
7.59102807929499 4.52760272728451 3.14334142409935 0.545514039647494 0.0138013636422558 -0.678329287950325 0 0 0 195 1 
6.94246164332433 6.68298359120227 2.79491789895949 -0.778769178337834 0.591491795601133 -0.852541050520253 0 0 0 200 1 
7.34320459354325 5.66737035941699 2.75748126280925 -0.0783977032283739 -0.416314820291505 -0.871259368595377 0 0 0 204 1 
6.81394436890899 6.09850815775459 2.80594307332201 0.656972184454494 -0.700745921122703 -0.847028463338994 0 0 0 206 1 
6.13672849773569 4.04887754141816 2.18841879927841 -0.681635751132157 0.774438770709081 0.344209399639207 0 0 0 92 0 
5.2304689480512 4.49017912028902 0.479255321364895 -0.134765525974402 0.495089560144509 0.989627660682447 0 0 0 94 0 
6.6543145281894 4.37749454236563 2.57889492988652 0.5771572640947 0.438747271182816 0.0394474649432583 0 0 0 110 0 
6.40315829656086 4.21699844710703 0.66465619145315 -0.0484208517195701 0.358499223553513 -0.917671904273425 0 0 0 111 0 
6.3483387271953 4.32774646235748 3.480649938632 -0.0758306364023476 0.91387323117874 -0.00967503068400177 0 0 0 123 0 
6.43649984188431 4.23314176551535 1.74683238744766 0.968249920942156 0.366570882757676 -0.876583806276168 0 0 0 125 0 
4.69999769128497 4.19512198771386 1.01907538658538 0.599998845642485 0.847560993856931 -0.740462306707311 0 0 0 44 0 
4.23656377433649 4.26289558161837 1.69215038962249 0.868281887168243 -0.618552209190817 0.0960751948112444 0 0 0 151 0 
4.48015805700335 6.58837630882716 1.21365457728107 0.990079028501673 0.0441881544135785 -0.143172711359467 0 0 0 155 0 
5.56434179036849 7.58077103014008 3.94525672230949 0.0321708951842454 -0.959614484929957 -0.777371638845253 0 0 0 218 1 
6.9757634930562 7.53011071062637 3.7354307833701 0.2378817465281 -0.984944644686816 -0.882284608314952 0 0 0 219 1 
6.05915028426216 5.12458925477904 3.86236527321964 -0.720424857868921 -0.687705372610479 -0.818817363390179 0 0 0 220 1 
2.57728722177695 0.976316982331425 5.9564374213853 0.538643610888474 0.738158491165712 0.728218710692651 0 0 0 2 1 
3.23995908527555 1.22146835674086 5.77018122342001 0.369979542637774 0.360734178370429 0.635090611710006 0 0 0 3 1 
0.795219625779542 2.70941157812844 4.95783274385393 -0.352390187110229 0.604705789064218 0.228916371926966 0 0 0 6 1 
2.61337750522814 3.14296942205763 6.20380774284259 -0.443311247385928 0.821484711028816 0.851903871421295 0 0 0 8 1 
1.68317388018218 0.85619078308175 4.62495113917029 0.59158694009109 -0.821904608459125 0.0624755695851447 0 0 0 9 1 
2.43594206410151 2.16523445081059 4.06995247486755 0.467971032050754 -0.167382774594704 -0.215023762566223 0 0 0 10 1 
1.78666014197186 1.84907503024087 5.60427996965969 0.643330070985931 -0.825462484879564 0.552139984829846 0 0 0 13 1 
1.24200584897277 1.54608743981753 4.76685856604408 0.871002924486385 0.523043719908763 -0.366570716977962 0 0 0 17 1 
3.485355472635 1.67883875716654 6.97513291255159 0.9926777363175 0.589419378583272 0.737566456275796 0 0 0 18 1 
2.04111301169321 0.606368154008166 5.49506525722361 -0.229443494153395 0.0531840770040832 -0.00246737138819697 0 0 0 19 1 
1.58770243495957 2.06488345595968 5.56548659393705 0.0438512174797863 0.282441727979842 0.0327432969685226 0 0 0 22 1 
3.84186150052503 1.40495876410243 7.05769184874816 0.170930750262514 -0.0475206179487826 0.778845924374082 0 0 0 24 1 
0.860605476421633 1.16081331100929 6.90805783901502 0.180302738210817 -0.669593344495355 0.704028919507509 0 0 0 25 1 
3.17293101165059 2.9904344756187 6.87570669600994 0.336465505825294 0.245217237809349 0.687853348004968 0 0 0 27 1 
2.62365940723614 3.32063064562814 4.30838301015683 -0.438170296381932 0.41031532281407 -0.595808494921587 0 0 0 28 1 
0.943294924096706 2.18483334062726 6.19600399108471 -0.278352537951647 -0.65758332968637 0.348001995542353 0 0 0 30 1 
0.704707234573101 3.7190011915103 6.47412831631692 -0.897646382713449 0.109500595755149 0.487064158158462 0 0 0 31 1 
3.24272502920374 2.23906394419549 4.60693846983328 -0.128637485398131 -0.630468027902254 -0.44653076508336 0 0 0 32 1 
1.97637555853054 0.718884739425235 7.93399496903183 0.738187779265272 0.109442369712617 -0.783002515484083 0 0 0 33 1 
1.92925880773591 0.128557091326374 5.13531331621403 0.214629403867955 -0.185721454336813 -0.682343341892985 0 0 0 34 1 
1.96850114239503 0.230405276113199 7.45309489261357 -0.265749428802484 0.365202638056599 0.476547446306785 0 0 0 35 1 
2.24758976773979 0.0792131590383454 7.08097833285378 0.873794883869893 -0.710393420480827 0.29048916642689 0 0 0 37 1 
3.27157524044382 1.66638429618624 4.62887700307549 0.885787620221911 0.0831921480931206 -0.935561498462253 0 0 0 38 1 
2.80434705580107 1.99392653671721 4.85455124441547 0.152173527900536 0.246963268358606 -0.822724377792266 0 0 0 39 1 
3.67112342366188 2.91201336655526 7.89464552844914 0.0855617118309377 0.70600668327763 -0.802677235775428 0 0 0 40 1 
1.56447068371678 0.667573992444908 7.72194649568997 0.532235341858391 -0.916213003777546 -0.889026752155014 0 0 0 41 1 
2.93864052852788 1.8443705116656 7.89416770391744 0.219320264263938 -0.3278147441672 -0.802916148041278 0 0 0 43 1 
2.27780673072268 2.97653215432224 5.45474925555062 0.888903365361338 -0.261733922838879 -0.522625372224689 0 0 0 45 1 
0.833657460250067 1.90014815286553 6.95184437762686 0.166828730125033 0.700074076432763 -0.774077811186568 0 0 0 49 1 
1.55811791542677 0.264068859209072 7.44282993352808 0.0290589577133848 0.382034429604536 -0.0285850332359621 0 0 0 50 1 
3.05143825568428 0.137805510297057 6.80756630537878 0.275719127842141 0.318902755148528 -0.846216847310612 0 0 0 51 1 
2.72816496154054 1.36797142143775 7.61690774606984 -0.385917519229728 0.933985710718873 -0.44154612696508 0 0 0 52 1 
0.672332702090801 1.43027087832046 7.19348737323468 0.5861663510454 -0.0348645608397693 -0.153256313382659 0 0 0 53 1 
1.09486318847064 1.81806642063853 5.89270737141935 -0.202568405764682 0.159033210319265 -0.803646314290325 0 0 0 54 1 
1.6270761120699 0.481551607098762 7.05346896559151 -0.436461943965048 -0.509224196450619 -0.223265517204247 0 0 0 55 1 
1.8210121186931 2.10829477041918 7.07998212373261 -0.839493940653452 0.304147385209589 -0.710008938133694 0 0 0 56 1 
0.772908804038236 3.04284640024555 6.75577225097311 0.136454402019118 0.271423200122777 -0.372113874513447 0 0 0 57 1 
0.173692588527857 3.70171635325011 7.69871429399045 -0.663153705736072 0.600858176625054 0.0993571469952228 0 0 0 58 1 
3.79297943029625 1.71673390701169 6.78590460544001 0.646489715148125 -0.391633046494156 -0.857047697279995 0 0 0 59 1 
1.99857328238809 2.03530207275707 7.01636487804596 0.749286641194047 -0.732348963621464 -0.741817560977022 0 0 0 61 1 
3.11882392861247 3.4232294869719 7.83684569347321 0.809411964306234 -0.0383852565140511 0.168422846736607 0 0 0 62 1 
1.87080855638005 2.85421904277792 5.92217031258489 -0.814595721809974 -0.322890478611041 -0.788914843707555 0 0 0 64 1 
2.50322937306912 3.16314640839106 6.75749951279169 -0.998385313465438 0.331573204195532 0.628749756395848 0 0 0 89 1 
2.92737476378597 2.5209325677315 4.01014748624733 -0.786312618107015 -0.489533716134251 -0.744926256876334 0 0 0 93 1 
2.68363619826419 3.06206651458984 4.91028623787721 -0.908181900867904 -0.218966742705082 -0.794856881061398 0 0 0 109 1 
3.30714643850399 0.0392669885906411 7.74868494581098 -0.596426780748005 -0.230366505704679 0.124342472905492 0 0 0 113 1 
0.692280175721677 2.68970104587335 6.13773379755429 0.596140087860839 -0.905149477063324 0.818866898777147 0 0 0 129 1 
2.13670642368459 3.25805169472618 4.82742777352394 0.818353211842297 0.879025847363089 0.663713886761971 0 0 0 53 0 
3.63736548932412 0.87741435703065 5.3813470087318 -0.93131725533794 -0.311292821484675 -0.059326495634102 0 0 0 86 1 
3.85883766246333 0.972475087818164 4.77942865830586 -0.320581168768334 -0.763762456090918 -0.860285670847069 0 0 0 105 1 
3.75384090710487 1.95193668277027 7.50615758131173 -0.373079546447564 0.225968341385136 0.00307879065586536 0 0 0 117 1 
1.83896947996378 3.62276980484459 5.13261998882653 0.66948473998189 -0.938615097577706 0.316309994413266 0 0 0 133 1 
1.89718303241479 3.57903378469249 4.41078447456626 -0.301408483792606 -0.460483107653754 -0.54460776271687 0 0 0 147 1 
2.30341894345757 3.62264184611235 6.05531075465827 -0.598290528271215 -0.438679076943825 0.277655377329136 0 0 0 148 1 
1.25922781127441 3.67572977670204 6.41797493617545 -0.620386094362794 -0.412135111648979 -0.541012531912276 0 0 0 179 1 
2.47740741369566 3.56685927970353 7.60518559827719 -0.0112962931521684 -0.966570360148236 0.052592799138595 0 0 0 183 1 
0.79058509495209 2.39402313818154 4.15516908764544 -0.354707452523955 0.447011569090769 0.82758454382272 0 0 0 38 0 
3.75070833864376 2.48016927396519 4.17505293456265 0.62535416932188 0.990084636982594 0.337526467281325 0 0 0 51 0 
3.98182998331908 0.339397077088438 4.2184224039889 0.740914991659539 -0.580301461455781 0.359211201994449 0 0 0 55 0 
2.86591955920858 3.40229630736779 4.05912347506745 -0.317040220395708 0.451148153683894 0.279561737533723 0 0 0 60 0 
2.83901912789394 0.747143052004037 4.1193438864364 -0.830490436053031 -0.376428473997981 0.3096719432182 0 0 0 117 0 
3.10173307275352 2.4386123455281 4.42400793542233 -0.69913346362324 -0.0306938272359479 0.462003967711166 0 0 0 121 0 
3.54192850181569 3.77593471179695 4.00877887591256 0.0209642509078471 -0.862032644101526 0.754389437956281 0 0 0 168 0 
7.27176677623144 1.44449822551286 4.16853405218976 0.885883388115722 0.972249112756428 -0.165732973905118 0 0 0 66 1 
7.76120819133296 1.10853297027783 5.2747210654442 -0.869395904333518 0.804266485138914 0.387360532722101 0 0 0 67 1 
4.80362700312721 1.08440936113109 4.71497467287188 -0.848186498436396 -0.207795319434453 0.107487336435941 0 0 0 71 1 
5.1288752177993 3.38131506921141 6.07103349792771 -0.18556239110035 0.440657534605706 0.785516748963857 0 0 0 74 1 
4.72288068305864 3.46761684982888 4.03956147901406 -0.888559658470678 0.483808424914442 -0.230219260492972 0 0 0 75 1 
6.64520658332086 1.21116981468996 5.39939146019773 -0.927396708339569 -0.644415092655022 0.449695730098866 0 0 0 76 1 
4.38598657559024 2.99680171061177 6.14939061024129 -0.0570067122048807 -0.251599144694115 0.824695305120643 0 0 0 77 1 
7.45274297324176 2.16828386409018 4.40156889033481 0.976371486620882 -0.66585806795491 -0.0492155548325938 0 0 0 78 1 
7.00593338173458 3.85454661509881 5.31278317715504 -0.247033309132712 0.177273307549405 0.406391588577518 0 0 0 80 1 
6.53319116933479 1.74348540291734 5.98968207115952 0.516595584667394 0.621742701458672 0.244841035579762 0 0 0 82 1 
4.78736393006901 0.127119439600218 6.3667866706432 -0.856318034965493 0.313559719800109 0.4333933353216 0 0 0 83 1 
5.11057284266233 3.44047644457586 4.55816056805525 0.305286421331164 0.970238222287932 -0.470919715972376 0 0 0 85 1 
5.16092143803063 2.09607606248208 6.41448976830727 -0.669539280984688 0.298038031241042 0.457244884153636 0 0 0 87 1 
7.65659045692889 0.856365751116211 7.37909668366686 0.0782952284644429 -0.321817124441894 0.939548341833431 0 0 0 88 1 
7.70512248463805 3.55650562052604 4.03672698737375 -0.897438757680975 0.528252810263018 -0.731636506313123 0 0 0 91 1 
7.34771798955043 1.63678243696678 7.27572931269271 -0.0761410052247832 -0.431608781516608 0.887864656346357 0 0 0 92 1 
4.42281481901295 3.96628331958493 5.85686575163848 -0.538592590493524 0.233141659792466 0.17843287581924 0 0 0 94 1 
7.42849670254787 3.24091000274494 4.66461821884561 -0.0357516487260645 -0.129544998627531 -0.417690890577195 0 0 0 96 1 
5.53559301764678 0.868478259954106 5.77411874381091 0.517796508823392 0.184239129977053 -0.362940628094547 0 0 0 97 1 
5.13545786591754 1.20884985891124 5.5322796785342 -0.182271067041229 0.354424929455622 -0.483860160732901 0 0 0 98 1 
7.66109492203899 0.419469877407566 7.734375669385 -0.919452538980506 0.459734938703783 0.617187834692501 0 0 0 99 1 
7.50461414970857 1.55405774492025 7.5529207983666 -0.497692925145716 0.527028872460124 0.526460399183299 0 0 0 100 1 
6.35621884802103 2.28399045959776 7.6588737809706 0.928109424010517 0.39199522979888 0.579436890485302 0 0 0 101 1 
6.35652309522948 0.948586235165518 7.78465739915898 0.42826154761474 -0.275706882417241 -0.857671300420511 0 0 0 102 1 
7.42674804263235 3.23315085348166 4.57093982045103 0.463374021316174 0.866575426740828 -0.964530089774484 0 0 0 103 1 
5.84147011479969 2.34759286273713 7.7990734434162 -0.829264942600152 0.423796431368565 0.649536721708101 0 0 0 104 1 
7.21130504359989 3.45366765020151 5.89606140994836 -0.644347478200056 0.476833825100756 -0.301969295025819 0 0 0 108 1 
4.59154734808243 2.35843279134026 7.74113158517369 -0.454226325958785 -0.570783604329872 0.620565792586845 0 0 0 110 1 
5.89047947783025 2.18801527298281 7.85696771801046 -0.304760261084876 -0.655992363508597 0.67848385900523 0 0 0 111 1 
7.36621543832741 1.75102468934301 7.50618257044977 0.933107719163703 0.625512344671506 0.00309128522488589 0 0 0 114 1 
6.94766506049072 0.345995699102071 7.60762576981109 0.22383253024536 -0.0770021504489643 -0.446187115094453 0 0 0 115 1 
5.74561890721236 0.795202388061817 7.71793784361721 -0.877190546393822 0.147601194030908 0.108968921808608 0 0 0 116 1 
6.22823905181054 1.89684250382042 7.73613804995203 0.364119525905272 0.19842125191021 -0.381930975023987 0 0 0 118 1 
4.98977013567396 2.27330998001615 5.96878988483998 -0.755114932163022 0.386654990008074 -0.76560505758001 0 0 0 119 1 
7.75426803828224 0.609669388714802 5.67580701455678 -0.372865980858879 -0.445165305642599 -0.912096492721608 0 0 0 120 1 
4.03702098968606 2.26062287398191 6.59466222059539 -0.231489505156971 -0.119688563009048 -0.952668889702308 0 0 0 121 1 
5.11580991099856 2.84645540053268 6.32582973116405 -0.192095044500718 0.173227700266338 -0.587085134417976 0 0 0 122 1 
6.95951421833434 2.34183359558783 6.66825794517761 0.229757109167171 -0.0790832022060853 -0.415871027411194 0 0 0 123 1 
7.63772986663525 2.92614669541691 6.18899607071072 -0.431135066682377 0.213073347708453 -0.655501964644639 0 0 0 124 1 
5.51733261157825 3.18603286411698 7.44881110449294 0.508666305789126 -0.156983567941511 -0.525594447753532 0 0 0 125 1 
5.2866690858393 1.77902264840829 6.91341206906169 -0.106665457080351 -0.860488675795854 -0.293293965469153 0 0 0 126 1 
5.03916660389595 1.43969977748091 6.02502535698599 0.769583301947973 0.469849888740455 -0.237487321507003 0 0 0 36 1 
5.40348030600143 2.50221796297288 6.50754887427072 0.951740153000717 0.00110898148643934 0.0037744371353603 0 0 0 44 1 
6.32398891454507 3.04674681044615 6.07882430516277 -0.588005542727468 -0.726626594776923 -0.210587847418617 0 0 0 228 1 
4.91125120651549 2.18026037837393 5.11247749860419 0.705625603257743 0.840130189186966 0.806238749302097 0 0 0 52 0 
6.91615059136732 0.529809953818677 4.9952350025964 0.708075295683661 0.514904976909339 0.747617501298201 0 0 0 114 0 
7.65487963131686 0.561989394216008 4.78609740768117 -0.922560184341571 0.530994697108004 0.643048703840587 0 0 0 115 0 
5.65500383564183 1.98665574934835 5.14186929452568 -0.922498082179084 0.743327874674175 0.82093464726284 0 0 0 116 0 
6.47918796051002 3.30229017361211 5.19517452613238 -0.0104060197449899 -0.598854913193946 0.847587263066189 0 0 0 243 0 
4.05086753350533 0.231458815496011 5.60689485592284 0.275433766752664 0.365729407748005 0.0534474279614185 0 0 0 20 1 
4.34375881358865 3.88377763816884 7.50061816850211 0.421879406794323 0.691888819084421 -0.499690915748947 0 0 0 60 1 
5.65708684773202 3.97194020372105 5.16320939952667 -0.421456576133989 -0.764029898139473 0.331604699763336 0 0 0 199 1 
6.26737871854923 3.6675470345904 5.75529518273425 -0.616310640725383 -0.9162264827048 0.127647591367128 0 0 0 216 1 
7.37260607006481 3.80868134371738 6.75108395504947 0.936303035032403 -0.845659328141308 0.125541977524737 0 0 0 230 1 
4.14694325956855 0.561502319059795 4.35604304800469 0.823471629784276 -0.969248840470103 0.428021524002347 0 0 0 59 0 
5.31486287225123 2.15177282355287 4.22499043424598 -0.592568563874385 0.825886411776433 0.862495217122989 0 0 0 99 0 
6.06796322086859 0.28201973109494 4.07901994925098 0.783981610434296 -0.60899013445253 0.789509974625491 0 0 0 101 0 
5.69138266803581 1.63168263963606 4.15988767252155 0.0956913340179071 0.0658413198180312 0.829943836260773 0 0 0 102 0 
7.09571165959285 0.757824832501297 4.20999983678272 -0.702144170203572 -0.371087583749352 0.854999918391361 0 0 0 104 0 
6.65477996818042 3.39766085275759 4.05490325483627 -0.42261001590979 -0.051169573621205 0.777451627418134 0 0 0 112 0 
5.61516573967503 3.24097642334215 4.19908746219069 -0.942417130162484 0.370488211671076 0.349543731095347 0 0 0 124 0 
3.40261379892077 5.33017178826342 5.84060615923788 -0.0486931005396138 0.415085894131709 0.670303079618942 0 0 0 132 1 
0.0296775688803019 5.15263324811587 5.17715952040381 -0.735161215559849 -0.173683375942065 0.338579760201903 0 0 0 134 1 
0.995680203868425 4.05346215317242 4.56619438861932 -0.752159898065787 -0.72326892341379 0.0330971943096579 0 0 0 135 1 
1.13538153322972 5.20969962756053 5.64841762900695 0.81769076661486 -0.645150186219735 0.574208814503476 0 0 0 137 1 
0.0675241496148613 4.72277980593579 4.92476033180376 0.783762074807431 -0.888610097032105 0.212380165901878 0 0 0 138 1 
1.22082750192847 5.94767169887673 6.16727630101218 0.360413750964233 -0.776164150561638 0.833638150506091 0 0 0 141 1 
1.7919345584075 7.04550649795107 5.4083087940428 0.145967279203749 -0.727246751024465 0.4541543970214 0 0 0 142 1 
3.73578052362232 7.47227553559103 5.01232794832789 0.617890261811162 -0.0138622322044832 0.256163974163943 0 0 0 143 1 
1.10927509579977 4.03683946514088 6.36109790574641 -0.195362452100117 -0.23158026742956 0.430548952873206 0 0 0 146 1 
0.413323322052509 5.25311434661276 4.71327950719776 -0.543338338973746 -0.123442826693621 -0.393360246401119 0 0 0 150 1 
2.40006340931699 6.66492807419386 5.0337468542349 -0.0499682953415065 0.582464037096928 -0.233126572882548 0 0 0 151 1 
3.18324381132017 5.49051224652821 7.10454535813124 -0.158378094339912 -0.00474387673589671 0.802272679065619 0 0 0 152 1 
2.1944706265726 7.32476241884537 4.57219364220891 0.847235313286301 0.412381209422684 -0.463903178895547 0 0 0 153 1 
0.267974782660643 7.89013450262004 6.03722516843397 -0.616012608669678 -0.80493274868998 0.268612584216987 0 0 0 154 1 
1.74319357289327 7.58241089341885 6.13418346544975 -0.878403213553367 -0.958794553290575 0.317091732724875 0 0 0 156 1 
0.561892207264415 6.96410459447605 5.31187789211263 0.530946103632208 -0.767947702761972 -0.0940610539436829 0 0 0 157 1 
1.4670687262008 7.16518572796037 6.82691776990497 -0.0164656368996022 -0.667407136019815 0.663458884952487 0 0 0 158 1 
2.73777590786773 6.67503221425635 7.2578204971494 0.118887953933866 -0.912483892871826 0.878910248574702 0 0 0 159 1 
2.04509122846816 5.85911389228038 4.9882693790186 0.772545614234082 0.679556946140191 -0.755865310490699 0 0 0 161 1 
3.31383227635803 4.03435236325235 6.86886984836372 0.906916138179013 -0.232823818373825 0.184434924181858 0 0 0 162 1 
1.10910499426498 4.61137174994763 5.33315509908416 -0.695447502867509 0.0556858749738145 -0.58342245045792 0 0 0 163 1 
0.911474829886949 6.56098407212288 5.2582456321759 0.705737414943474 0.530492036061438 -0.62087718391205 0 0 0 165 1 
0.205144717251635 4.47761222140672 4.87807122094812 -0.647427641374182 -0.511193889296642 -0.810964389525941 0 0 0 166 1 
3.40478115697385 7.3869599287726 6.15440174299546 0.452390578486927 0.943479964386302 -0.172799128502271 0 0 0 167 1 
1.79856311872381 4.08997326260347 7.78867084500764 -0.850718440638097 -0.705013368698264 0.64433542250382 0 0 0 168 1 
0.297628815292695 7.86773349274239 7.13768918975063 -0.101185592353653 -0.816133253628804 0.318844594875313 0 0 0 169 1 
1.62494668405128 6.43921838126555 5.81861038057219 0.0624733420256394 -0.0303908093672229 -0.340694809713907 0 0 0 170 1 
0.770286685548821 5.79622089686331 5.59533999792446 -0.86485665722559 -0.351889551568347 -0.452330001037772 0 0 0 171 1 
2.64004059187234 7.08066976506988 6.81325231115533 -0.429979704063829 0.290334882534941 0.156626155577663 0 0 0 172 1 
0.951388819124976 7.66946984567224 6.9063037064614 0.225694409562488 -0.41526507716388 0.2031518532307 0 0 0 173 1 
0.226683020748445 6.34267414472184 4.75265280167967 0.863341510374222 -0.578662927639078 -0.873673599160166 0 0 0 174 1 
1.16260580470961 6.3097455614144 7.41232008098829 -0.668697097645193 -0.595127219292803 0.456160040494145 0 0 0 175 1 
3.20972695139911 6.75804490793131 4.79820678499874 -0.145136524300444 -0.870977546034343 -0.85089660750063 0 0 0 176 1 
0.35812165610475 5.55580906234424 6.85779407553146 0.429060828052375 0.527904531172121 -0.821102962234271 0 0 0 177 1 
0.30426724397021 4.91158857073039 6.55691208950411 0.902133621985105 0.205794285365195 -0.471543955247947 0 0 0 178 1 
0.953305425521901 7.12365586467372 6.70721923871488 0.22665271276095 0.811827932336859 -0.896390380642561 0 0 0 181 1 
0.0437999164735987 6.57779417950859 7.90881197317211 0.771899958236799 0.538897089754294 0.204405986586054 0 0 0 182 1 
3.78620662774394 4.02096353590268 7.19780587704839 0.143103313871968 -0.739518232048662 -0.151097061475806 0 0 0 184 1 
1.56731543544271 7.14486784957551 7.46089017695103 0.533657717721357 0.322433924787755 -0.519554911524486 0 0 0 185 1 
1.58157213533485 5.94141237649643 7.91483982839486 0.0407860676674237 -0.279293811751784 0.207419914197428 0 0 0 186 1 
3.46641654384146 6.5976962187072 6.21987378069974 0.483208271920732 0.0488481093536022 -0.640063109650128 0 0 0 187 1 
1.95805899512929 6.74241048638112 5.57886628094068 0.729029497564644 -0.378794756809439 -0.960566859529662 0 0 0 189 1 
2.10698564297246 6.65795260132513 6.08838175095001 0.30349282148623 -0.921023699337437 -0.705809124524993 0 0 0 190 1 
2.12580629664374 7.35242848993674 7.80577704242436 -0.187096851678129 -0.0737857550316313 0.152888521212179 0 0 0 191 1 
3.29137880464553 7.94167207313494 6.92909839766081 -0.104310597677234 0.22083603656747 -0.785450801169597 0 0 0 192 1 
3.14306195211948 4.94255792632039 4.54280263990752 -0.178469023940257 0.721278963160195 0.0214013199537599 0 0 0 16 1 
3.78911836900593 5.29421375298616 7.72440324827569 0.644559184502963 0.897106876493082 0.612201624137843 0 0 0 47 1 
3.65705080760576 5.46712155576981 4.83271125944631 0.0785254038028789 0.983560777884905 -0.833644370276847 0 0 0 48 1 
0.519208938353842 5.18556434569127 7.97779295444872 -0.990395530823079 0.842782172845633 -0.261103522775641 0 0 0 63 1 
2.87413719079479 7.03923024557708 6.32539628302798 -0.812931404602604 0.269615122788538 0.41269814151399 0 0 0 217 1 
3.15779902255825 6.78442027066433 6.87016754190716 -0.671100488720873 -0.357789864667836 0.685083770953582 0 0 0 221 1 
2.8112626829304 5.64956159020157 4.68184500034669 -0.844368658534802 -0.925219204899214 -0.909077499826654 0 0 0 237 1 
0.710756388089532 6.56318982458417 4.5993478617881 -0.394621805955234 0.531594912292084 0.54967393089405 0 0 0 182 0 
2.00801830958728 6.81145937966767 4.91143976784536 -0.245990845206362 0.155729689833834 0.705719883922682 0 0 0 187 0 
1.84687478147959 7.52114681494191 4.64143605535731 0.173437390739797 -0.489426592529045 0.570718027678657 0 0 0 190 0 
2.15494463755966 4.41037179304309 6.84776527485087 0.327472318779829 0.955185896521546 0.673882637425435 0 0 0 26 1 
0.031786460183554 4.21764058949411 5.88396999537088 0.265893230091777 0.358820294747053 0.191984997685443 0 0 0 29 1 
0.92510996662341 4.25787792004517 5.2278959374757 -0.287445016688295 0.878938960022586 -0.636052031262151 0 0 0 42 1 
1.87939996428988 4.11100734128547 5.81409499420789 0.18969998214494 0.305503670642734 -0.342952502896057 0 0 0 46 1 
3.94155059910867 6.93282488282553 6.88164841140481 -0.279224700445664 0.716412441412764 0.690824205702404 0 0 0 213 1 
3.56559138146416 6.58921314761625 7.23600412415299 -0.467204309267922 0.544606573808124 0.368002062076493 0 0 0 229 1 
3.9695517142515 7.7135067231114 7.74306937270988 -0.26522414287425 0.106753361555703 -0.37846531364506 0 0 0 253 1 
3.82604459275566 6.44886023236931 7.68802259621672 -0.836977703622169 -0.525569883815347 -0.405988701891638 0 0 0 254 1 
3.82237793750616 5.15820259576093 4.4695466872624 0.161188968753081 -0.670898702119537 0.984773343631202 0 0 0 172 0 
1.21239904374257 5.57620162423436 4.23820730182115 0.356199521871283 0.538100812117182 0.369103650910572 0 0 0 177 0 
3.94519098562514 7.79451734180785 4.15808159698234 0.22259549281257 -0.852741329096075 0.32904079849117 0 0 0 188 0 
3.27983437511021 5.13399229775779 4.13212749795742 0.389917187555107 0.816996148878895 0.31606374897871 0 0 0 63 0 
6.38772348350989 4.70765447751426 4.68222980280526 0.943861741754948 0.103827238757129 0.0911149014026305 0 0 0 193 1 
4.96940684726589 6.70021178402306 6.00505255629213 -0.265296576367058 0.600105892011531 0.752526278146067 0 0 0 198 1 
4.39328237763952 7.54016042249302 6.41086852336595 -0.0533588111802408 -0.97991978875349 0.955434261682972 0 0 0 201 1 
5.87405658640869 5.3682892611709 4.27451921692568 0.187028293204346 -0.565855369414552 -0.11274039153716 0 0 0 202 1 
5.36944158456012 6.38077338567303 4.65904164800404 -0.565279207719941 -0.0596133071634842 0.0795208240020191 0 0 0 203 1 
6.19495668951633 7.30111869621302 5.10044633455021 -0.152521655241834 -0.0994406518934892 0.300223167275106 0 0 0 207 1 
5.75524828892825 7.90890268467069 4.74388560937038 -0.872375855535876 0.204451342335345 0.12194280468519 0 0 0 208 1 
4.35389065970638 6.01187510642153 5.21314975553584 -0.573054670146812 0.755937553210766 -0.143425122232079 0 0 0 210 1 
5.61313113282375 5.71714464853165 5.29973009553069 -0.443434433588124 0.608572324265823 -0.100134952234657 0 0 0 211 1 
7.27185659516866 4.71357238192206 4.42019313908883 -0.61407170241567 0.106786190961028 -0.539903430455583 0 0 0 212 1 
7.29271043280276 7.43839204737853 4.06772759557487 0.89635521640138 0.969196023689265 -0.716136202212565 0 0 0 214 1 
7.4851353855499 4.05648798862999 7.06406620722449 0.492567692774949 -0.721756005685005 0.782033103612246 0 0 0 215 1 
4.04461370233404 6.81732779665571 4.20916888726801 -0.72769314883298 -0.341336101672144 -0.645415556365996 0 0 0 222 1 
6.52572531311099 6.19240357015075 6.70139847500206 0.0128626565554935 -0.653798214924627 0.600699237501029 0 0 0 223 1 
6.92997638072008 5.64842354767805 4.82591667253498 -0.285011809639962 -0.925788226160974 -0.337041663732511 0 0 0 224 1 
5.98436845964403 5.89363585556185 7.92045335357178 0.742184229822017 0.696817927780926 -0.789773323214111 0 0 0 225 1 
4.51091008339727 4.38752555661416 7.15450650539712 -0.494544958301367 -0.0562372216929206 0.327253252698558 0 0 0 226 1 
7.92205519820779 5.24068289339904 4.99617432783924 -0.788972400896105 0.370341446699522 -0.751912836080382 0 0 0 227 1 
5.34908570086256 5.25343403932298 6.85022351241916 -0.575457149568722 -0.123282980338511 0.175111756209581 0 0 0 231 1 
7.30623544821994 5.98465735916698 5.32963392481968 -0.596882275890029 0.242328679583489 -0.585183037590162 0 0 0 232 1 
5.07550955030467 6.79793468150331 6.86140344581378 0.287754775152333 0.148967340751655 0.180701722906892 0 0 0 233 1 
4.49507666090181 6.83104279653315 6.01156902852836 -0.502461669549095 0.165521398266577 -0.244215485735821 0 0 0 234 1 
6.28800919983449 5.78919798894468 7.41166242076658 -0.105995400082753 -0.355401005527659 0.455831210383288 0 0 0 235 1 
7.09262424749609 5.70119873021956 5.5477901195282 -0.703687876251955 -0.399400634890219 -0.476104940235901 0 0 0 236 1 
5.2701605274712 7.53920160296237 4.88479274035155 -0.114919736264401 0.0196008014811857 -0.807603629824225 0 0 0 238 1 
5.58842754310458 6.34850549596466 5.96538568449792 -0.455786228447712 -0.575747252017672 -0.267307157751042 0 0 0 239 1 
6.99314208336267 6.57043715528204 5.81111758700005 -0.253428958318665 -0.964781422358983 -0.344441206499976 0 0 0 240 1 
5.2917569126956 4.18613323790361 6.51952439673761 0.395878456347798 -0.156933381048193 -0.490237801631198 0 0 0 241 1 
5.4298208313702 6.45123317682329 6.83892470122078 -0.0350895843149014 0.975616588411645 -0.33053764938961 0 0 0 242 1 
6.91627331930209 6.01440384440442 6.77821759444468 0.208136659651047 0.75720192220221 -0.860891202777661 0 0 0 243 1 
6.63911628226175 5.02211318117768 7.79673213075441 -0.930441858869123 0.261056590588842 -0.351633934622796 0 0 0 244 1 
5.03849268489981 4.38421007458779 7.61548226563518 0.269246342449904 -0.557894962706107 -0.442258867182408 0 0 0 245 1 
6.61581433754305 6.16948276682893 7.19496997180088 0.557907168771524 0.334741383414463 -0.15251501409956 0 0 0 246 1 
7.58923722840778 4.02515800083162 6.72222987881146 -0.955381385796113 -0.737420999584192 -0.388885060594268 0 0 0 247 1 
7.92493542423361 4.83369066489636 6.52667096125386 0.212467712116804 -0.333154667551822 -0.986664519373068 0 0 0 248 1 
4.61917820620431 7.03377188354841 6.36113718793638 0.0595891031021543 0.266885941774206 -0.56943140603181 0 0 0 249 1 
6.44214930090731 6.78245298867889 7.36107220703259 0.471074650453656 0.141226494339445 -0.0694638964837057 0 0 0 250 1 
7.14716340250453 5.51058617722413 6.20297659674292 0.323581701252265 -0.494706911387935 -0.648511701628541 0 0 0 251 1 
6.61914661386663 4.70126116533305 7.51159221383137 -0.940426693066684 -0.899369417333474 -0.494203893084315 0 0 0 252 1 
6.94426169372194 7.00687689552609 5.90337787135904 0.22213084686097 -0.246561552236957 -0.798311064320479 0 0 0 255 1 
5.87978533628893 7.87155977634656 7.57915429293823 -0.810107331855533 0.18577988817328 0.0395771464691159 0 0 0 256 1 
6.70659428701276 5.35219860990003 7.12827726411681 -0.39670285649362 0.926099304950014 0.314138632058404 0 0 0 112 1 
7.8659186024761 4.77266795291415 6.19003492753805 -0.81704069876195 0.636333976457074 -0.654982536230975 0 0 0 127 1 
7.5304531489951 4.68887944889102 6.69083116462848 -0.484773425502449 0.594439724445508 -0.904584417685758 0 0 0 128 1 
5.17843907825161 5.27330505974456 6.26121346484345 0.839219539125804 -0.113347470127722 0.880606732421727 0 0 0 136 1 
4.87434796892974 5.99761486892021 4.61084843745259 0.687173984464872 -0.251192565539895 0.0554242187262972 0 0 0 140 1 
4.6838588896454 6.9683109621583 4.91324475724115 0.591929444822701 -0.765844518920848 0.206622378620576 0 0 0 144 1 
5.21432274604762 5.39005596647043 7.69119406172364 0.857161373023812 0.445027983235216 -0.904402969138178 0 0 0 164 1 
4.9718202712453 4.36970510287905 7.24778946064794 0.73591013562265 -0.0651474485604725 -0.626105269676032 0 0 0 180 1 
5.01804539193719 5.3203304126118 7.41620472032402 0.759022695968594 -0.5898347936941 -0.541897639837989 0 0 0 188 1 
5.19410369426064 4.61181013081757 4.95232242827065 -0.152948152869678 0.555905065408784 0.726161214135323 0 0 0 126 0 
6.42110610121367 5.44639653948087 4.98967611027667 0.960553050606835 -0.0268017302595656 0.744838055138335 0 0 0 245 0 
7.16488736319666 5.59840959793387 4.99271196629974 0.832443681598328 0.0492047989669362 0.746355983149872 0 0 0 246 0 
4.71235691829911 7.87644721586496 4.91026151651744 -0.393821540850444 0.688223607932482 0.705130758258719 0 0 0 250 0 
7.73149396735518 4.15574591595252 4.74212194898556 0.615746983677588 0.327872957976258 0.121060974492782 0 0 0 79 1 
7.78719013325809 4.49987533287127 6.26578013935076 -0.856404933370957 0.499937666435636 0.38289006967538 0 0 0 95 1 
4.66551941655508 4.04493573861568 5.27746889801266 -0.417240291722461 0.77246786930784 -0.611265550993669 0 0 0 106 1 
7.43179202762095 4.49152925528579 4.51807056967334 0.465896013810472 0.995764627642896 -0.990964715163329 0 0 0 107 1 
4.25189991922256 4.36714890445038 5.23953095801009 0.875949959611281 -0.0664255477748089 0.869765479005043 0 0 0 179 0 
5.96005990789519 5.5508122006064 4.26096024104448 -0.769970046052405 0.525406100303201 0.880480120522239 0 0 0 228 0 
4.69897772230789 5.18056327571704 4.46697749404252 -0.900511138846054 -0.159718362141481 0.983488747021259 0 0 0 231 0 
7.34960206125155 4.56290822639216 4.32448869177341 -0.575198969374227 -0.96854588680392 0.912244345886703 0 0 0 236 0 
5.00123167374324 7.30667926916132 4.47048572041434 -0.749384163128378 -0.596660365419341 0.985242860207171 0 0 0 239 0 
6.5046552596579 5.50320406249287 4.47038193414616 -0.49767237017105 -0.498397968753567 0.48519096707308 0 0 0 252 0 
7.63579625840905 7.36200846064852 4.09506595054884 -0.432101870795473 -0.0689957696757402 0.297532975274422 0 0 0 256 0 
