512
2.38829500170794 3.21396820630486 2.77126953730223 0.841185000243991 0.387709743757837 0.324467076757462 0 0 0 4 0 
1.86943139927925 0.366788920289019 2.6644622549167 0.0527759141827502 -0.161887297101569 0.452066036416671 0 0 0 6 0 
1.95970912077149 1.69302440313479 1.44432319901034 -0.0771844113183578 0.0275749147335409 0.277760457001477 0 0 0 7 0 
0.256718152610528 3.35371170653254 0.278511040587536 0.393816878944361 0.121958815218934 -0.0316412799160662 0 0 0 11 0 
0.626924173873298 3.15099920453052 0.901859406944307 -0.410439403732386 0.0929998863615029 0.200265629563472 0 0 0 12 0 
1.35786710563316 2.14790221285335 1.27619819824631 0.265409586519023 0.663986030407621 -0.0319716859648126 0 0 0 25 0 
2.60528835271223 1.22502768246814 2.22790369765245 0.443612621816033 0.38928966892402 0.67541481395035 0 0 0 37 0 
0.485930273076838 3.36230290398577 0.856908330066597 -0.287724246703309 0.694614700569396 -0.234727381419058 0 0 0 39 0 
3.56703490812581 0.0261533209247636 3.87962751063026 0.438147844017973 0.360879045846395 0.911375358661466 0 0 0 41 0 
2.26397672251276 1.23921107656159 3.676712474298 0.394853817501823 0.677030153794513 0.882387496328286 0 0 0 45 0 
0.438893625598035 3.15042123829828 2.85663650509381 -0.151586624914566 0.664345891185468 -0.0919090707008845 0 0 0 54 0 
0.122807688932489 2.8110425767774 0.861859930660449 0.517543955561784 0.615863225253914 -0.376877152762793 0 0 0 56 0 
1.81983789975158 1.77256074108727 1.71793774454893 0.0456911285359398 -0.246777036987533 -0.254580322207296 0 0 0 62 0 
1.31073594268523 3.38124170467554 2.76595971253376 0.830105134669319 0.983034529239363 0.323708530361966 0 0 0 77 0 
3.85368887659675 0.908112467309266 3.97464650758431 0.193384125228107 -0.513126790384391 0.353520929654902 0 0 0 147 0 
1.60013726839039 0.00941301403157091 0.80752794346562 -0.128551818801372 0.644201859147367 0.47250399192366 0 0 0 163 0 
0.304478281550028 0.52574853917421 1.54067558619991 0.54349689736429 -0.567750208689399 0.720096512314274 0 0 0 180 0 
2.42938823243275 2.60948897987383 2.06117980297461 0.275626890347536 0.301355568553404 0.937311400424944 0 0 0 1 1 
0.454929025632546 3.8511872700742 1.14172127986381 -0.292152996338208 0.907312467153457 0.805960182837688 0 0 0 11 1 
2.08139430843745 3.64376203388012 2.01361950930824 -0.34551509879465 0.163394576268589 0.216231358472606 0 0 0 73 0 
0.0929244071325164 1.6775340973674 3.86575048435959 0.798989201018931 -0.117495128947514 0.19510721205137 0 0 0 106 0 
3.0068727921393 1.30215176980033 3.08571338351116 0.358124684591328 0.971735967114333 0.940816197644452 0 0 0 181 0 
0.989221394851135 1.24758664807058 1.86720998841654 -0.215825515021266 -0.46463047884706 0.909601426916648 0 0 0 131 1 
0.641036433550009 2.14760567376417 0.157213388436494 0.877290919078573 -0.336056332319404 -0.191826658794787 0 0 0 210 0 
3.8174602132682 2.01001323779276 0.704396177934633 0.902494316181171 0.501430462541823 0.886342311133519 0 0 0 23 1 
0.947993339548655 1.67710366150246 0.114578769391781 -0.507429522921621 0.311014808786066 -0.769345890086888 0 0 0 81 1 
0.7470019455863 3.75445287169849 2.89253025820423 -0.6789997220591 0.607778981671213 0.198932894029176 0 0 0 82 0 
0.326739760930859 1.37011781933388 1.22414339479993 -0.739037177009877 0.552873974190554 0.960591913542848 0 0 0 90 1 
0.639655407998621 2.94313146206491 1.70293151632034 0.162807915428374 -0.222409791133585 -0.113866926239951 0 0 0 161 0 
2.45337208124094 1.13557469199439 0.921220165662567 0.850481725891564 -0.623489329715086 0.631602880808938 0 0 0 184 0 
3.32461785550933 0.304354862391079 2.69070654110387 0.117802550787048 0.972050694627297 -0.258470494128019 0 0 0 139 1 
1.00418832674911 0.0732639870602414 0.285516201865664 0.786312618107015 -0.489533716134251 -0.744926256876334 0 0 0 93 1 
2.25593181862167 2.84633719263643 0.478000304070518 -0.320581168768334 0.763762456090918 -0.860285670847069 0 0 0 105 1 
0.390140613451757 1.27661824642372 1.68774566098191 -0.301408483792606 -0.460483107653754 -0.54460776271687 0 0 0 147 1 
3.41384136085671 2.57833783120518 3.06872340792032 -0.155165519877612 0.725476833029312 0.224103343988618 0 0 0 89 0 
3.71343230999603 1.49916935417394 0.854772793780081 0.459061758570861 -0.714404377975151 0.0506818276828687 0 0 0 137 0 
1.41058060974361 1.0234655657055 0.13645750121342 0.844368658534802 -0.925219204899214 -0.909077499826654 0 0 0 237 1 
2.59953760221308 0.913276195315777 2.37428464441648 -0.128637485398131 0.630468027902254 -0.44653076508336 0 0 0 32 1 
3.00240582707568 0.80005018035769 1.72359660674911 0.214629403867955 0.185721454336813 -0.682343341892985 0 0 0 34 1 
3.56521469530375 3.22874287851024 0.740929355454137 0.152173527900536 0.246963268358606 -0.822724377792266 0 0 0 39 1 
1.85727330607533 1.96723280106442 0.936001832570216 0.908181900867904 -0.218966742705082 -0.794856881061398 0 0 0 109 1 
3.03199348961928 1.9216427749235 0.823249273318416 0.647427641374182 -0.511193889296642 -0.810964389525941 0 0 0 166 1 
1.72074393276824 1.80161786394875 0.148114289460052 -0.825608009604538 0.185945409135535 0.806873469922865 0 0 0 84 1 
2.45702599491755 1.68606239172664 0.231721543731256 -0.720424857868921 -0.687705372610479 0.818817363390179 0 0 0 220 1 
3.79279283091821 2.96160894623468 2.44167580182329 0.470398975845458 -0.505484436252189 0.848810828831899 0 0 0 185 0 
0.677845242997551 2.69785711498017 0.0403318665842149 -0.260307822428921 -0.543163269288547 -0.779952590487969 0 0 0 155 1 
0.0820211596472264 2.61323247223486 1.87447579996773 -0.202568405764682 0.159033210319265 -0.803646314290325 0 0 0 54 1 
2.20217005266981 1.23976664972271 1.97759609404711 0.814595721809974 -0.322890478611041 -0.788914843707555 0 0 0 64 1 
2.8795734639012 1.66218005893667 1.83131777208385 -0.231489505156971 -0.119688563009048 -0.952668889702308 0 0 0 121 1 
3.62444975040361 2.05283410463794 2.55933612832505 0.30349282148623 -0.921023699337437 -0.705809124524993 0 0 0 190 1 
2.54492711270137 3.37886421127281 1.99418762336442 -0.850724698185518 0.12555203018183 -0.0722589109479397 0 0 0 108 0 
1.53821795252906 2.81907103230168 2.22242033163974 -0.137397435352992 -0.668704138242617 0.246060047377106 0 0 0 143 0 
2.48404432989689 2.4031571777596 0.543723747495589 -0.145136524300444 -0.870977546034343 -0.85089660750063 0 0 0 176 1 
3.62974014149586 2.58944905097396 0.9147347672716 -0.695751408357734 -0.130078707003719 -0.369323604675486 0 0 0 128 0 
3.48721751047074 0.941789459323816 0.614729390661916 -0.716111784218466 0.777398494189117 0.730675627237417 0 0 0 196 1 
2.00591815033198 3.43198525125531 0.538580390263456 0.929416878618855 -0.724002106963527 -0.56591708710522 0 0 0 205 1 
1.54575128214536 3.871163491051 3.05143618715097 -0.564892673979235 -0.804119501278428 0.0787765981644244 0 0 0 234 0 
3.57418486623631 3.70419555576847 3.16726541834869 -0.703687876251955 -0.399400634890219 -0.476104940235901 0 0 0 236 1 
2.37645758457416 3.62903169646712 3.52993743306414 0.839493940653452 0.304147385209589 -0.710008938133694 0 0 0 56 1 
1.84270266053956 1.61505421845715 3.71291227661407 0.620386094362794 -0.412135111648979 -0.541012531912276 0 0 0 179 1 
7.36466139650397 3.21017208008491 3.63426131501151 0.123523056643425 0.672881725726415 0.447751616430216 0 0 0 71 0 
4.22742335536376 1.97769760990319 1.46647365425852 -0.03893952066232 0.782528229986169 0.42378195060836 0 0 0 93 0 
6.51540386910047 0.562472957199014 2.74765120810006 -0.140656590128504 0.00892470817128777 0.749664458300009 0 0 0 100 0 
7.76403292069041 0.809919538941061 0.697120744472642 -0.247995297044227 -0.0985829230084199 -0.257554179361051 0 0 0 103 0 
4.9926726030761 0.977654389443591 1.59372784372734 -0.0724753424176992 -0.0746208015080584 -0.272324593753237 0 0 0 118 0 
7.39522469301459 3.27267440918872 3.73053818688704 0.127889241859227 0.681810629884102 0.0329340266981486 0 0 0 119 0 
6.12954969494411 1.84620794052095 2.78208726022236 -0.910064329293698 0.0494582772172791 0.0402981800317657 0 0 0 40 0 
7.20394114651613 1.02950405402461 2.67095966093811 -0.328008407640553 0.789929150574944 0.738708522991159 0 0 0 227 0 
5.85636971593652 3.66280010349565 0.159086917581959 -0.949090040580497 0.166114300499379 -0.620130440345435 0 0 0 12 1 
6.94341922120366 1.74594383277054 2.20729433147317 0.491917031600523 0.749420547538649 0.386756333067595 0 0 0 16 0 
7.46118233329505 0.646468782558737 1.95237865007809 -0.862688238100708 0.306638397508391 -0.363945907131701 0 0 0 7 1 
7.85019631213682 0.725406846235192 1.55244825820397 0.33574233030526 -0.110656164823544 -0.421078820256576 0 0 0 70 1 
6.97549736153278 3.00501873885464 1.1846091360387 -0.789214662638175 0.357859819836376 -0.473627266280185 0 0 0 4 1 
7.75065005725953 0.523605099222909 3.98468402084125 -0.964192848962925 0.431943585603273 0.640669145834464 0 0 0 10 0 
4.97954533908206 2.02086421596727 1.69791250654135 0.211363619868866 0.217266316566753 0.456844643791621 0 0 0 20 0 
6.33088918723605 1.45923432765704 0.205823838190764 0.547269883890865 -0.291537953191851 0.672260548312966 0 0 0 15 1 
7.63333912082388 2.20299685311876 0.416939510956125 -0.980951554168017 -0.32814330669732 -0.154722927006268 0 0 0 146 0 
5.12434252363287 0.910075463543087 2.23667443229025 -0.625093925195304 -0.65570350520813 0.105239204612892 0 0 0 215 0 
4.33442382999906 0.268990487095198 2.79875326829095 -0.595082310000135 0.9669986410136 0.185536181184421 0 0 0 220 0 
7.4220267898223 1.17013453566428 2.17252636367871 -0.868281887168243 -0.618552209190817 0.0960751948112444 0 0 0 151 0 
7.70051334155338 2.08234503665184 0.0489304892357743 0.885787620221911 0.0831921480931206 0.935561498462253 0 0 0 38 1 
6.29333175358069 2.39518308920204 2.2823409295619 0.684761679082956 -0.300688130113994 0.826048704223128 0 0 0 178 0 
7.24973845891755 2.59318500960729 2.57616376595964 -0.0357516487260645 -0.129544998627531 -0.417690890577195 0 0 0 96 1 
5.88993813398784 1.61615713949819 1.11532455094874 -0.372865980858879 0.445165305642599 -0.912096492721608 0 0 0 120 1 
6.14306782168253 1.28109481503402 0.952258447903879 0.806152545954648 -0.31698645499514 -0.0782487931565888 0 0 0 29 0 
5.78290043038372 0.256287708771389 0.476455067017419 0.611842918626247 -0.463387470175516 -0.574792133283226 0 0 0 14 1 
5.58688208466729 1.69079482674602 0.333258376137681 0.583840297809613 0.884399260963717 -0.595248803408903 0 0 0 130 1 
6.08032812622915 0.20149791608457 0.071706897420315 0.940046875175593 -0.185500297702204 -0.775470443225669 0 0 0 21 1 
6.24569561396213 1.00694847846055 1.35794013231682 0.820813659137447 -0.92757878879135 -0.0202942668118828 0 0 0 157 0 
6.14749305769385 2.5521050190232 0.47941259969015 0.949641865384835 -0.706842140139543 -0.288655342901407 0 0 0 173 0 
5.90119470881854 2.59477855214108 1.42919924337296 -0.656972184454494 -0.700745921122703 0.847028463338994 0 0 0 206 1 
6.72232355752937 1.66786254012785 2.84162239442718 0.888903365361338 -0.261733922838879 -0.522625372224689 0 0 0 45 1 
5.50491733252027 1.01948241687318 3.14070835387242 -0.285011809639962 -0.925788226160974 -0.337041663732511 0 0 0 224 1 
6.80919805243042 2.53901241409813 3.71081725923988 0.187028293204346 -0.565855369414552 -0.11274039153716 0 0 0 202 1 
7.01272601518237 3.16791732713724 1.59334836438852 -0.212467712116804 -0.333154667551822 -0.986664519373068 0 0 0 248 1 
4.41909629196476 0.645625106144018 1.41944434575889 0.274156613137822 0.592232158020574 0.274206335108414 0 0 0 15 0 
5.20311939939605 1.72847755507358 1.77356756174414 0.671874199913721 -0.110217492132346 -0.246633205465123 0 0 0 57 0 
4.77579722435528 1.32832057783707 2.99483366203644 0.467971032050754 -0.167382774594704 -0.215023762566223 0 0 0 10 1 
5.39896787400732 3.06806166421181 0.373099194248592 -0.871576017998955 -0.918848333684027 -0.0181286865359154 0 0 0 201 0 
4.65926279430624 3.01253258651004 0.621558951766503 -0.120105315099108 -0.783923916212851 0.588794135966643 0 0 0 254 0 
6.54951053019188 3.39562554854758 3.96468540320074 -0.850069924258303 -0.443482064493203 0.494955057600106 0 0 0 140 0 
5.72519626628972 2.7826986054903 0.0583985280832306 0.0321708951842454 -0.959614484929957 -0.777371638845253 0 0 0 218 1 
7.8348277743033 2.60538748719229 0.675992258204665 -0.2378817465281 -0.984944644686816 0.882284608314952 0 0 0 219 1 
6.62307566743896 2.6313663318695 3.31621400553367 0.874725095348423 -0.838376238304357 -0.0262551420666183 0 0 0 189 0 
4.43003389489499 1.7323192860397 2.57648206882572 0.275719127842141 0.318902755148528 -0.846216847310612 0 0 0 51 1 
4.2241025307114 2.98097450618935 3.11297887486969 -0.182271067041229 0.354424929455622 -0.483860160732901 0 0 0 98 1 
4.15533468849497 3.71259390186437 3.39040405907417 -0.192095044500718 0.173227700266338 -0.587085134417976 0 0 0 122 1 
5.48205453322337 3.99151343395918 2.91148624748753 -0.431135066682377 0.213073347708453 -0.655501964644639 0 0 0 124 1 
7.02542800603687 0.241431325459094 2.50066611904003 0.646489715148125 0.391633046494156 -0.857047697279995 0 0 0 59 1 
7.23492809123415 3.03705162028446 2.96041808860021 -0.323581701252265 -0.494706911387935 -0.648511701628541 0 0 0 251 1 
4.61627317905311 3.18041837714744 0.547554146221537 0.873753311293301 0.382916911021063 0.578222020888791 0 0 0 50 0 
4.53031135706959 2.13957901288794 1.67080625034242 0.575758765295656 0.0913684304125628 -0.404170535665368 0 0 0 5 1 
4.54339057261956 3.44935950652645 0.384284805878837 0.863341510374222 -0.578662927639078 -0.873673599160166 0 0 0 174 1 
6.38127352294807 3.92296825048862 3.50483906570689 0.12589621756401 -0.939575964215912 0.572119866529556 0 0 0 198 0 
6.95121607740138 3.58579625795947 1.59881558016764 -0.0783977032283739 -0.416314820291505 0.871259368595377 0 0 0 204 1 
4.93253886431903 3.48194704443159 1.9150888890592 0.204648409188433 -0.574007565081202 0.487869841294172 0 0 0 160 0 
4.22551348519034 3.71562783417514 0.487046584512048 -0.89635521640138 -0.969196023689265 -0.716136202212565 0 0 0 214 1 
4.56817856129142 3.37052945605857 2.09143518448411 0.152596937327346 -0.87563864913449 0.0844907406405877 0 0 0 156 0 
4.22564739300874 3.91349102644282 3.2768127349149 0.532235341858391 0.916213003777546 -0.889026752155014 0 0 0 41 1 
4.03524184984756 0.205296790829598 3.87958696371105 0.219320264263938 -0.3278147441672 -0.802916148041278 0 0 0 43 1 
7.9519334007489 0.752719871093261 3.92316160716598 -0.0782952284644429 0.321817124441894 -0.939548341833431 0 0 0 88 1 
7.87542443823626 1.78967390983937 3.95941560333817 -0.517796508823392 0.184239129977053 -0.362940628094547 0 0 0 97 1 
7.50216916669682 0.429948176920688 3.49630089705643 -0.42826154761474 0.275706882417241 -0.857671300420511 0 0 0 102 1 
5.74500648835833 1.62644274535025 3.30727707316084 0.749286641194047 0.732348963621464 -0.741817560977022 0 0 0 61 1 
2.1419941147355 4.50242551665343 3.55879912192445 -0.0511436978949282 0.000346502379061642 0.579828445989207 0 0 0 131 0 
0.31090579119652 6.99517092536419 3.46181158114897 -0.16987060125764 0.0707387036234557 0.423115940164138 0 0 0 138 0 
2.00547427218338 5.11094405656594 3.53779211874184 0.357924896026197 0.0872777223665637 0.719684588391692 0 0 0 145 0 
0.163510679164808 5.7293412668768 2.2823354236946 0.23764438273783 -0.681522676160456 0.540333631956372 0 0 0 150 0 
3.59238174994961 6.35017633800377 2.4484051585198 0.584625964278516 -0.0214033802851747 0.135486451217114 0 0 0 153 0 
3.93426271870732 6.44180670422241 1.5556059008313 0.776323245529618 -0.722599042253941 0.579372271547328 0 0 0 162 0 
3.59547934167536 4.52445553377031 0.0214052367923011 0.156497048810765 -0.13936349517567 0.360200748113186 0 0 0 167 0 
0.919994172918385 7.31665872217297 2.43324342315747 0.202856310416912 -0.311905896832434 -0.00953665383464652 0 0 0 169 0 
3.56624150941024 4.90018608073274 3.76269361673076 0.866605929915749 -0.228544845609609 0.180384802390108 0 0 0 171 0 
3.08107942424317 5.9140463700268 3.89799929610888 -0.05984579653669 -0.226564804281885 0.199714185158412 0 0 0 176 0 
2.39771522523495 7.56684631137914 0.432637675551585 0.699673603604993 -0.419021955517266 0.561805382221655 0 0 0 183 0 
1.60367280334442 6.66407898692316 2.71785177728912 -0.128046742379369 -0.119417287582407 0.888264539612731 0 0 0 191 0 
3.31361191528287 7.57900363679172 3.47128743114306 0.259087416468981 0.58271480525596 0.56732677587758 0 0 0 14 0 
1.79481672722172 7.62602599330983 0.563073240656857 0.61354524674596 -0.696282000955739 0.294724748665265 0 0 0 31 0 
3.33458841811668 6.90757988564842 1.46731107506946 0.976369774016669 0.486797126521203 0.566758725009922 0 0 0 48 0 
3.43890481585738 5.86708070333998 0.948083788619844 0.562700687979625 0.338154386191426 -0.364559458768594 0 0 0 61 0 
1.48514126757325 6.91485290023053 1.64492553188014 -0.430694104632393 -0.369306728538495 -0.265010638302836 0 0 0 249 0 
2.01423177481554 6.83625478731198 0.578896302846677 -0.355109746454923 0.190893541044568 0.725556614692382 0 0 0 197 1 
0.97864407129395 6.10812172495508 0.191939932630787 0.0683777244705643 0.0868745321364404 0.813134276090112 0 0 0 149 1 
0.254000069481436 5.06567616442124 0.575857357974251 -0.463714275788366 -0.347760547939823 0.86797962256775 0 0 0 160 1 
1.44024891446905 5.26961497875785 0.0188002228191972 0.848606987781292 -0.890055003034593 0.788400031831314 0 0 0 209 1 
0.533385087369463 5.68080415797977 3.72321891110716 -0.709516416090077 -0.402742263145748 0.46045984444388 0 0 0 206 0 
0.406147958169142 5.11064728829499 0.982091105438029 -0.72769314883298 -0.341336101672144 -0.645415556365996 0 0 0 222 1 
1.21128378257988 7.02480689078271 0.974053227149418 0.244469111797126 0.932115270111815 -0.360849538978654 0 0 0 49 0 
0.513517489382554 5.60725786051565 0.695548333987308 -0.712354644373921 0.443893980073664 -0.400635952287528 0 0 0 122 0 
0.43280792532648 5.37220725969849 1.32934053554889 -0.438170296381932 0.41031532281407 -0.595808494921587 0 0 0 28 1 
0.280082390705255 5.88665897440109 2.8884651765492 -0.888559658470678 0.483808424914442 -0.230219260492972 0 0 0 75 1 
0.900934910705693 5.83692000234574 2.38620940353155 -0.799866441327758 -0.66615428537918 0.840887057647364 0 0 0 247 0 
1.97736983113769 6.64568999683676 2.93739555827824 -0.646090024123187 -0.836330000451892 0.919627936896891 0 0 0 127 0 
2.30336837281622 4.63590021314465 2.74647827519217 0.543338338973746 -0.123442826693621 -0.393360246401119 0 0 0 150 1 
0.512115116818064 7.3474272798419 2.04763578116494 0.287445016688295 -0.878938960022586 -0.636052031262151 0 0 0 42 1 
3.47191592300466 6.40076822713431 1.74850260782206 0.853130846143523 0.842966889590616 0.035500372546009 0 0 0 19 0 
1.54194367201837 6.43143644111836 3.09913317907055 0.291706238859767 0.990205205874051 0.085590454152936 0 0 0 33 0 
2.10910105299827 5.83594507709095 2.3488339294435 -0.341556992428819 0.619420725298707 0.264119132777643 0 0 0 69 0 
1.77615827477701 5.69149383268748 1.78081070986238 -0.531977389317571 0.741641976098211 0.611544387123197 0 0 0 98 0 
1.68811064900165 7.30246565474576 1.9565332472074 -0.830269907285479 0.82892366496368 -0.363352393256085 0 0 0 72 1 
2.36813252007256 4.8898011248167 2.41604284679456 0.695447502867509 0.0556858749738145 -0.58342245045792 0 0 0 163 1 
2.57931795794277 7.90727508515488 2.22114114304432 -0.417240291722461 0.77246786930784 -0.611265550993669 0 0 0 106 1 
2.31843986602912 5.6995511080074 1.49576523345611 -0.311651447710126 0.885650158286772 0.713680747636587 0 0 0 113 0 
2.64812575220855 7.06638086300769 1.82923080618346 -0.978839178255921 -0.0619455909989007 -0.238681313402363 0 0 0 255 0 
3.04861575163516 6.35955743079207 1.46778735364177 -0.778769178337834 -0.591491795601133 0.852541050520253 0 0 0 200 1 
2.7285497420749 7.92107139496357 3.90946579747445 -0.681635751132157 0.774438770709081 0.344209399639207 0 0 0 92 0 
3.55399660057913 4.03677313902157 3.33368999273559 0.86485665722559 -0.351889551568347 -0.452330001037772 0 0 0 171 1 
2.50342579636662 7.80466828179515 2.75227926436011 0.429060828052375 -0.527904531172121 -0.821102962234271 0 0 0 177 1 
2.08656898932665 4.81720447364198 2.22526733550207 0.22665271276095 -0.811827932336859 -0.896390380642561 0 0 0 181 1 
2.76982581625936 6.95414774402771 3.00184439181282 -0.104310597677234 -0.22083603656747 -0.785450801169597 0 0 0 192 1 
1.66780111087523 5.40051853502934 3.08145532169402 0.166828730125033 0.700074076432763 -0.774077811186568 0 0 0 49 1 
2.21284478433651 4.74165600068192 2.30186795182751 -0.183879316523356 0.89166514295456 0.25740970740393 0 0 0 8 0 
1.22011055937359 4.20787730355523 2.72283899451782 0.10287293705337 0.529696757650747 0.174691284931117 0 0 0 17 0 
1.27461885364463 4.57592037747498 1.5979745502167 0.824945550520661 0.725131482496426 0.156853507173814 0 0 0 65 0 
0.847761453910063 4.02013778992296 2.11758580210279 0.906823064844295 0.645733969988994 0.231083686014684 0 0 0 66 0 
1.01935280607321 4.22369310677284 1.47369490194299 -0.925806741989541 0.674813300967549 0.853384985991855 0 0 0 68 1 
2.13738383448636 4.30807145528896 2.49555656392269 -0.766088023644806 0.829724493612709 0.856508080560384 0 0 0 120 0 
1.21419547485884 4.20658493005652 2.14076459693993 -0.755114932163022 0.386654990008074 -0.76560505758001 0 0 0 119 1 
2.95404887010249 4.47690854568131 1.8482832255761 -0.935135875699644 0.568129792240187 0.192611889368014 0 0 0 67 0 
3.87919611184227 5.78580052578758 1.77877813280108 -0.374400555451104 -0.10202849631606 -0.103031695314131 0 0 0 235 0 
3.7682338556497 6.69075300358363 0.248967119988618 -0.247395163478615 0.312964714797661 0.678423874284088 0 0 0 194 1 
3.74288540672803 7.65461686052658 2.26033813830222 -0.53673065618171 0.736373837218083 0.251476876900317 0 0 0 76 0 
3.21792869623317 6.19776967184113 0.37854445580814 -0.897438757680975 0.528252810263018 -0.731636506313123 0 0 0 91 1 
3.97719319372726 7.09239012689665 1.23661014743733 -0.788972400896105 0.370341446699522 -0.751912836080382 0 0 0 227 1 
3.78071510866635 7.95433783519952 2.91512224638318 -0.81704069876195 0.636333976457074 -0.654982536230975 0 0 0 127 1 
2.15022193260945 6.4227517403215 3.86811398982216 -0.0499682953415065 -0.582464037096928 -0.233126572882548 0 0 0 151 1 
5.34342896074827 4.69211460785772 1.54831655719002 -0.593795862750247 -0.972555056020326 0.292616651027146 0 0 0 195 0 
6.3121090744388 4.46965147842984 0.338346372290836 -0.741127275080172 -0.43290693165288 -0.0230933753870235 0 0 0 205 0 
7.9940658162994 7.51712065852273 1.52423340829765 0.0705808308999134 0.431017236931818 -0.282252370243192 0 0 0 244 0 
5.08703929126465 5.0529351589119 3.1698124338101 -0.344708672676478 -0.0638664058697281 0.952830347687157 0 0 0 248 0 
7.22131098407558 5.81519596545439 2.1421421692611 -0.325527002274917 -0.0978291477922298 0.806020309894443 0 0 0 251 0 
7.96136378410094 5.45100108631439 2.87940617478112 -0.648376602271294 0.135857298044913 0.339915167825875 0 0 0 132 0 
6.83652791989391 5.97103834932306 0.344188248546709 -0.809067440015156 -0.646994521525277 -0.0222588216361844 0 0 0 136 0 
5.68140172246754 4.59660954549579 0.248305015652276 -0.545514039647494 0.0138013636422558 0.678329287950325 0 0 0 195 1 
6.4598991513371 6.57123089827971 2.77613225460281 -0.5771572640947 0.438747271182816 0.0394474649432583 0 0 0 110 0 
6.16105403796301 6.00949456487459 3.92370332991397 -0.0484208517195701 0.358499223553513 0.917671904273425 0 0 0 111 0 
5.96918554518357 7.10288738174882 3.43227478521199 -0.0758306364023476 -0.91387323117874 -0.00967503068400177 0 0 0 123 0 
4.7222505534049 6.06599617930373 2.63608664393318 -0.968249920942156 0.366570882757676 0.876583806276168 0 0 0 125 0 
7.6999919194974 7.56707304300148 2.68323614695118 0.599998845642485 -0.847560993856931 0.740462306707311 0 0 0 44 0 
6.56944680048829 6.80931708089505 0.497791020483729 -0.990079028501673 0.0441881544135785 -0.143172711359467 0 0 0 155 0 
7.76158880345481 6.56878149635503 0.224638559692195 -0.819773028077885 0.581254499479289 -0.182194491472544 0 0 0 27 0 
7.62415773178982 6.05606143977078 2.13335698189067 0.874879675969974 -0.920562651461317 -0.0523775740156186 0 0 0 46 0 
6.25638185078678 7.56602798718579 0.251710628421386 -0.463374021316174 0.866575426740828 0.964530089774484 0 0 0 103 1 
4.20149808309031 5.2475033367272 1.72067598681092 -0.61407170241567 0.106786190961028 -0.539903430455583 0 0 0 212 1 
6.23872790332669 6.52964760649973 0.436753006143306 -0.465896013810472 -0.995764627642896 0.990964715163329 0 0 0 107 1 
6.96558643481584 5.99075280471689 1.80457086080896 0.780798062116549 0.498678972102413 0.61493869440128 0 0 0 42 0 
6.55654510024704 7.26577988795912 2.89020209242313 0.150935014321005 0.823682841137018 0.341457441774733 0 0 0 70 0 
7.17580483975513 5.48522311121812 0.0949538067158278 0.382257834250733 0.426460444459732 0.656421972387975 0 0 0 73 1 
4.69556184614919 7.6372056103683 0.846774591230423 -0.114919736264401 0.0196008014811857 -0.807603629824225 0 0 0 238 1 
6.63700494931815 7.70833244398447 2.20356198819337 0.305286421331164 -0.970238222287932 -0.470919715972376 0 0 0 85 1 
4.8281764153304 6.56156398996471 2.0298286371144 -0.381689083524229 0.865937712852102 0.361404091016343 0 0 0 68 0 
4.29881628318994 6.30574378929499 3.33986918266417 -0.885883388115722 0.972249112756428 -0.165732973905118 0 0 0 66 1 
6.03459713990447 7.20110264930301 1.35290393656967 0.933513877129211 -0.614128192956713 0.97898627665281 0 0 0 145 1 
6.4306471930041 6.61333153404122 2.25267774773117 0.847235313286301 -0.412381209422684 -0.463903178895547 0 0 0 153 1 
5.90781929963858 6.74310137701866 1.20894282656511 0.772545614234082 -0.679556946140191 -0.755865310490699 0 0 0 161 1 
5.60320648295251 4.84843670233393 0.776031983292368 0.729029497564644 -0.378794756809439 -0.960566859529662 0 0 0 189 1 
4.3218240687698 7.19630075708442 2.40371873686887 -0.596882275890029 0.242328679583489 -0.585183037590162 0 0 0 232 1 
7.94508407197321 5.77406913434131 1.91182254975664 -0.22213084686097 -0.246561552236957 -0.798311064320479 0 0 0 255 1 
5.10658602148286 7.66107807111855 2.1679090761997 -0.484773425502449 0.594439724445508 -0.904584417685758 0 0 0 128 1 
7.47645869633107 4.13232450054849 2.63272549123566 -0.146220186238419 0.0903320715069265 0.16181792731938 0 0 0 96 0 
4.13574107195647 4.87192569622892 1.18397267756794 -0.0520369897205044 0.624560813746988 -0.18800390320458 0 0 0 97 0 
7.98308775121518 5.7256656437552 1.94785715277902 0.497583964459311 0.889380806250743 -0.364591835317283 0 0 0 65 1 
7.08705039889407 5.24006212690982 1.00331773560183 0.369578628413438 0.962866018129974 -0.499526037771167 0 0 0 69 1 
4.35456739182115 7.88323527548866 0.907136595192323 0.264938198831593 0.340462182212666 0.0581623707417604 0 0 0 135 0 
5.37083654630112 6.9323320020514 0.290220198441424 0.981548078043017 -0.081095428278371 -0.315682828794082 0 0 0 174 0 
7.95695661755733 6.19958654458453 2.47376158055637 0.208136659651047 -0.75720192220221 -0.860891202777661 0 0 0 243 1 
5.88245790344513 6.84193676547522 3.01955823244911 0.483208271920732 0.0488481093536022 -0.640063109650128 0 0 0 187 1 
4.56593868543801 4.35461280992956 3.6756408012263 0.00941981220543053 0.407801829989938 0.739377257318043 0 0 0 85 0 
5.5970204714047 4.16130603936134 2.93400498115427 0.871002924486385 0.523043719908763 -0.366570716977962 0 0 0 17 1 
4.67276024177335 7.33778002359908 2.19027861573078 0.881822891681907 0.548254289085582 0.0986112308186828 0 0 0 30 0 
4.04967782662015 5.61507455480567 0.664489408062073 0.0785254038028789 -0.983560777884905 -0.833644370276847 0 0 0 48 1 
4.44016190460432 6.78655574756993 2.15385971261565 0.705737414943474 -0.530492036061438 -0.62087718391205 0 0 0 165 1 
6.30471039124588 6.62227450553352 3.97158673750122 -0.742184229822017 -0.696817927780926 -0.789773323214111 0 0 0 225 1 
4.91712372171508 7.63179840758056 3.51398015777733 0.0595891031021543 -0.266885941774206 -0.56943140603181 0 0 0 249 1 
6.49987038883331 7.61519588264651 3.16917921603275 -0.857161373023812 0.445027983235216 -0.904402969138178 0 0 0 164 1 
4.09893198281656 6.44204678294341 3.881259349572 0.0855617118309377 0.70600668327763 -0.802677235775428 0 0 0 40 1 
0.893895540926232 0.872288539028583 5.48272840028262 -0.229443494153395 0.0531840770040832 -0.00246737138819697 0 0 0 19 1 
1.8069585223585 3.47709209585889 5.72920307877966 0.0438512174797863 0.282441727979842 0.0327432969685226 0 0 0 22 1 
1.76211916747572 2.18715341146749 5.57179756344743 0.180302738210817 0.669593344495355 -0.704028919507509 0 0 0 25 1 
0.44846776566153 1.10308330780459 7.93601396879647 0.278352537951647 0.65758332968637 0.348001995542353 0 0 0 30 1 
0.639753998382611 2.0564184663962 6.1641678758525 -0.265749428802484 0.365202638056599 -0.476547446306785 0 0 0 35 1 
1.70341270399369 2.17424100723175 7.29990476734827 0.0290589577133848 0.382034429604536 -0.0285850332359621 0 0 0 50 1 
3.6031644573178 1.25594807412161 6.42720580632139 0.5861663510454 -0.0348645608397693 -0.153256313382659 0 0 0 53 1 
0.555233607755334 2.06456937515433 5.93714137957027 0.436461943965048 0.509224196450619 -0.223265517204247 0 0 0 55 1 
0.325012534763968 1.11256553993276 7.62960268966155 -0.596426780748005 0.230366505704679 -0.124342472905492 0 0 0 113 1 
3.67298061502587 1.83604633944327 5.76793170855997 0.596140087860839 0.905149477063324 -0.818866898777147 0 0 0 129 1 
1.01922078736558 0.679049750392726 5.08471453056128 0.93131725533794 0.311292821484675 -0.059326495634102 0 0 0 86 1 
1.88844317486705 3.08177838969595 7.52155153459106 -0.373079546447564 0.225968341385136 0.00307879065586536 0 0 0 117 1 
0.688033697898502 1.42924646139322 7.44358764130395 0.598290528271215 -0.438679076943825 0.277655377329136 0 0 0 148 1 
2.42092594793482 1.26599252103765 7.86814959397017 -0.0112962931521684 0.966570360148236 0.052592799138595 0 0 0 183 1 
1.31343305237121 1.13499931798587 5.6677036025274 0.830490436053031 0.376428473997981 0.3096719432182 0 0 0 117 0 
0.393934245362677 2.28514320934836 6.73402777397816 0.69913346362324 -0.0306938272359479 0.462003967711166 0 0 0 121 0 
3.64674975635493 0.53422850871068 7.78072606569397 0.0209642509078471 0.862032644101526 0.754389437956281 0 0 0 168 0 
0.562694510945228 0.045432763958828 5.25241135505159 -0.848186498436396 -0.207795319434453 0.107487336435941 0 0 0 71 1 
0.505773755241549 1.69491803860076 7.4662466527488 -0.856318034965493 0.313559719800109 -0.4333933353216 0 0 0 83 1 
2.76511928646051 0.437117536103467 4.7316803601676 0.752159898065787 -0.72326892341379 0.0330971943096579 0 0 0 135 1 
3.98633452365201 0.279729320775263 5.98666116131314 0.783762074807431 -0.888610097032105 0.212380165901878 0 0 0 138 1 
0.132462835299178 2.87893812799308 7.48615732988756 -0.195362452100117 -0.23158026742956 -0.430548952873206 0 0 0 146 1 
2.45502908446668 0.564906419112154 4.98965204247326 0.850718440638097 -0.705013368698264 -0.64433542250382 0 0 0 168 1 
3.64506222989164 3.04371617470767 7.78982924330101 0.449294604270235 0.220530882101095 -0.95859582238557 0 0 0 21 0 
0.00276698695251643 0.608484217698014 7.18201858475907 0.214680998136074 0.158354888242573 0.668859797822724 0 0 0 34 0 
0.302539529015953 0.0804513481991136 4.86310348771216 0.82893421843085 0.654350192599873 0.194729069673166 0 0 0 242 0 
2.23692611748282 0.623039242556459 7.52962609977506 -0.323296268931026 0.87471989179378 0.861375157110723 0 0 0 213 0 
1.56824191173256 0.250350841788818 7.08951892616476 0.86689170167608 -0.892807022601597 0.655645560880679 0 0 0 233 0 
1.81322503310719 3.5862662186873 7.29928581092454 -0.669539280984688 0.298038031241042 -0.457244884153636 0 0 0 87 1 
2.32041571828851 0.495485230309101 5.15603945189208 -0.454226325958785 0.570783604329872 -0.620565792586845 0 0 0 110 1 
1.35966617524325 1.53320835821636 7.73721754733975 -0.877190546393822 0.147601194030908 -0.108968921808608 0 0 0 116 1 
0.68117156168136 2.05041721703316 7.52341786417722 -0.831261205474091 -0.635654683280977 0.860488266311032 0 0 0 219 0 
3.21691733091107 2.70528882165445 7.0457539791675 0.673845332987296 0.457898403093493 0.792250568452501 0 0 0 18 0 
3.71953562412654 2.46157644796818 7.01911785352493 0.0313622320180778 -0.148346221718831 0.788445407646418 0 0 0 32 0 
3.03214702289615 1.39371721552335 6.23979727327871 0.933163860413736 0.841959602217621 0.677113896182673 0 0 0 148 0 
2.00822304162302 2.01090564858516 7.64787011069206 -0.927396708339569 0.644415092655022 0.449695730098866 0 0 0 76 1 
1.91701314853321 0.204414078665685 5.04057274840979 -0.940426693066684 -0.899369417333474 -0.494203893084315 0 0 0 252 1 
3.02289625674963 2.06685094606854 5.66453294645736 0.360413750964233 -0.776164150561638 -0.833638150506091 0 0 0 141 1 
3.33221567753706 2.11261274989722 4.34762825997709 0.118887953933866 -0.912483892871826 -0.878910248574702 0 0 0 159 1 
2.31063636685261 0.456029983114401 6.23286801860526 0.258662338121801 0.708004283302057 0.818981145515037 0 0 0 129 0 
3.06383222713646 2.71814457092648 5.17968515715249 -0.919452538980506 0.459734938703783 -0.617187834692501 0 0 0 99 1 
3.38396120090773 0.586386163438463 5.02588506806968 -0.588005542727468 0.726626594776923 -0.210587847418617 0 0 0 228 1 
3.042078709609 3.21696287975603 7.99865907311589 -0.922560184341571 0.530994697108004 -0.643048703840587 0 0 0 115 0 
3.54980396706208 0.151790713023691 6.82123289834335 -0.421456576133989 -0.764029898139473 0.331604699763336 0 0 0 199 1 
3.18582551492232 0.913585378933601 6.39353313956989 -0.616310640725383 0.9162264827048 0.127647591367128 0 0 0 216 1 
2.81233029942721 0.338053002910657 4.77780457584012 -0.955381385796113 -0.737420999584192 -0.388885060594268 0 0 0 247 1 
2.86661262817419 2.07181266153994 7.89559912627881 -0.804769624546544 -0.918312476922866 0.91365701803983 0 0 0 224 0 
2.64882249487357 2.78843812696597 7.71964212907413 0.878403213553367 -0.958794553290575 0.317091732724875 0 0 0 156 1 
3.21662272542545 3.12436608066619 4.84157262239422 0.530946103632208 -0.767947702761972 -0.0940610539436829 0 0 0 157 1 
2.18087968351635 3.33410946495038 6.30687971654099 0.668697097645193 -0.595127219292803 -0.456160040494145 0 0 0 175 1 
2.44101183604122 0.432140735851433 4.60897684960038 0.848715976577317 0.847448676550205 0.444139549942912 0 0 0 152 0 
1.85680839057816 0.996439515067382 5.47059491783322 -0.806170229917406 0.642348502152483 0.852942131119031 0 0 0 80 0 
3.66539959365383 1.16100647568437 4.15549111617185 -0.976371486620882 0.66585806795491 -0.0492155548325938 0 0 0 78 1 
3.94587875477318 0.419615296989158 7.37879384267316 -0.936303035032403 0.845659328141308 0.125541977524737 0 0 0 230 1 
3.58499080857499 1.09761308624546 7.51500057126047 -0.702144170203572 0.371087583749352 -0.854999918391361 0 0 0 104 0 
2.52177095442624 3.40927274282875 7.6790807791498 0.145967279203749 -0.727246751024465 0.4541543970214 0 0 0 142 1 
2.81208826068775 3.86547075917014 7.38028808951891 0.616012608669678 -0.80493274868998 0.268612584216987 0 0 0 154 1 
1.38474054170279 3.8281500478613 5.85578780533259 -0.0164656368996022 -0.667407136019815 -0.663458884952487 0 0 0 158 1 
0.208299146475568 3.78706722459837 7.26808783587281 0.101185592353653 -0.816133253628804 -0.318844594875313 0 0 0 169 1 
0.358843925355181 3.82101081329257 5.65807908675853 0.836977703622169 -0.525569883815347 -0.405988701891638 0 0 0 254 1 
1.17991101112584 3.68325594525853 7.31403424769396 0.525701573017977 -0.688106293534495 0.687719178241995 0 0 0 175 0 
2.89555645115375 3.54153248293665 6.4912526956356 0.77079377873625 -0.851209645294764 0.998750385090799 0 0 0 139 0 
3.30949640086602 3.46976923587629 4.62884989574271 -0.455786228447712 -0.575747252017672 -0.267307157751042 0 0 0 239 1 
3.12153893723735 3.89236053216001 7.38706880734846 -0.768351580394664 -0.80109135254857 0.983866972478351 0 0 0 204 0 
0.300059423280724 3.59939840381587 5.71291142562817 -0.0285629395313252 -0.985800228026304 0.887558775089738 0 0 0 133 0 
0.765334839358965 0.455038084306474 4.05136213208354 0.466476405622709 0.279291154900925 0.793051733154791 0 0 0 23 0 
3.89613825562134 3.9001691180092 4.1639167085043 0.0565911793744773 0.628595588287029 0.237702386929186 0 0 0 36 0 
3.27176368547942 1.75782859080337 4.02375312947604 -0.175462330645797 0.179689798686196 0.360536161353719 0 0 0 81 0 
0.632415680201316 0.657874595401527 4.27195144971179 0.161773668600188 -0.97744648637121 0.681707349958827 0 0 0 141 0 
2.74829324825923 1.07889019161015 4.0325520767741 -0.535958107391539 0.511270027372878 0.790364582396299 0 0 0 91 0 
4.10095301456583 1.73880598714119 5.7271328641555 -0.0570067122048807 -0.251599144694115 -0.824695305120643 0 0 0 77 1 
6.96701296342652 0.521261470616257 4.2849474055755 -0.0761410052247832 0.431608781516608 -0.887864656346357 0 0 0 92 1 
4.36667817240587 1.09194654456018 4.75061298696339 -0.304760261084876 0.655992363508597 -0.67848385900523 0 0 0 111 1 
7.93317228828248 0.0390150531427501 5.37669019433883 -0.22383253024536 0.0770021504489643 -0.446187115094453 0 0 0 115 1 
7.9511633186631 2.88894876337147 5.82648317483209 -0.364119525905272 0.19842125191021 -0.381930975023987 0 0 0 118 1 
7.8917002358298 1.9464175845574 4.58890280812165 -0.229757109167171 -0.0790832022060853 -0.415871027411194 0 0 0 123 1 
7.93933585947612 2.40111502440942 4.82083886572528 -0.508666305789126 -0.156983567941511 -0.525594447753532 0 0 0 125 1 
4.75334180043754 2.52342073057098 5.44694224171593 -0.106665457080351 0.860488675795854 -0.293293965469153 0 0 0 126 1 
7.11291688636419 3.78894922118318 4.83758874945098 -0.769583301947973 0.469849888740455 -0.237487321507003 0 0 0 36 1 
5.83781892899498 2.50776287040507 6.52642105994753 -0.951740153000717 0.00110898148643934 0.0037744371353603 0 0 0 44 1 
5.54347293021437 3.10433483836537 7.26667749091259 -0.708075295683661 0.514904976909339 -0.747617501298201 0 0 0 114 0 
6.42715786178507 0.30801560764238 6.56688915853668 -0.0104060197449899 -0.598854913193946 -0.847587263066189 0 0 0 243 0 
5.42803636726865 2.06010585423604 5.87413199572993 0.275433766752664 0.365729407748005 0.0534474279614185 0 0 0 20 1 
6.01212872695993 2.76293094116771 7.97343017762156 -0.783981610434296 0.60899013445253 -0.789509974625491 0 0 0 101 0 
6.16983933812535 1.96088923872622 7.69039314617459 0.0956913340179071 0.0658413198180312 -0.829943836260773 0 0 0 102 0 
4.54172988863147 3.14181298465156 7.94216139192693 -0.42261001590979 -0.051169573621205 0.777451627418134 0 0 0 112 0 
4.6965152518376 1.16735567435852 5.04807852938143 0.170930750262514 -0.0475206179487826 -0.778845924374082 0 0 0 24 1 
7.68640494161678 2.56211023019047 6.01447841396114 0.740914991659539 0.580301461455781 0.359211201994449 0 0 0 55 0 
7.84841296725309 2.87023327138322 7.79104446927301 0.906916138179013 -0.232823818373825 0.184434924181858 0 0 0 162 1 
6.05202615057536 0.447707960204963 5.02576827471428 -0.492567692774949 -0.721756005685005 -0.782033103612246 0 0 0 215 1 
6.38472439714933 1.59473526105725 5.40418792972314 0.269246342449904 -0.557894962706107 -0.442258867182408 0 0 0 245 1 
4.47360721438041 0.279821207627438 7.11428957879308 -0.575198969374227 0.96854588680392 -0.912244345886703 0 0 0 236 0 
4.66386189441655 3.73267393411245 7.62597270851694 -0.119448300797635 0.176096276301778 0.875138958359563 0 0 0 90 0 
4.25536253490417 0.293296200471831 7.59641233952021 -0.177805352156547 0.827613742924547 0.728058905645744 0 0 0 230 0 
7.22344999952924 0.728929901813671 7.34109570227545 -0.182364285781536 -0.681581442598047 0.834442243182208 0 0 0 216 0 
7.84443943086014 3.04781635845692 4.80863930607278 -0.522222938448551 -0.207454805934726 0.186948472296111 0 0 0 241 0 
7.16588375014364 3.23130320440164 7.32104007284375 0.809411964306234 -0.0383852565140511 -0.168422846736607 0 0 0 62 1 
4.50172319710378 0.323372375659363 6.44232056966936 0.143103313871968 -0.739518232048662 -0.151097061475806 0 0 0 184 1 
4.62832278127157 1.80370908516324 6.60658659458158 0.161188968753081 -0.670898702119537 -0.984773343631202 0 0 0 172 0 
7.27114919443458 3.40146633266265 4.06833538858162 0.395878456347798 -0.156933381048193 -0.490237801631198 0 0 0 241 1 
7.8514540787669 0.893093646555943 6.21451662542227 -0.3783637030333 -0.943843764777723 0.530645232203182 0 0 0 238 0 
6.84344214829415 1.58672745392615 6.70384952749553 -0.52236540738655 -0.273324649439121 0.886264218213647 0 0 0 78 0 
7.26558899502232 0.257765716684382 6.52910564517209 0.10936985643176 -0.0346048976165169 0.718443663596013 0 0 0 83 0 
7.23052366641513 0.883753412460671 6.50719966441681 -0.181353761940696 0.0548219160658101 0.71531423777383 0 0 0 84 0 
4.6506655311003 1.35189235120348 5.87983045537288 -0.1213334955571 -0.0211582355423606 0.625690065053268 0 0 0 86 0 
5.08985679846442 3.025139248593 7.05436571802996 0.369979542637774 0.360734178370429 -0.635090611710006 0 0 0 3 1 
5.6673144548569 1.26609658798832 4.01898239161142 0.738187779265272 0.109442369712617 -0.783002515484083 0 0 0 33 1 
6.61656418708925 3.47275394336579 7.46657583501177 0.873794883869893 0.710393420480827 -0.29048916642689 0 0 0 37 1 
5.02574066365479 1.37178065452214 7.27265905355306 0.50367723766497 0.981682950646021 0.681808436221865 0 0 0 166 0 
5.20429241985874 0.612946933324237 4.51288951963887 0.529184631408392 -0.269579009525109 0.144698502805553 0 0 0 58 0 
5.72599729176935 1.74653004348712 4.08891155450017 -0.253428958318665 -0.964781422358983 -0.344441206499976 0 0 0 240 1 
7.18684112821984 2.3711564441413 4.70671652113407 -0.759022695968594 -0.5898347936941 -0.541897639837989 0 0 0 188 1 
6.75927857215045 2.92230796525261 6.27883231235293 0.751325510307208 -0.51109886210677 0.539833187478991 0 0 0 170 0 
6.97192402947414 1.72553377356875 5.91445528005323 -0.0754394243608369 -0.824923746633036 0.48777932572189 0 0 0 240 0 
5.88233764407011 2.30300399036324 6.04670934352758 0.768905377724302 -0.170999429948109 0.935244191932511 0 0 0 13 0 
5.72481666868188 1.48363220807912 6.16622116771919 0.0321166669545541 -0.145195398845841 0.95231730967417 0 0 0 74 0 
7.84146583120079 0.433726206630952 6.03127086867559 0.191637975885827 -0.438039113338435 0.790181552667941 0 0 0 79 0 
4.73023233310922 1.66456774997255 4.78660067609264 -0.82425252384154 0.880652535710365 0.326657239441805 0 0 0 226 0 
7.29659861216848 3.77438360580185 5.20800451792587 0.399514087452641 -0.103659484885449 0.529714931132266 0 0 0 209 0 
4.64110858063763 3.25333225921387 4.93732898709601 0.59158694009109 0.821904608459125 0.0624755695851447 0 0 0 9 1 
5.00331049690152 2.27823739415695 7.63502010619107 0.643330070985931 0.825462484879564 -0.552139984829846 0 0 0 13 1 
5.18639317987323 1.07030568304394 6.71416996089287 0.66948473998189 0.938615097577706 0.316309994413266 0 0 0 133 1 
5.22383536630402 1.98394869646185 7.48053829847566 0.81769076661486 -0.645150186219735 -0.574208814503476 0 0 0 137 1 
4.10649552914124 1.66672787415889 5.64013035307301 0.0866422184487494 0.880961124879841 0.448590050439001 0 0 0 164 0 
4.12648832173832 2.64056147872557 4.81196016821919 -0.0533588111802408 -0.97991978875349 -0.955434261682972 0 0 0 201 1 
6.59003859588846 2.92341249552761 6.2951053374928 0.0128626565554935 -0.653798214924627 -0.600699237501029 0 0 0 223 1 
7.64350611375891 3.13908836755406 5.94635665034403 0.591929444822701 -0.765844518920848 0.206622378620576 0 0 0 144 1 
4.01629340880264 3.01121421872503 6.89633676951156 -0.49767237017105 -0.498397968753567 0.48519096707308 0 0 0 252 0 
4.30617271453504 3.29697584892523 5.72399896837229 -0.0276896122092806 -0.60043202158211 0.603428424053184 0 0 0 221 0 
4.15838900410791 1.80885543644174 5.02171523326346 -0.763087285127441 -0.241592080508323 0.931673604751923 0 0 0 95 0 
6.75897904914702 1.51403050721634 4.47988722997489 -0.677288707264711 0.573432929602334 0.282841032853556 0 0 0 105 0 
5.01059149993212 1.49941873674255 4.53331011507774 -0.927058357152554 0.857059819534649 0.290472873582535 0 0 0 225 0 
6.13617925218551 0.18407353845134 4.82094659786013 -0.480545821116356 0.812010505493049 0.760135228265733 0 0 0 199 0 
6.13467699210086 2.60402831801832 4.73767613026254 -0.337903286842734 -0.413710240283097 0.605382304323221 0 0 0 200 0 
5.10402229950742 3.31498542478124 5.79289352633219 0.372003185643917 0.402140774968749 0.898984789476028 0 0 0 3 0 
6.04389396795808 2.57912931053365 4.88930030526127 0.0776991382797252 -0.988695812780906 0.62704290075161 0 0 0 202 0 
5.05816844968799 3.53081069632747 5.80328558943819 0.22259549281257 -0.852741329096075 0.32904079849117 0 0 0 188 0 
5.66673404940849 3.89564024929588 5.2904061004841 0.452390578486927 -0.943479964386302 -0.172799128502271 0 0 0 167 1 
5.44153865482411 3.71814797616753 4.93926178299925 0.991648379260588 -0.397407431976068 0.20560882614275 0 0 0 186 0 
7.53715031113382 2.23746046797278 4.79288272845249 -0.994692812695169 0.676780066853254 0.898983246921784 0 0 0 26 0 
7.72685290625624 0.126709118860354 4.77986886017646 0.318121843750891 0.946672731265765 0.897124122882351 0 0 0 218 0 
3.1591482962227 7.40560125892196 6.80787844266741 -0.0486931005396138 0.415085894131709 -0.670303079618942 0 0 0 132 1 
3.64612850891894 4.28421636840555 6.87005832141332 0.735161215559849 -0.173683375942065 0.338579760201903 0 0 0 134 1 
2.39135333962061 5.46679286284872 4.88409124654067 -0.158378094339912 -0.00474387673589671 -0.802272679065619 0 0 0 152 1 
1.93731339417948 6.28726433442944 4.11513633200265 0.0624733420256394 -0.0303908093672229 -0.340694809713907 0 0 0 170 1 
0.490142071553194 7.46765582225541 7.59638308904364 -0.429979704063829 -0.290334882534941 0.156626155577663 0 0 0 172 1 
2.07986086693741 5.59314445985284 7.9220629726149 0.225694409562488 -0.41526507716388 0.2031518532307 0 0 0 173 1 
3.9032997076576 6.72772037171995 7.06915809389762 0.771899958236799 -0.538897089754294 -0.204405986586054 0 0 0 182 1 
1.78550247367197 4.54494331773751 7.048060600618 0.0407860676674237 -0.279293811751784 -0.207419914197428 0 0 0 186 1 
1.1903220382531 6.98349971477858 7.42978035151475 -0.187096851678129 -0.0737857550316313 -0.152888521212179 0 0 0 191 1 
2.2507168324182 7.45104725787863 4.64980923967632 -0.178469023940257 -0.721278963160195 0.0214013199537599 0 0 0 16 1 
1.19051983221823 7.61269414048023 7.61111300940207 0.812931404602604 -0.269615122788538 -0.41269814151399 0 0 0 217 1 
0.197703421046114 4.99547094732515 5.70441360332492 0.671100488720873 -0.357789864667836 -0.685083770953582 0 0 0 221 1 
1.26235264168664 6.77883561395541 7.34771751625835 0.394621805955234 -0.531594912292084 0.54967393089405 0 0 0 182 0 
0.778064083555467 7.59010782883684 7.55996081254123 -0.245990845206362 0.155729689833834 -0.705719883922682 0 0 0 187 0 
2.71406173517858 5.07401385229669 7.4950261937506 0.173437390739797 -0.489426592529045 0.570718027678657 0 0 0 190 0 
3.7923062314588 6.81369872434918 5.78282153802196 0.327472318779829 -0.955185896521546 -0.673882637425435 0 0 0 26 1 
1.36125261064244 6.01174206322937 6.8438949837981 0.265893230091777 0.358820294747053 0.191984997685443 0 0 0 29 1 
2.82789987501458 5.63852569449914 4.0993324797276 0.18969998214494 0.305503670642734 -0.342952502896057 0 0 0 46 1 
2.54542709688035 5.48511291011065 5.66423056008317 -0.279224700445664 -0.716412441412764 -0.690824205702404 0 0 0 213 1 
1.22956983512455 6.68775398334313 6.92398556546454 -0.467204309267922 -0.544606573808124 -0.368002062076493 0 0 0 229 1 
2.64343099988025 7.75272646911009 5.85074280448458 -0.26522414287425 -0.106753361555703 -0.37846531364506 0 0 0 253 1 
2.99339665309898 7.73329431517973 6.08372555637401 0.356199521871283 -0.538100812117182 0.369103650910572 0 0 0 177 0 
3.1420759401525 6.70600723637538 7.80449997103344 0.663153705736072 0.600858176625054 -0.0993571469952228 0 0 0 58 1 
1.72985186654533 5.13199161854726 6.74903013073468 -0.538592590493524 0.233141659792466 0.17843287581924 0 0 0 94 1 
1.48861730897232 6.20843712752464 4.49602414437545 -0.573054670146812 -0.755937553210766 -0.143425122232079 0 0 0 210 1 
1.98276831315634 7.65864978786604 4.79049159984925 -0.502461669549095 0.165521398266577 -0.244215485735821 0 0 0 234 1 
0.196422028077621 4.38197146500963 6.61557877085118 -0.900511138846054 -0.159718362141481 -0.983488747021259 0 0 0 231 0 
1.50182032332628 7.9812941408707 7.96908080823699 0.285974331903754 0.354470591552958 -0.932988455966145 0 0 0 149 0 
3.83566344790823 6.69847011706932 7.57889347615113 0.333666206844032 -0.400218554704383 -0.988729503406982 0 0 0 154 0 
0.142243231544177 4.85918804379776 4.88120873472965 -0.479679538350832 -0.377258850886035 0.197315533532807 0 0 0 192 0 
2.33905354913348 7.45009813803575 6.0018580314138 -0.0229923501237885 0.564299734005107 0.500265433059114 0 0 0 47 0 
0.335790154213935 5.85778160733769 6.56478253591366 0.690827164887705 0.0511116581910986 0.580683219416236 0 0 0 229 0 
0.396821268298506 7.25039297720171 5.53667290005094 -0.443311247385928 0.821484711028816 -0.851903871421295 0 0 0 8 1 
1.28071845723004 5.65803707578726 5.45693216273606 -0.317040220395708 0.451148153683894 0.279561737533723 0 0 0 60 0 
2.03818529189043 4.10633944814956 7.20922723111009 -0.494544958301367 -0.0562372216929206 -0.327253252698558 0 0 0 226 1 
2.74324921404689 4.68243474447263 7.56408469218896 -0.393821540850444 -0.688223607932482 -0.705130758258719 0 0 0 250 0 
1.25431085810136 4.32337744206461 6.6032999785498 -0.749384163128378 -0.596660365419341 -0.985242860207171 0 0 0 239 0 
3.53657019960737 6.72481995106952 7.44896633995052 0.29093859994391 -0.68216857841864 0.992709477135789 0 0 0 130 0 
0.345520365670118 5.96530375520129 6.14313999174236 0.263645766524303 -0.21924232068553 0.663305713106052 0 0 0 158 0 
0.734026442180515 5.22963127538158 6.44352843288277 -0.966567651117069 -0.895766960659775 0.706218347554681 0 0 0 212 0 
0.966731309771603 5.73294052344953 6.10241460348877 0.352390187110229 0.604705789064218 0.228916371926966 0 0 0 6 1 
3.78352467899414 4.26650417028604 7.09055089289076 0.897646382713449 0.109500595755149 -0.487064158158462 0 0 0 31 1 
0.798577365391903 6.03789997503211 5.40917711124445 -0.385917519229728 0.933985710718873 -0.44154612696508 0 0 0 52 1 
2.48869719425807 4.82101242936873 6.09875170522907 0.998385313465438 0.331573204195532 -0.628749756395848 0 0 0 89 1 
1.62568563264366 4.20173131326459 4.75452226863201 -0.267759195336621 0.10024733046637 0.17921746694743 0 0 0 64 0 
1.04251342474641 5.70329512271922 6.75345746916012 -0.922498082179084 0.743327874674175 -0.82093464726284 0 0 0 116 0 
0.903080088862616 5.09341748169753 5.94680611766743 -0.942417130162484 0.370488211671076 0.349543731095347 0 0 0 124 0 
2.3520200528793 6.28120488243503 7.46253348013908 -0.592568563874385 0.825886411776433 -0.862495217122989 0 0 0 99 0 
2.54304554596041 6.08270684985561 5.05664576801413 -0.565279207719941 -0.0596133071634842 0.0795208240020191 0 0 0 203 1 
1.39336901124887 7.06884060365258 5.35359963279633 -0.872375855535876 -0.204451342335345 0.12194280468519 0 0 0 208 1 
2.47179995301895 4.63701913763043 7.72578229346706 -0.575457149568722 -0.123282980338511 0.175111756209581 0 0 0 231 1 
1.98690698791614 6.32739613412189 6.03856245764042 -0.930441858869123 0.261056590588842 -0.351633934622796 0 0 0 244 1 
1.82924867701127 7.19954078278703 7.77704002528381 -0.810107331855533 -0.18577988817328 0.0395771464691159 0 0 0 256 1 
2.11020967763316 7.8221572978776 7.33663915634433 -0.769970046052405 -0.525406100303201 -0.880480120522239 0 0 0 228 0 
1.58948181405195 5.7115356137267 7.05486931644364 -0.844359740849721 0.0302193733895288 0.650695616634805 0 0 0 232 0 
1.91054725024312 6.86819421178062 5.85628047240147 0.201506750034732 0.624027744540088 0.765182924628781 0 0 0 9 0 
0.26139337717575 6.8371098256418 6.07437349537629 -0.891229517546321 0.619587117948829 0.796339070768041 0 0 0 75 0 
1.45518081413383 4.39996240085944 4.89520287840587 0.136454402019118 0.271423200122777 -0.372113874513447 0 0 0 57 1 
0.982952167667685 4.62908098363539 7.70690819324096 0.354707452523955 0.447011569090769 -0.82758454382272 0 0 0 38 0 
1.69514540179893 4.46657501957996 4.95324294804329 -0.829264942600152 0.423796431368565 -0.649536721708101 0 0 0 104 1 
3.6429239654306 6.29925875591929 6.23231605297753 -0.265296576367058 -0.600105892011531 -0.752526278146067 0 0 0 198 1 
3.39595896488313 7.23999373013924 4.7990553343574 -0.443434433588124 -0.608572324265823 -0.100134952234657 0 0 0 211 1 
2.79484714115424 6.19353858233982 6.02649991099228 -0.672164694120822 0.670505511762832 0.646642844427469 0 0 0 88 0 
3.02934171782279 7.45159950350199 6.21456252658061 -0.638665468882458 0.421657071928856 0.959223218082944 0 0 0 196 0 
0.884148950452855 7.1301495337215 5.53219824406798 0.340592707207551 0.232878504817357 0.861742606295425 0 0 0 134 0 
1.1406212593634 6.14827131507409 4.26191853126911 0.805803037051914 0.378324473582013 0.251702647324159 0 0 0 109 0 
3.09978117173927 7.26219114549814 5.34110775348112 0.228540167391324 0.966027306499735 0.691586821925875 0 0 0 2 0 
1.85272468285449 4.02276222349611 7.70340909807473 -0.235325045306502 0.360394603356587 -0.970941557417895 0 0 0 24 0 
1.26326055382594 4.2342342610368 5.15692156223415 -0.176677063739152 0.533462037290971 0.379560223176308 0 0 0 35 0 
2.08488649876916 4.20334315111164 5.91126950854666 0.369269499824166 0.67190616444452 0.915895644078094 0 0 0 1 0 
3.5051654664033 6.99956366504946 7.81976951227234 -0.856404933370957 0.499937666435636 -0.38289006967538 0 0 0 95 1 
3.98956765259961 5.83783677570529 4.38621493481926 -0.644347478200056 0.476833825100756 -0.301969295025819 0 0 0 108 1 
3.97679469554025 5.58537110798156 6.05757663997561 -0.789029329208535 -0.130661270288348 0.793939519996515 0 0 0 203 0 
3.41422866966537 5.1298653959724 7.2115237290547 -0.869395904333518 0.804266485138914 0.387360532722101 0 0 0 67 1 
3.96824596585408 4.87858641270054 7.5216389965742 -0.933107719163703 0.625512344671506 0.00309128522488589 0 0 0 114 1 
1.65965277081894 4.15340292053958 4.15322740384538 -0.977192461311581 0.379057560077083 0.664746771977911 0 0 0 72 0 
2.18125464001731 5.26305444276526 4.56810799392957 -0.0455350514260984 -0.319563651033534 0.866872570561367 0 0 0 159 0 
1.90157914187761 6.11082780363656 4.01368692859651 0.914511305982516 0.230118257662365 0.501955275513787 0 0 0 193 0 
2.19317401744659 6.15042501134099 4.7005242382931 -0.615260854650488 -0.335653569808431 0.742932034041871 0 0 0 207 0 
3.6963036184593 4.05953614378315 4.87871929635606 -0.114813768791528 -0.777209122316692 0.911245613765151 0 0 0 217 0 
2.60609972570628 4.52813920300158 4.02873226464452 0.872299960815183 0.289734171857368 0.789818894949217 0 0 0 28 0 
4.89296780771537 5.2267906712999 5.13780430981841 -0.943861741754948 0.103827238757129 0.0911149014026305 0 0 0 193 1 
5.43234841330716 6.80391543674558 6.60156217092575 -0.152521655241834 -0.0994406518934892 0.300223167275106 0 0 0 207 1 
6.51428342606633 7.54277138526159 7.76491206034824 0.287754775152333 0.148967340751655 0.180701722906892 0 0 0 233 1 
5.75803219942073 4.01219296130639 6.30918152731699 -0.105995400082753 -0.355401005527659 -0.455831210383288 0 0 0 235 1 
5.25437290979569 4.67068388111849 5.18623645427274 -0.0350895843149014 -0.975616588411645 -0.33053764938961 0 0 0 242 1 
6.59464981859933 7.84318968390124 6.43239490130308 -0.557907168771524 0.334741383414463 -0.15251501409956 0 0 0 246 1 
7.2024774468244 7.48858546037612 7.01375272461406 -0.471074650453656 0.141226494339445 -0.0694638964837057 0 0 0 250 1 
4.72308000454466 6.0173048653499 7.30102957559117 -0.39670285649362 -0.926099304950014 -0.314138632058404 0 0 0 112 1 
6.62546322611937 4.70656770910595 5.33575287304791 -0.839219539125804 -0.113347470127722 -0.880606732421727 0 0 0 136 1 
7.6897821087459 4.74165204122074 4.88796953108408 -0.687173984464872 -0.251192565539895 0.0554242187262972 0 0 0 140 1 
7.34862905064145 4.04396786007669 4.11726311226778 -0.73591013562265 -0.0651474485604725 -0.626105269676032 0 0 0 180 1 
4.42936292991225 7.39133545786149 7.41687150105274 -0.152948152869678 0.555905065408784 -0.726161214135323 0 0 0 126 0 
4.77612864575215 5.31238788818304 7.28613361403166 -0.960553050606835 -0.0268017302595656 -0.744838055138335 0 0 0 245 0 
4.67289422881171 5.84443359276856 7.2755081179509 -0.832443681598328 0.0492047989669362 -0.746355983149872 0 0 0 246 0 
5.18977111425688 5.7951107058338 5.34742682144947 -0.615746983677588 0.327872957976258 0.121060974492782 0 0 0 79 1 
7.36835028272103 4.03502116557634 6.4116416469647 -0.875949959611281 -0.0664255477748089 -0.869765479005043 0 0 0 179 0 
5.47528690443169 7.01702961226982 5.58273082692096 -0.432101870795473 -0.0689957696757402 0.297532975274422 0 0 0 256 0 
5.77076683607101 4.74091315284584 7.34474112004262 -0.247033309132712 0.177273307549405 0.406391588577518 0 0 0 80 1 
6.45315584756026 7.34322173359094 5.00216358975737 0.421879406794323 0.691888819084421 -0.499690915748947 0 0 0 60 1 
6.82523183267813 7.40296437456862 6.2931478191476 0.617890261811162 -0.0138622322044832 0.256163974163943 0 0 0 143 1 
7.01191429152074 6.22025186454843 5.2145886310351 0.644559184502963 -0.897106876493082 -0.612201624137843 0 0 0 47 1 
6.94472607853131 7.33460237454951 7.6313862290982 -0.507896274495528 0.262086053507073 0.875912318442599 0 0 0 214 0 
7.04387920698345 5.94490853730603 5.10976711456978 -0.63658868471665 -0.365013066099138 0.229966730652825 0 0 0 253 0 
4.20106326229755 5.58460274223994 6.001382757253 -0.18556239110035 0.440657534605706 -0.785516748963857 0 0 0 74 1 
6.87747918525316 7.43059245887816 5.86268527096927 0.62535416932188 0.990084636982594 0.337526467281325 0 0 0 51 0 
5.22942031288575 6.78102695784773 5.71244624285097 0.389917187555107 -0.816996148878895 0.31606374897871 0 0 0 63 0 
5.22986579386255 5.99571091936707 7.00374677939138 0.104266541980363 0.0708158456238677 0.929106682770198 0 0 0 197 0 
7.5606207771958 6.38091132430877 6.85632875488532 -0.705625603257743 0.840130189186966 -0.806238749302097 0 0 0 52 0 
6.22847248289608 7.65318093154163 7.8540027926662 0.818353211842297 0.879025847363089 -0.663713886761971 0 0 0 53 0 
5.71342087954912 4.6339380859789 5.81299597875036 -0.112368445778697 -0.9808659877173 0.616142282678623 0 0 0 211 0 
4.62154553199122 6.03973116227833 4.81737944921769 -0.696922066858396 0.505675880325475 0.331054207031099 0 0 0 107 0 
5.064327161785 6.72559054710534 5.67102390659268 -0.633667548316428 0.746512935300763 0.595860558084669 0 0 0 87 0 
6.88383090732824 4.8521989102107 7.21388724905834 -0.516595584667394 0.621742701458672 0.244841035579762 0 0 0 82 1 
7.5512558457775 4.6259356500829 5.33703480606943 -0.9926777363175 0.589419378583272 -0.737566456275796 0 0 0 18 1 
4.49017451669888 6.63541948076971 7.40374281622145 0.284310645242697 -0.980654359890041 0.700534688031636 0 0 0 43 0 
5.14633770037889 4.01440123153076 4.70251872744646 0.806619671482698 -0.92651410978132 0.314645532492351 0 0 0 165 0 
5.40595902815512 4.74329803466217 4.98044675990592 0.557994146879303 0.463328290666024 0.925778108557988 0 0 0 22 0 
4.78282521976585 7.40190556435522 4.82004229852193 0.468975031395122 -0.0140134908063967 0.617148899788847 0 0 0 142 0 
4.55664131817919 6.96562692101156 5.42739362477713 -0.134765525974402 0.495089560144509 0.989627660682447 0 0 0 94 0 
5.01614952397999 4.18920210722087 5.81477720571691 -0.497692925145716 0.527028872460124 -0.526460399183299 0 0 0 100 1 
5.00323403192638 4.24396660859216 5.44394176660289 -0.928109424010517 0.39199522979888 -0.579436890485302 0 0 0 101 1 
7.73569859151007 4.28474188329072 6.49615066801643 -0.823471629784276 0.969248840470103 0.428021524002347 0 0 0 59 0 
5.27050527621931 4.66710943815999 6.40246902515144 0.538643610888474 0.738158491165712 -0.728218710692651 0 0 0 2 1 
4.85525854077706 4.21652066466545 5.68502656396523 0.336465505825294 0.245217237809349 -0.687853348004968 0 0 0 27 1 
5.08641136062606 4.21495489767688 7.36236136712953 0.798058765803723 0.387850699668126 0.980337338161362 0 0 0 5 0 
4.81493535389574 5.94055999755637 4.19919231326437 0.902133621985105 0.205794285365195 -0.471543955247947 0 0 0 178 1 
4.2356040240495 7.24296252648571 4.8631156193286 0.533657717721357 -0.322433924787755 -0.519554911524486 0 0 0 185 1 
4.43276871576156 6.60052479008057 6.67227534057051 0.990395530823079 -0.842782172845633 -0.261103522775641 0 0 0 63 1 
4.0680407512015 7.94631933424645 4.14837139415978 -0.918851321256929 -0.507668666536222 0.521195913451397 0 0 0 194 0 
6.76072037677853 4.84885870874534 4.40640180486885 -0.105611374745923 -0.521591613036379 0.700914543552693 0 0 0 208 0 
6.82304387183694 6.45176926734572 4.64085534164016 -0.525279446880438 -0.292604390379183 0.877265048805737 0 0 0 222 0 
6.70439986401977 6.56373200996018 4.34423629587601 0.0291999805742527 -0.133752570005689 0.834890899410859 0 0 0 223 0 
4.7206624785119 6.32436216992643 4.04741161667626 -0.968476788784015 -0.167948261439082 0.935344516668037 0 0 0 237 0 
7.16371155077885 6.0961911608 4.66715652842291 0.523387364396978 -0.200544119885714 0.73816521834613 0 0 0 144 0 
