512
2.36813144218286 1.18876370276312 1.33702612193862 0.0456911285359398 0.246777036987533 0.254580322207296 0 0 0 62 0 
2.59335039313911 0.274213968461892 0.336528401440936 0.162807915428374 -0.222409791133585 -0.113866926239951 0 0 0 161 0 
2.15993834050653 3.43919778833577 1.42116400273021 0.455786228447712 0.575747252017672 -0.267307157751042 0 0 0 239 1 
0.805269308467619 3.11183638684251 2.62565990834567 0.279224700445664 0.716412441412764 0.690824205702404 0 0 0 213 1 
2.58141822652326 0.725231701404711 0.0612258676465536 0.741127275080172 0.43290693165288 -0.0230933753870235 0 0 0 205 0 
0.459365049025908 0.902011948219081 2.79799928477527 -0.265296576367058 0.600105892011531 0.752526278146067 0 0 0 198 1 
2.87228136028796 1.79289590898026 0.077082388912496 0.809067440015156 0.646994521525277 -0.0222588216361844 0 0 0 136 0 
1.48229257683034 3.26219847735102 3.3960001238446 0.73591013562265 -0.0651474485604725 0.626105269676032 0 0 0 180 1 
1.55060238851137 0.566816704841632 1.07059511523159 -0.0499682953415065 0.582464037096928 -0.233126572882548 0 0 0 151 1 
1.38916394186543 1.4729445339387 3.42988207226908 0.888903365361338 0.261733922838879 0.522625372224689 0 0 0 45 1 
1.98260927615844 3.57624855071716 0.89748440691567 0.393821540850444 0.688223607932482 0.705130758258719 0 0 0 250 0 
0.52959030228602 2.5277781011971 1.27158092094454 0.42261001590979 -0.051169573621205 0.777451627418134 0 0 0 112 0 
0.575057259655553 1.6931683393433 1.33902014605929 -0.52236540738655 0.273324649439121 0.886264218213647 0 0 0 78 0 
3.83243286536484 1.2457285036586 0.110623587663493 0.385917519229728 0.933985710718873 -0.44154612696508 0 0 0 52 1 
0.906886461897112 0.462473594552365 2.81853623673985 0.705625603257743 0.840130189186966 0.806238749302097 0 0 0 52 0 
0.59747095243971 1.66475702096901 3.31416039901539 0.847235313286301 -0.412381209422684 0.463903178895547 0 0 0 153 1 
0.183101626861694 2.52274264490765 0.0132729300248128 -0.806152545954648 0.31698645499514 -0.0782487931565888 0 0 0 29 0 
1.83534019000661 0.517312209111293 1.48629450731711 -0.508666305789126 -0.156983567941511 0.525594447753532 0 0 0 125 1 
0.0487110250036398 2.2014910998987 0.11056384847745 0.818353211842297 0.879025847363089 0.663713886761971 0 0 0 53 0 
0.890797823238264 0.251010830985932 1.26963964671771 -0.768905377724302 -0.170999429948109 0.935244191932511 0 0 0 13 0 
3.68318798801547 2.48317215776859 1.53520212775389 0.430694104632393 -0.369306728538495 0.265010638302836 0 0 0 249 0 
2.5789389645854 2.5087428766089 0.791663841368247 0.214680998136074 0.158354888242573 -0.668859797822724 0 0 0 34 0 
1.92525423817436 0.0628741610506314 3.59743590754152 0.443434433588124 0.608572324265823 -0.100134952234657 0 0 0 211 1 
2.04590467527309 0.398235318764124 2.42724487102837 -0.497583964459311 0.889380806250743 0.364591835317283 0 0 0 65 1 
2.59398509547612 1.9378037572331 1.29706306857114 -0.152948152869678 -0.555905065408784 0.726161214135323 0 0 0 126 0 
0.745365058043769 2.08316850737394 3.37361338555497 -0.881822891681907 -0.548254289085582 0.0986112308186828 0 0 0 30 0 
2.21188658990223 0.0999749188383545 2.31956989540908 0.195362452100117 -0.23158026742956 -0.430548952873206 0 0 0 146 1 
1.63483402290413 1.42829063036285 1.02942115933403 -0.0455350514260984 -0.319563651033534 -0.866872570561367 0 0 0 159 0 
3.50926956396175 3.33439590697493 1.89719145098502 0.263645766524303 -0.21924232068553 -0.663305713106052 0 0 0 158 0 
0.519690509271682 2.94051658279552 0.831964072691001 -0.525279446880438 -0.292604390379183 -0.877265048805737 0 0 0 222 0 
2.06772351271379 0.1859014797986 2.09427001971767 -0.86485665722559 0.351889551568347 0.452330001037772 0 0 0 171 1 
2.29051392327306 0.516370902221704 2.17450707837417 -0.853130846143523 0.842966889590616 0.035500372546009 0 0 0 19 0 
2.07568753347981 2.4561645098935 1.96169533797833 0.819773028077885 -0.581254499479289 0.182194491472544 0 0 0 27 0 
3.89635420772597 3.43149278783451 3.2821881987274 0.494544958301367 -0.0562372216929206 -0.327253252698558 0 0 0 226 1 
3.1946635844151 1.09799352469515 2.6118887639879 -0.1213334955571 -0.0211582355423606 -0.625690065053268 0 0 0 86 0 
2.7343902016393 0.405867649485435 1.18603090383734 -0.671874199913721 -0.110217492132346 0.246633205465123 0 0 0 57 0 
3.35426989792133 3.57378796018376 2.31880357714171 0.202856310416912 -0.311905896832434 -0.00953665383464652 0 0 0 169 0 
2.93945500648637 3.09329835725434 1.3029255529665 -0.134765525974402 -0.495089560144509 0.989627660682447 0 0 0 94 0 
2.55564007645742 3.68966172217144 2.47486085142354 -0.523387364396978 -0.200544119885714 -0.73816521834613 0 0 0 144 0 
1.95577503324996 2.96956140631777 3.28137162561147 0.49767237017105 0.498397968753567 -0.48519096707308 0 0 0 252 0 
0.224815304163055 3.21087838002862 3.24316943789918 -0.751325510307208 0.51109886210677 -0.539833187478991 0 0 0 170 0 
1.236763665455 0.168435666177544 2.89926074359661 0.933513877129211 0.614128192956713 -0.97898627665281 0 0 0 145 1 
0.317515085638507 3.51286128406703 3.53903306726281 0.990395530823079 0.842782172845633 -0.261103522775641 0 0 0 63 1 
2.53968341801214 0.3162542292855 3.1786493963913 0.633667548316428 -0.746512935300763 -0.595860558084669 0 0 0 87 0 
3.97830932939185 1.51826576008434 1.81451823099276 -0.395878456347798 -0.156933381048193 0.490237801631198 0 0 0 241 1 
3.97389736802368 3.90820841006009 3.03485994298951 -0.0276896122092806 0.60043202158211 -0.603428424053184 0 0 0 221 0 
3.51129719531042 3.63334453880723 1.07207416088702 -0.0520369897205044 -0.624560813746988 0.18800390320458 0 0 0 97 0 
2.57483108974733 3.61336801149754 1.23575851275989 -0.0486931005396138 -0.415085894131709 0.670303079618942 0 0 0 132 1 
3.47335631547333 3.15071515987879 1.9274146560861 -0.106665457080351 -0.860488675795854 -0.293293965469153 0 0 0 126 1 
3.27672865126731 3.81621278728828 1.00934028823292 -0.643330070985931 -0.825462484879564 -0.552139984829846 0 0 0 13 1 
2.07983754998805 2.36049456537883 3.99773621785881 -0.337903286842734 0.413710240283097 -0.605382304323221 0 0 0 200 0 
1.48952809742384 1.21307447216588 3.80507461976056 -0.684761679082956 0.300688130113994 -0.826048704223128 0 0 0 178 0 
2.06314534764802 1.77830505390297 3.99495677187683 -0.0229923501237885 -0.564299734005107 -0.500265433059114 0 0 0 47 0 
4.78808935615969 0.373075537159977 2.39352940785997 -0.247995297044227 0.0985829230084199 0.257554179361051 0 0 0 103 0 
4.12296849406371 0.08220477134689 1.67416728131151 -0.0724753424176992 -0.0746208015080584 0.272324593753237 0 0 0 118 0 
4.12089572420006 0.602467131647336 3.50049758487495 -0.33574233030526 0.110656164823544 0.421078820256576 0 0 0 70 1 
6.82071867420478 1.03864502607692 2.4361269209667 -0.0357516487260645 -0.129544998627531 0.417690890577195 0 0 0 96 1 
5.60855039103567 0.68027271729938 0.41454851124177 -0.467971032050754 0.167382774594704 -0.215023762566223 0 0 0 10 1 
4.56058345938254 3.23600017783869 3.17924017764199 -0.575758765295656 0.0913684304125628 0.404170535665368 0 0 0 5 1 
5.13461492582374 0.997419158084377 0.401549520812676 -0.229757109167171 -0.0790832022060853 0.415871027411194 0 0 0 123 1 
4.83147253750712 1.88507031406867 2.14470651710095 -0.877290919078573 0.336056332319404 0.191826658794787 0 0 0 210 0 
6.71266420710692 3.33056712133061 2.77923810633324 -0.620386094362794 0.412135111648979 0.541012531912276 0 0 0 179 1 
5.0592179083554 3.86359139239606 3.31617441700397 -0.0758306364023476 0.91387323117874 -0.00967503068400177 0 0 0 123 0 
5.69955799470788 3.93452622347071 3.44747460347514 -0.305286421331164 0.970238222287932 0.470919715972376 0 0 0 85 1 
5.24718192533815 0.963040858530322 0.0224448132053905 -0.22383253024536 0.0770021504489643 -0.446187115094453 0 0 0 115 1 
5.5974236311788 2.48582779249159 0.786214664058866 -0.836977703622169 0.525569883815347 -0.405988701891638 0 0 0 254 1 
7.31813534634023 2.7509850765426 2.26893288895468 0.0956913340179071 0.0658413198180312 0.829943836260773 0 0 0 102 0 
7.02783339893429 1.46120298995416 3.36148006557999 0.29093859994391 0.68216857841864 0.992709477135789 0 0 0 130 0 
7.7490907143034 0.701992571311109 2.51659164811806 -0.671100488720873 -0.357789864667836 0.685083770953582 0 0 0 221 1 
7.17657155949883 3.1545862928212 1.97384468162125 -0.543338338973746 -0.123442826693621 0.393360246401119 0 0 0 150 1 
4.4860873984277 0.252619105025518 0.839207002717536 -0.105995400082753 0.355401005527659 -0.455831210383288 0 0 0 235 1 
5.79475514474133 3.80741716656325 0.832959230611253 -0.668697097645193 0.595127219292803 -0.456160040494145 0 0 0 175 1 
7.72487176157591 1.24954963430992 2.40369547186562 -0.830269907285479 0.82892366496368 0.363352393256085 0 0 0 72 1 
4.48429127090786 0.354112437396009 0.994127399229993 -0.421879406794323 -0.691888819084421 0.499690915748947 0 0 0 60 1 
6.11021667213653 0.258712578070971 1.59402888380924 0.0321166669545541 0.145195398845841 0.95231730967417 0 0 0 74 0 
7.1294308749957 1.51728409423918 3.22912228992254 0.769970046052405 -0.525406100303201 0.880480120522239 0 0 0 228 0 
4.79531042405614 0.799105258051848 1.65635747410552 0.173437390739797 0.489426592529045 -0.570718027678657 0 0 0 190 0 
7.42197272779656 0.15749305471382 0.849570391675762 -0.10936985643176 0.0346048976165169 -0.718443663596013 0 0 0 83 0 
5.05427852312678 1.54161640525039 0.909029482297226 -0.181353761940696 0.0548219160658101 -0.71531423777383 0 0 0 84 0 
4.09588240834348 0.681421787342212 0.480462745281945 0.0313622320180778 -0.148346221718831 0.788445407646418 0 0 0 32 0 
5.9725364385974 1.37677038119068 3.09775829799396 -0.922498082179084 -0.743327874674175 0.82093464726284 0 0 0 116 0 
5.5666391666199 1.72784475897225 0.36955765540721 -0.891229517546321 -0.619587117948829 -0.796339070768041 0 0 0 75 0 
5.99781431314944 0.399696666450393 2.05619531301305 0.394621805955234 -0.531594912292084 -0.54967393089405 0 0 0 182 0 
5.38803873278942 2.86281351100455 2.77492267759049 0.573054670146812 0.755937553210766 -0.143425122232079 0 0 0 210 1 
6.33178437419872 1.97273314237213 1.35107349580275 0.885883388115722 0.972249112756428 -0.165732973905118 0 0 0 66 1 
4.265771393119 2.47498866785147 2.33615550316037 -0.538643610888474 -0.738158491165712 0.728218710692651 0 0 0 2 1 
5.77571045834056 3.39027000858594 2.02706919895907 0.646090024123187 0.836330000451892 -0.919627936896891 0 0 0 127 0 
5.84226318043515 2.85451882349496 2.35985038340838 0.228540167391324 0.966027306499735 -0.691586821925875 0 0 0 2 0 
4.71927675879694 1.02850456692933 3.51714848883423 0.695751408357734 -0.130078707003719 0.369323604675486 0 0 0 128 0 
4.87006964878715 1.08861206291416 2.54599386448211 0.703687876251955 0.399400634890219 0.476104940235901 0 0 0 236 1 
4.75880271361332 0.191841823752216 2.88740912533679 0.592568563874385 0.825886411776433 0.862495217122989 0 0 0 99 0 
4.99865841742138 1.09024952965813 0.201798490286537 0.763087285127441 0.241592080508323 0.931673604751923 0 0 0 95 0 
4.3286282506599 1.64347285373833 0.96152443205315 0.201506750034732 -0.624027744540088 -0.765182924628781 0 0 0 9 0 
5.18995623835927 2.12258217363982 2.38429135320445 0.615260854650488 -0.335653569808431 -0.742932034041871 0 0 0 207 0 
5.27112918829563 1.7603952765062 2.21378595587808 0.672164694120822 -0.670505511762832 -0.646642844427469 0 0 0 88 0 
7.15896421290164 3.31067249829546 1.86279503462066 -0.0705808308999134 -0.431017236931818 0.282252370243192 0 0 0 244 0 
5.36050336329422 3.37375542903264 1.37154331896524 -0.533657717721357 -0.322433924787755 0.519554911524486 0 0 0 185 1 
4.82603454010744 2.7225018325679 3.48021663630247 -0.824945550520661 -0.725131482496426 0.156853507173814 0 0 0 65 0 
4.93013248436557 2.84802393772561 0.545639711784565 -0.50367723766497 -0.981682950646021 -0.681808436221865 0 0 0 166 0 
6.77169373404818 3.00118433772291 3.22508867616778 0.856404933370957 -0.499937666435636 -0.38289006967538 0 0 0 95 1 
5.49338387982745 1.41024064769121 3.18262367249883 -0.105611374745923 0.521591613036379 -0.700914543552693 0 0 0 208 0 
6.36305170683147 3.80653194311757 2.43201707005896 0.466476405622709 0.279291154900925 -0.793051733154791 0 0 0 23 0 
4.79122225658027 2.4397072671283 3.26566542060354 0.910064329293698 0.0494582772172791 0.0402981800317657 0 0 0 40 0 
4.13807952919233 1.73472282724909 1.43973561311909 0.980951554168017 0.32814330669732 0.154722927006268 0 0 0 146 0 
4.14491312414539 2.21019013212449 3.35614124059444 0.244469111797126 0.932115270111815 0.360849538978654 0 0 0 49 0 
4.37688187609051 0.15247509764565 2.50796082054662 0.467204309267922 -0.544606573808124 -0.368002062076493 0 0 0 229 1 
4.63464390876671 3.48851563335175 1.72524114357593 0.638665468882458 -0.421657071928856 0.959223218082944 0 0 0 196 0 
6.51612049665915 3.73378287555412 0.902017237483786 0.369269499824166 -0.67190616444452 0.915895644078094 0 0 0 1 0 
4.93351230617132 3.7650587604938 3.22678066335675 0.285974331903754 -0.354470591552958 0.932988455966145 0 0 0 149 0 
7.30436900723523 3.03701662482768 1.62449224475541 0.358124684591328 -0.971735967114333 -0.940816197644452 0 0 0 181 0 
6.56241945893629 3.10420428879159 3.37259425219393 -0.470398975845458 0.505484436252189 -0.848810828831899 0 0 0 185 0 
6.01044363866089 1.40998158553859 3.94607199668784 -0.0783977032283739 0.416314820291505 -0.871259368595377 0 0 0 204 1 
7.21646419115845 1.91681728251699 3.72192461348785 -0.69913346362324 -0.0306938272359479 -0.462003967711166 0 0 0 121 0 
7.30253761477259 2.15693142220442 3.52314590470008 -0.799866441327758 0.66615428537918 -0.840887057647364 0 0 0 247 0 
7.05567244925131 1.73523462135853 3.2263464693527 0.766088023644806 -0.829724493612709 -0.856508080560384 0 0 0 120 0 
0.613610553570981 4.56145856999486 0.542397789031506 0.374400555451104 -0.10202849631606 -0.103031695314131 0 0 0 235 0 
2.96676068736287 4.30232068918147 1.95982024696209 0.287724246703309 -0.694614700569396 0.234727381419058 0 0 0 39 0 
2.68699349848715 5.92257462202277 0.0267986154357724 0.0624733420256394 -0.0303908093672229 -0.340694809713907 0 0 0 170 1 
1.38014587337676 4.8774280674761 1.75372765668319 0.151586624914566 -0.664345891185468 -0.0919090707008845 0 0 0 54 0 
1.85019415448636 5.79132630506042 3.65461755394154 -0.192095044500718 0.173227700266338 0.587085134417976 0 0 0 122 1 
3.74260208580107 4.44015732308564 0.76258339450943 0.644347478200056 -0.476833825100756 -0.301969295025819 0 0 0 108 1 
2.03684972621666 7.23407365965681 2.69334305392513 -0.182271067041229 0.354424929455622 0.483860160732901 0 0 0 98 1 
3.92575202600552 5.77772645458826 2.87654947064268 0.180302738210817 -0.669593344495355 0.704028919507509 0 0 0 25 1 
3.09263363836324 7.65704080233277 0.429836384244505 0.136454402019118 0.271423200122777 -0.372113874513447 0 0 0 57 1 
1.97431456909336 5.12750684249158 3.42481823031329 -0.18556239110035 -0.440657534605706 0.785516748963857 0 0 0 74 1 
2.42878041811032 4.09762815072552 3.83264257184737 0.575198969374227 -0.96854588680392 0.912244345886703 0 0 0 236 0 
0.971175860823541 7.65250253622486 3.94788959094001 0.235325045306502 -0.360394603356587 0.970941557417895 0 0 0 24 0 
0.956165577768594 5.48645142325764 0.50274758448268 0.497692925145716 -0.527028872460124 0.526460399183299 0 0 0 100 1 
1.0558877774355 7.52110746985718 2.98408453658383 -0.128637485398131 -0.630468027902254 0.44653076508336 0 0 0 32 1 
0.70955503938735 7.03614509333666 3.39119332109938 -0.304760261084876 -0.655992363508597 0.67848385900523 0 0 0 111 1 
0.465988017799292 4.16380184752649 3.2495018339219 0.5771572640947 -0.438747271182816 0.0394474649432583 0 0 0 110 0 
2.12208273701149 6.57285211393136 1.98774089136694 0.769583301947973 -0.469849888740455 -0.237487321507003 0 0 0 36 1 
3.67210531182188 6.69409469923846 2.49883089904627 0.588005542727468 -0.726626594776923 -0.210587847418617 0 0 0 228 1 
0.539258714610759 6.47168613044166 1.30915904074385 0.26522414287425 -0.106753361555703 -0.37846531364506 0 0 0 253 1 
2.95343061798957 6.71680543872256 1.70473252466582 0.708075295683661 -0.514904976909339 0.747617501298201 0 0 0 114 0 
2.5492391472472 6.43885012307539 0.445598520171079 0.265749428802484 0.365202638056599 -0.476547446306785 0 0 0 35 1 
2.08477561684072 5.91002370294149 0.903791610917713 -0.285011809639962 -0.925788226160974 0.337041663732511 0 0 0 224 1 
0.849970784584978 5.52036498336562 2.14233405040939 -0.507896274495528 -0.262086053507073 0.875912318442599 0 0 0 214 0 
3.23048228484493 5.84582924973378 2.12764020883169 -0.119448300797635 0.176096276301778 0.875138958359563 0 0 0 90 0 
2.17382605892088 6.54113589315716 0.908677794530959 0.245990845206362 -0.155729689833834 0.705719883922682 0 0 0 187 0 
3.39565059825162 5.92918744540194 1.50068951788433 0.783981610434296 -0.60899013445253 0.789509974625491 0 0 0 101 0 
1.6426291096895 4.88032205591818 1.86612798510373 0.323296268931026 -0.87471989179378 0.861375157110723 0 0 0 213 0 
3.8983207672491 5.12137976207101 0.833399321169335 0.0209642509078471 -0.862032644101526 0.754389437956281 0 0 0 168 0 
3.13030019321691 7.34488848226756 2.29075005915006 0.454226325958785 0.570783604329872 0.620565792586845 0 0 0 110 1 
1.14941348281732 5.95918686271094 3.49797374708756 0.981548078043017 -0.081095428278371 0.315682828794082 0 0 0 174 0 
2.68484979194537 6.16915297517933 0.0443829234995494 -0.253428958318665 -0.964781422358983 0.344441206499976 0 0 0 240 1 
2.12169830902559 5.7753388844336 0.333119207269138 -0.177805352156547 -0.827613742924547 0.728058905645744 0 0 0 230 0 
2.37678457871079 6.95836659895448 3.49954488764495 0.625093925195304 0.65570350520813 0.105239204612892 0 0 0 215 0 
1.11977681162004 7.42914852778278 3.00115230073425 0.874725095348423 0.838376238304357 -0.0262551420666183 0 0 0 189 0 
0.0490555652413185 5.5621693217335 1.46484362258127 0.871002924486385 -0.523043719908763 0.366570716977962 0 0 0 17 1 
0.359461182283001 7.58990857806129 1.459335149711 -0.902133621985105 -0.205794285365195 0.471543955247947 0 0 0 178 1 
0.0954595236114946 5.87600301296435 1.11440893057423 0.820813659137447 -0.92757878879135 -0.0202942668118828 0 0 0 157 0 
0.042695851095178 7.76979566750023 0.363616726705031 0.0285629395313252 -0.985800228026304 0.887558775089738 0 0 0 133 0 
2.99735585619661 6.25249197462552 3.32542870141364 0.868281887168243 0.618552209190817 0.0960751948112444 0 0 0 151 0 
1.33688344972925 7.1308367063056 3.12640942506587 -0.798058765803723 -0.387850699668126 0.980337338161362 0 0 0 5 0 
1.54319544231187 5.93000066265131 2.98445151512674 0.949641865384835 0.706842140139543 0.288655342901407 0 0 0 173 0 
0.963875434317669 5.75785353817497 0.590032524433943 -0.81769076661486 0.645150186219735 -0.574208814503476 0 0 0 137 1 
1.53067904415667 7.20010912028489 1.4462453715211 -0.998385313465438 -0.331573204195532 0.628749756395848 0 0 0 89 1 
1.44471872844446 5.58051131934783 1.24578099498922 -0.897646382713449 0.109500595755149 -0.487064158158462 0 0 0 31 1 
1.76988665213902 4.5027675578652 1.63483597252921 -0.933163860413736 -0.841959602217621 -0.677113896182673 0 0 0 148 0 
0.950535219146908 4.28653828847517 1.39622339394401 -0.344708672676478 -0.0638664058697281 -0.952830347687157 0 0 0 248 0 
0.369629398789244 6.07180039563208 2.05743066295108 -0.480545821116356 -0.812010505493049 -0.760135228265733 0 0 0 199 0 
2.89107652391345 4.32612955265943 2.41497223550232 0.862688238100708 0.306638397508391 0.363945907131701 0 0 0 7 1 
1.92143122340328 4.7068610801879 1.79605515692179 0.759022695968594 0.5898347936941 0.541897639837989 0 0 0 188 1 
2.12271384342951 4.99069037776503 1.50482609370325 0.874879675969974 0.920562651461317 -0.0523775740156186 0 0 0 46 0 
2.31853839296097 5.26697332401716 0.186333338462134 -0.114813768791528 0.777209122316692 -0.911245613765151 0 0 0 217 0 
3.58172900779983 5.27000378629398 1.24331147454424 -0.364119525905272 0.19842125191021 -0.381930975023987 0 0 0 118 1 
0.0373542733787872 5.09588679405026 3.53136599089031 0.39670285649362 0.926099304950014 -0.314138632058404 0 0 0 112 1 
0.067111894791986 5.23107153593428 2.62297374735811 -0.128046742379369 -0.119417287582407 -0.888264539612731 0 0 0 191 0 
3.68320404043923 7.21413052008469 2.48307293447031 0.535958107391539 0.511270027372878 -0.790364582396299 0 0 0 91 0 
1.4225262547194 6.00653181894728 3.44195269736906 0.101185592353653 0.816133253628804 -0.318844594875313 0 0 0 169 1 
2.92630074451153 7.99505073471 2.49344099596488 -0.872299960815183 -0.289734171857368 -0.789818894949217 0 0 0 28 0 
3.3110896423673 5.56696846922327 3.41774058813954 -0.3783637030333 -0.943843764777723 -0.530645232203182 0 0 0 238 0 
1.18715289890756 4.18073558437648 2.10571881409725 -0.0164656368996022 0.667407136019815 0.663458884952487 0 0 0 158 1 
1.66186633235557 4.00054346956401 0.395871933796394 -0.517796508823392 0.184239129977053 0.362940628094547 0 0 0 97 1 
1.2533754944437 4.54503065336856 2.13183085861901 -0.644559184502963 0.897106876493082 0.612201624137843 0 0 0 47 1 
3.33634962787615 7.89525400526701 2.74237302757258 -0.850718440638097 0.705013368698264 0.64433542250382 0 0 0 168 1 
3.89811120929324 5.69676247734554 0.0897840626017812 -0.557994146879303 -0.463328290666024 0.925778108557988 0 0 0 22 0 
3.85491820401125 6.67298326060052 2.47625731672519 -0.77079377873625 0.851209645294764 0.998750385090799 0 0 0 139 0 
1.60068478540406 4.32797909809415 3.21757288858368 0.215825515021266 0.46463047884706 -0.909601426916648 0 0 0 131 1 
3.7886982210813 7.00591673595898 3.88796208469528 0.278352537951647 -0.65758332968637 -0.348001995542353 0 0 0 30 1 
2.57369970340357 4.928516758947 3.54756035078228 0.161773668600188 -0.97744648637121 -0.681707349958827 0 0 0 141 0 
1.10210279352796 4.00252501086429 3.98070583788909 0.873794883869893 -0.710393420480827 -0.29048916642689 0 0 0 37 1 
2.80636712647846 6.8681928434387 3.77855981702717 -0.247033309132712 0.177273307549405 -0.406391588577518 0 0 0 80 1 
0.647975737601021 5.41952792521503 3.67167041189674 -0.465896013810472 0.995764627642896 -0.990964715163329 0 0 0 107 1 
7.53382577780026 4.03121853795935 1.60508504409345 0.264938198831593 -0.340462182212666 0.0581623707417604 0 0 0 135 0 
5.63219295894093 4.42916710629009 3.3191967146044 0.0595891031021543 -0.266885941774206 0.56943140603181 0 0 0 249 1 
5.80868692838713 6.07506666236291 3.42662971660328 -0.562700687979625 -0.338154386191426 0.364559458768594 0 0 0 61 0 
7.10715538931941 7.15912751837764 2.56921361209439 -0.336465505825294 0.245217237809349 0.687853348004968 0 0 0 27 1 
6.96340251886554 5.69008675992081 3.71332062532583 -0.449294604270235 0.220530882101095 0.95859582238557 0 0 0 21 0 
5.61736648905712 4.3076399266256 0.125834050633531 -0.888559658470678 -0.483808424914442 -0.230219260492972 0 0 0 75 1 
6.47038868988228 7.35394938903814 0.566721622490118 -0.369979542637774 0.360734178370429 0.635090611710006 0 0 0 3 1 
4.7382484649539 4.03103680208135 0.41093938843236 0.117802550787048 -0.972050694627297 0.258470494128019 0 0 0 139 1 
6.48106429762691 6.84550106685348 2.15302697263376 0.104266541980363 0.0708158456238677 0.929106682770198 0 0 0 197 0 
5.0350785701508 7.45004740936289 1.35440262046195 -0.182364285781536 0.681581442598047 0.834442243182208 0 0 0 216 0 
6.9020556131375 6.32303377102088 1.0349449546449 -0.978839178255921 -0.0619455909989007 0.238681313402363 0 0 0 255 0 
5.10429966075385 6.69543025778805 0.0160975550250827 0.18969998214494 -0.305503670642734 0.342952502896057 0 0 0 46 1 
7.7439660905971 6.44786780399726 2.84119771245392 -0.829264942600152 -0.423796431368565 0.649536721708101 0 0 0 104 1 
6.63189283173301 5.411981070664 0.889873968601994 -0.940426693066684 -0.899369417333474 0.494203893084315 0 0 0 252 1 
6.82160468148666 6.53992477881201 1.81895524216687 -0.930441858869123 -0.261056590588842 -0.351633934622796 0 0 0 244 1 
6.43193947276557 7.85932527559377 0.580711000044528 -0.372003185643917 -0.402140774968749 0.898984789476028 0 0 0 3 0 
4.69693867324137 7.79993034122363 0.55276080059751 -0.673845332987296 -0.457898403093493 0.792250568452501 0 0 0 18 0 
6.77782658715364 7.07368318152788 1.4629547259745 -0.459061758570861 0.714404377975151 0.0506818276828687 0 0 0 137 0 
6.30228562484519 6.87824335068497 3.60415799825758 -0.0104060197449899 0.598854913193946 0.847587263066189 0 0 0 243 0 
6.3333351556739 5.79859872017564 3.66066590249307 0.517543955561784 -0.615863225253914 0.376877152762793 0 0 0 56 0 
7.96959824062961 7.76503616462812 2.22656885915753 0.919452538980506 -0.459734938703783 0.617187834692501 0 0 0 99 1 
7.66376926552484 4.88548857345476 1.12708069198914 0.850724698185518 0.12555203018183 -0.0722589109479397 0 0 0 108 0 
7.94894175420325 6.8486967088567 3.56490445818072 -0.976371486620882 -0.66585806795491 -0.0492155548325938 0 0 0 78 1 
7.34775366987386 7.48900100790035 0.1111838487089 -0.955381385796113 -0.737420999584192 -0.388885060594268 0 0 0 247 1 
7.97135649751015 6.41110075494793 0.282074627028846 -0.922560184341571 -0.530994697108004 -0.643048703840587 0 0 0 115 0 
6.22995733565564 5.45763467620207 2.26552662888959 -0.856318034965493 0.313559719800109 -0.4333933353216 0 0 0 83 1 
7.81723436843071 7.29537845910282 0.294099508738414 0.806170229917406 -0.642348502152483 -0.852942131119031 0 0 0 80 0 
4.02905766815449 5.53666657056965 1.04273434326709 -0.86689170167608 -0.892807022601597 -0.655645560880679 0 0 0 233 0 
7.4571649238553 6.07416809440105 1.1367832839387 -0.844359740849721 0.0302193733895288 -0.650695616634805 0 0 0 232 0 
5.41458442431423 7.04791861726091 0.0606417647857065 0.258662338121801 -0.708004283302057 0.818981145515037 0 0 0 129 0 
6.39934180921958 7.1371343335553 3.10532407217117 0.152596937327346 0.87563864913449 0.0844907406405877 0 0 0 156 0 
4.83329789801687 7.03671517982124 1.21978466159742 -0.0350895843149014 0.975616588411645 -0.33053764938961 0 0 0 242 1 
4.90457900874839 7.42611932333974 3.21681655845684 -0.452390578486927 0.943479964386302 -0.172799128502271 0 0 0 167 1 
5.23944159795514 6.00678018727539 2.22410633263168 0.354707452523955 -0.447011569090769 0.82758454382272 0 0 0 38 0 
6.79062286638433 7.05206293846555 2.85948334275676 0.804769624546544 -0.918312476922866 0.91365701803983 0 0 0 224 0 
6.22124633870906 7.16272259357981 1.8123472010809 0.669539280984688 0.298038031241042 -0.457244884153636 0 0 0 87 1 
5.58000381732818 5.68851475248326 1.06423381880493 -0.0484208517195701 -0.358499223553513 -0.917671904273425 0 0 0 111 0 
5.05430331255053 4.37731266701777 2.65873531123418 -0.812931404602604 -0.269615122788538 -0.41269814151399 0 0 0 217 1 
4.45568496873307 4.51321810595047 0.454641665235332 -0.318121843750891 -0.946672731265765 -0.897124122882351 0 0 0 218 0 
5.79277693533591 7.82474026743824 3.2579551731193 0.436461943965048 -0.509224196450619 -0.223265517204247 0 0 0 55 1 
5.23296080560546 5.77827052429014 3.99675536512406 0.564892673979235 0.804119501278428 0.0787765981644244 0 0 0 234 0 
6.09868002749861 5.72073569842284 3.19347247708867 0.768351580394664 0.80109135254857 0.983866972478351 0 0 0 204 0 
6.70603709599226 5.57743898233856 1.84927705990961 -0.831261205474091 0.635654683280977 0.860488266311032 0 0 0 219 0 
6.41202403098805 6.09100635247748 3.71283997507002 -0.530946103632208 0.767947702761972 -0.0940610539436829 0 0 0 157 1 
4.54278214386144 5.8842654222552 0.892537966668562 0.265409586519023 -0.663986030407621 -0.0319716859648126 0 0 0 25 0 
6.13407905619982 7.05209063382128 1.50930091922074 0.928109424010517 -0.39199522979888 0.579436890485302 0 0 0 101 1 
6.75050796152987 4.99076712506825 1.65192304762836 0.960553050606835 -0.0268017302595656 0.744838055138335 0 0 0 245 0 
4.98252069994286 4.81721748915975 0.101184318405259 0.393816878944361 0.121958815218934 0.0316412799160662 0 0 0 11 0 
4.97126143694346 6.07530840847021 0.126890480386923 0.340592707207551 -0.232878504817357 -0.861742606295425 0 0 0 134 0 
6.90105898689629 4.30898303265744 0.728454183307292 0.968476788784015 -0.167948261439082 -0.935344516668037 0 0 0 237 0 
7.05479963091081 4.95870116989191 1.63707291119368 0.0291999805742527 -0.133752570005689 -0.834890899410859 0 0 0 223 0 
7.00222253253464 6.63642707790425 1.73463756976257 0.394853817501823 -0.677030153794513 -0.882387496328286 0 0 0 45 0 
7.3742838671336 6.47112150563087 2.4670188310915 -0.690827164887705 0.0511116581910986 -0.580683219416236 0 0 0 229 0 
6.87946254154819 6.25611323955458 2.95578112812155 -0.927396708339569 -0.644415092655022 -0.449695730098866 0 0 0 76 1 
4.27337830487123 5.31768826946483 2.87106645659341 0.145967279203749 0.727246751024465 -0.4541543970214 0 0 0 142 1 
6.38431949345183 5.10000429141603 0.097081523534245 -0.269246342449904 0.557894962706107 -0.442258867182408 0 0 0 245 1 
6.74439047455438 4.92216608356791 0.913285512519553 0.0128626565554935 0.653798214924627 0.600699237501029 0 0 0 223 1 
7.90190225961125 5.13243283791079 0.18984092739891 0.284310645242697 0.980654359890041 -0.700534688031636 0 0 0 43 0 
5.85887845816928 4.82274315343027 0.486550499309115 -0.191637975885827 0.438039113338435 -0.790181552667941 0 0 0 79 0 
5.13521462877568 5.51957225253572 1.08185139646106 -0.966567651117069 0.895766960659775 -0.706218347554681 0 0 0 212 0 
5.31150154153178 7.339574933858 1.22028151582988 0.990079028501673 0.0441881544135785 0.143172711359467 0 0 0 155 0 
5.31642995036823 6.4348911803718 1.68076367984757 0.832443681598328 0.0492047989669362 0.746355983149872 0 0 0 246 0 
5.05994434198014 7.95811833999651 0.155554955817608 0.871576017998955 0.918848333684027 -0.0181286865359154 0 0 0 201 0 
4.84073923386788 5.55066409123768 2.74499844943587 0.702144170203572 0.371087583749352 0.854999918391361 0 0 0 104 0 
5.49155725496217 4.01743586452139 0.415149120066213 0.789029329208535 -0.130661270288348 -0.793939519996515 0 0 0 203 0 
5.73691091660319 6.22575580251468 2.69108339192606 0.275626890347536 0.301355568553404 -0.937311400424944 0 0 0 1 1 
4.36499953020476 7.13645376662871 2.79329662910617 -0.112368445778697 0.9808659877173 -0.616142282678623 0 0 0 211 0 
6.89674849790097 5.53515322760416 2.84490768075281 0.968249920942156 -0.366570882757676 -0.876583806276168 0 0 0 125 0 
6.94646242911743 4.25125201887649 2.35793256079396 -0.187028293204346 0.565855369414552 -0.11274039153716 0 0 0 202 1 
7.72197405681674 4.64853203390937 2.30377011108325 0.327472318779829 0.955185896521546 0.673882637425435 0 0 0 26 1 
7.48832988734156 4.57401957715542 0.433335613402097 0.525701573017977 0.688106293534495 -0.687719178241995 0 0 0 175 0 
7.17519096365852 4.3567018710815 1.18386818543214 -0.438147844017973 0.360879045846395 -0.911375358661466 0 0 0 41 0 
4.3608769900325 4.30103180691782 3.51376266924012 0.9926777363175 -0.589419378583272 0.737566456275796 0 0 0 18 1 
4.0467717214328 6.35509343293504 1.8599057710194 0.502461669549095 -0.165521398266577 -0.244215485735821 0 0 0 234 1 
4.39916344120821 5.64117872978818 0.419318308486093 0.994692812695169 -0.676780066853254 -0.898983246921784 0 0 0 26 0 
4.29834867091533 4.26699784086856 3.30504696170598 0.410439403732386 0.0929998863615029 0.200265629563472 0 0 0 12 0 
5.58947440349269 7.23374367467846 3.7741709040119 -0.468975031395122 -0.0140134908063967 -0.617148899788847 0 0 0 142 0 
4.67897643190318 6.75176523019119 3.45183211095719 0.00941981220543053 -0.407801829989938 -0.739377257318043 0 0 0 85 0 
5.93334323507997 7.29790635853542 3.86981133241968 -0.977192461311581 -0.379057560077083 -0.664746771977911 0 0 0 72 0 
6.30057302449774 6.1582767249647 3.82599282055786 0.357924896026197 0.0872777223665637 -0.719684588391692 0 0 0 145 0 
7.45829363681233 7.99539449037947 3.2487536426859 -0.739037177009877 -0.552873974190554 -0.960591913542848 0 0 0 90 1 
6.97628362731478 6.71477955716278 3.58618488571942 0.0776991382797252 -0.988695812780906 -0.62704290075161 0 0 0 202 0 
1.85942638891451 1.51049746307758 5.45311994362426 0.229443494153395 0.0531840770040832 -0.00246737138819697 0 0 0 19 1 
1.16621571772986 3.91410617503773 7.64981293427933 -0.175462330645797 0.179689798686196 -0.360536161353719 0 0 0 81 0 
2.27493528568105 1.1934175767161 4.55902163024887 0.0407860676674237 -0.279293811751784 -0.207419914197428 0 0 0 186 1 
3.65132856090776 1.92615922537087 6.09585390559799 0.850069924258303 0.443482064493203 -0.494955057600106 0 0 0 140 0 
2.50274236947226 1.57585864492981 7.91074530808325 0.0527759141827502 0.161887297101569 -0.452066036416671 0 0 0 6 0 
3.01524327201877 2.44893084704868 7.23366099282894 0.23764438273783 0.681522676160456 -0.540333631956372 0 0 0 150 0 
2.73140662540125 0.0763474508973174 5.99573644054469 0.906916138179013 -0.232823818373825 -0.184434924181858 0 0 0 162 1 
0.109088545135107 1.20430030004371 4.90662507912145 -0.178469023940257 0.721278963160195 0.0214013199537599 0 0 0 16 1 
2.32996478421632 3.08065081376929 4.72433152921718 0.885787620221911 0.0831921480931206 -0.935561498462253 0 0 0 38 1 
0.878827321818444 2.77068012623303 5.29996591200447 0.809411964306234 -0.0383852565140511 -0.168422846736607 0 0 0 62 1 
0.556305704832567 1.727341254742 5.55306015579964 0.687173984464872 -0.251192565539895 0.0554242187262972 0 0 0 140 1 
0.595185009616353 1.56475174411638 7.86936788240368 0.63658868471665 -0.365013066099138 0.229966730652825 0 0 0 253 0 
0.695893594992697 1.96493310807573 4.17392829428481 -0.463374021316174 0.866575426740828 -0.964530089774484 0 0 0 103 1 
2.4458486261495 3.82010211648239 6.68090078072858 0.260307822428921 0.543163269288547 -0.779952590487969 0 0 0 155 1 
1.34131920595117 1.05074120754529 7.40656769671226 0.991648379260588 0.397407431976068 0.20560882614275 0 0 0 186 0 
1.36089062833627 2.02450565634188 6.76606157871228 0.940046875175593 0.185500297702204 -0.775470443225669 0 0 0 21 1 
0.247907413039653 0.952816544189932 6.36667772931052 -0.381689083524229 0.865937712852102 0.361404091016343 0 0 0 68 0 
0.101699402017547 0.225917302828096 6.39929109565615 -0.231489505156971 -0.119688563009048 -0.952668889702308 0 0 0 121 1 
2.69788246745248 0.491102907143585 5.27806066110603 0.53673065618171 0.736373837218083 0.251476876900317 0 0 0 76 0 
1.57776416947753 0.5583586872402 7.0520209736261 -0.522222938448551 -0.207454805934726 0.186948472296111 0 0 0 241 0 
1.10002193279278 2.60365888328169 4.43121617256109 -0.599998845642485 0.847560993856931 -0.740462306707311 0 0 0 44 0 
0.821633329552439 1.41158197666363 7.86144089932328 -0.772545614234082 0.679556946140191 0.755865310490699 0 0 0 161 1 
1.4213775064924 0.327353007448657 5.94006579490486 0.311651447710126 0.885650158286772 -0.713680747636587 0 0 0 113 0 
2.14596096590125 0.084272031068048 4.36759104395541 0.823471629784276 -0.969248840470103 -0.428021524002347 0 0 0 59 0 
0.71069508454653 1.20564523553536 7.3128960639706 0.484773425502449 -0.594439724445508 -0.904584417685758 0 0 0 128 1 
1.61827078288427 3.31160810266929 6.08699712165484 -0.62535416932188 0.990084636982594 -0.337526467281325 0 0 0 51 0 
1.64843954627176 0.302899620620654 5.24922966893643 -0.729029497564644 -0.378794756809439 -0.960566859529662 0 0 0 189 1 
1.09651130288978 3.49459562514249 5.90020161595684 -0.863341510374222 0.578662927639078 -0.873673599160166 0 0 0 174 1 
2.36292986580289 3.19526871864418 6.29456951800982 -0.05984579653669 -0.226564804281885 0.199714185158412 0 0 0 176 0 
3.05090693042595 1.26106312408432 5.18675652608393 0.292152996338208 -0.907312467153457 -0.805960182837688 0 0 0 11 1 
0.00629298605624196 0.558362283863362 5.39078444067467 -0.183879316523356 -0.89166514295456 0.25740970740393 0 0 0 8 0 
2.36303059531995 3.73843076592758 6.7957547079897 -0.42826154761474 0.275706882417241 0.857671300420511 0 0 0 102 1 
2.03448733160076 2.15764793341744 5.92731124541206 -0.866605929915749 -0.228544845609609 0.180384802390108 0 0 0 171 0 
1.98958285614756 2.73100621932456 5.51826352277522 0.341556992428819 -0.619420725298707 0.264119132777643 0 0 0 69 0 
3.78606608745243 3.0444683185309 7.68365641362538 0.857161373023812 -0.445027983235216 0.904402969138178 0 0 0 164 1 
1.0334961849512 2.02392337993728 4.77744868302807 -0.0771844113183578 0.0275749147335409 0.277760457001477 0 0 0 7 0 
3.96145531707761 3.19984024042913 5.58498859398087 0.287445016688295 0.878938960022586 0.636052031262151 0 0 0 42 1 
3.66974587237563 2.1985925477775 6.20747841254479 0.166828730125033 -0.700074076432763 0.774077811186568 0 0 0 49 1 
2.74985833493726 2.22938180282488 7.49192684060076 -0.776323245529618 0.722599042253941 -0.579372271547328 0 0 0 162 0 
2.83390079350081 0.260955294668427 4.61628625486497 -0.771899958236799 -0.538897089754294 -0.204405986586054 0 0 0 182 1 
3.10187220607357 2.03922111064518 7.72704958205364 -0.547269883890865 0.291537953191851 -0.672260548312966 0 0 0 15 1 
3.09098911607399 0.420651314832676 5.29666649432895 -0.705737414943474 -0.530492036061438 0.62087718391205 0 0 0 165 1 
0.948974293683285 3.25085459609713 7.73158422481147 -0.976369774016669 -0.486797126521203 -0.566758725009922 0 0 0 48 0 
2.60150036661833 1.7395406278376 5.50569314106811 0.742184229822017 0.696817927780926 0.789773323214111 0 0 0 225 1 
2.42756554272676 1.17688951684895 5.11404546887971 0.417240291722461 0.77246786930784 0.611265550993669 0 0 0 106 1 
3.44517124339028 3.34639806757329 5.23152791601282 0.839219539125804 -0.113347470127722 0.880606732421727 0 0 0 136 1 
1.47443219395984 2.57940502453973 5.37704779419757 -0.738187779265272 0.109442369712617 0.783002515484083 0 0 0 33 1 
3.35194767620697 2.89943131637076 4.82172233094228 -0.323581701252265 0.494706911387935 0.648511701628541 0 0 0 251 1 
3.90923233839983 2.53046978717647 4.43541630848693 -0.399514087452641 -0.103659484885449 -0.529714931132266 0 0 0 209 0 
3.53193690436287 2.20001585710077 5.06698455616384 -0.735161215559849 -0.173683375942065 -0.338579760201903 0 0 0 134 1 
3.24454388350983 0.660368111396563 7.39771925983344 -0.908181900867904 0.218966742705082 -0.794856881061398 0 0 0 109 1 
3.74151927030954 3.89215827381598 7.20997006640912 0.696922066858396 -0.505675880325475 -0.331054207031099 0 0 0 107 0 
2.2853704301088 3.13516315718352 7.50073681636669 -0.0112962931521684 -0.966570360148236 -0.052592799138595 0 0 0 183 1 
0.684683891319513 3.68688867228524 5.84802032398452 -0.516595584667394 -0.621742701458672 -0.244841035579762 0 0 0 82 1 
1.59104220659834 3.98851333427256 6.15457225390569 0.320581168768334 -0.763762456090918 -0.860285670847069 0 0 0 105 1 
2.7797899403441 3.66631314602359 5.49011010614793 -0.66948473998189 -0.938615097577706 -0.316309994413266 0 0 0 133 1 
3.40703434161734 3.69641404168937 6.80972726476915 -0.583840297809613 -0.884399260963717 0.595248803408903 0 0 0 130 1 
3.41687246810726 1.28038374918819 4.16921079729221 -0.0570067122048807 0.251599144694115 0.824695305120643 0 0 0 77 1 
3.14304923261435 3.23791459227863 4.02554410109581 0.875949959611281 -0.0664255477748089 0.869765479005043 0 0 0 179 0 
4.44549200324055 2.62200118097707 6.24927155330552 -0.529184631408392 0.269579009525109 0.144698502805553 0 0 0 58 0 
5.36283933013739 0.837573344044383 4.58813004572949 -0.5861663510454 -0.0348645608397693 -0.153256313382659 0 0 0 53 1 
4.82752478755842 0.669569455254468 4.25637529229983 -0.140656590128504 0.00892470817128777 -0.749664458300009 0 0 0 100 0 
6.09157343645296 3.02292682869901 6.49478876940451 -0.389917187555107 0.816996148878895 -0.31606374897871 0 0 0 63 0 
6.31920518064031 0.267592549997235 6.20703702897604 -0.798989201018931 -0.117495128947514 0.19510721205137 0 0 0 106 0 
7.38831977458023 3.40614373654283 7.76952698458927 0.204648409188433 0.574007565081202 0.487869841294172 0 0 0 160 0 
7.86752003715308 3.83490246193268 5.22454783074641 0.598290528271215 0.438679076943825 -0.277655377329136 0 0 0 148 1 
6.38445652970848 2.44811106925461 6.54225939228288 -0.848186498436396 0.207795319434453 0.107487336435941 0 0 0 71 1 
7.6322347279009 1.14997398160333 6.98769139371993 -0.150935014321005 0.823682841137018 0.341457441774733 0 0 0 70 0 
4.46311346978071 0.829938683484621 5.75337413191171 -0.212467712116804 0.333154667551822 -0.986664519373068 0 0 0 248 1 
6.83337961851739 3.30442268658726 6.42959048563646 -0.877190546393822 0.147601194030908 -0.108968921808608 0 0 0 116 1 
7.98081190571146 0.847897000230793 6.75126295556629 0.709516416090077 -0.402742263145748 -0.46045984444388 0 0 0 206 0 
7.26779091555438 1.27608456977355 5.48703063269912 0.356199521871283 -0.538100812117182 -0.369103650910572 0 0 0 177 0 
6.83210883421209 3.87696360838891 6.13749301479565 0.596426780748005 0.230366505704679 -0.124342472905492 0 0 0 113 1 
6.42266091291064 1.42841870013676 5.72079125832598 0.259087416468981 -0.58271480525596 -0.56732677587758 0 0 0 14 0 
4.0226812856105 2.63491909360978 7.48938203044355 -0.814595721809974 0.322890478611041 0.788914843707555 0 0 0 64 1 
5.5454034666301 2.88683652184199 7.85693285277556 -0.208136659651047 0.75720192220221 0.860891202777661 0 0 0 243 1 
7.67383017217338 1.01461406822927 6.76289557095392 -0.72769314883298 -0.341336101672144 0.645415556365996 0 0 0 222 1 
5.27951390964157 2.81533050749783 7.66791022208911 -0.22213084686097 -0.246561552236957 0.798311064320479 0 0 0 255 1 
5.6139112286658 0.332081833165338 7.24899513712333 0.479679538350832 -0.377258850886035 0.197315533532807 0 0 0 192 0 
4.78819378168727 0.609963533886289 5.64011478861669 0.225694409562488 -0.41526507716388 -0.2031518532307 0 0 0 173 1 
6.95817510388165 1.85429533581179 5.59727764442346 0.918851321256929 -0.507668666536222 -0.521195913451397 0 0 0 194 0 
7.01852218233685 1.21893678236063 4.14014987828009 0.869395904333518 -0.804266485138914 -0.387360532722101 0 0 0 67 1 
4.90007959101464 2.08369464412398 6.61221420709077 -0.663153705736072 -0.600858176625054 -0.0993571469952228 0 0 0 58 1 
4.72800244128294 0.822343944452101 6.65046207687735 -0.830105134669319 -0.983034529239363 0.323708530361966 0 0 0 77 0 
5.20620153150514 2.53858284517194 7.17430226221144 -0.699673603604993 -0.419021955517266 0.561805382221655 0 0 0 183 0 
5.57795867349114 3.02870763239944 6.46452349596671 0.214629403867955 0.185721454336813 0.682343341892985 0 0 0 34 1 
7.65215573299512 1.4698139077297 7.10095628245115 0.429060828052375 -0.527904531172121 0.821102962234271 0 0 0 177 1 
5.38752850469056 1.09195292822663 7.39150829094527 -0.532235341858391 -0.916213003777546 0.889026752155014 0 0 0 41 1 
6.29661438841885 0.738344116421527 4.30172004011519 0.778769178337834 0.591491795601133 -0.852541050520253 0 0 0 200 1 
5.31057123997896 0.892549589143357 5.00838717121275 0.463714275788366 -0.347760547939823 -0.86797962256775 0 0 0 160 1 
5.45107927151099 1.21433664347255 7.96002140685506 0.681635751132157 0.774438770709081 -0.344209399639207 0 0 0 92 0 
6.66708502101481 3.72848013917681 5.75540681278429 0.219320264263938 0.3278147441672 0.802916148041278 0 0 0 43 1 
5.12567252478781 1.08587301772502 5.75086747973314 0.0855617118309377 -0.70600668327763 0.802677235775428 0 0 0 40 1 
5.58306290701362 2.52107064824234 6.57171430557185 0.951740153000717 0.00110898148643934 0.0037744371353603 0 0 0 44 1 
4.60757039703384 1.40880245413398 6.88065664465926 0.531977389317571 -0.741641976098211 -0.611544387123197 0 0 0 98 0 
4.25984813826928 2.88381243927663 5.68703582211774 -0.59158694009109 -0.821904608459125 0.0624755695851447 0 0 0 9 1 
5.19541355509435 3.01059000777985 7.15058893338764 0.352390187110229 -0.604705789064218 -0.228916371926966 0 0 0 6 1 
7.55133639593853 3.46319660500265 7.59890638005067 0.897438757680975 -0.528252810263018 -0.731636506313123 0 0 0 91 1 
5.39028836192497 2.46535111931186 5.18628619340393 -0.900511138846054 -0.159718362141481 0.983488747021259 0 0 0 231 0 
7.73829909943917 2.83654694296748 5.21961434393625 0.749384163128378 0.596660365419341 0.985242860207171 0 0 0 239 0 
4.47800606014467 0.794454344469505 4.99099471765217 -0.369578628413438 0.962866018129974 0.499526037771167 0 0 0 69 1 
5.04241853833557 2.31389891160698 4.12621862890578 0.291706238859767 0.990205205874051 0.085590454152936 0 0 0 33 0 
6.02377327647705 0.409654447315596 4.94466818838852 0.81704069876195 -0.636333976457074 0.654982536230975 0 0 0 127 1 
4.43368584180571 3.1576233735683 6.17287663201797 0.575457149568722 -0.123282980338511 -0.175111756209581 0 0 0 231 1 
5.14620215052623 3.76173862728302 4.97678904165897 0.0866422184487494 -0.880961124879841 -0.448590050439001 0 0 0 164 0 
5.90967190219872 3.67854728161657 4.28568526615475 -0.925806741989541 -0.674813300967549 -0.853384985991855 0 0 0 68 1 
7.22904666411036 3.61526545124138 7.55873441927283 0.933107719163703 -0.625512344671506 0.00309128522488589 0 0 0 114 1 
4.66961437721276 3.98363723183611 6.5241030440244 0.429979704063829 -0.290334882534941 -0.156626155577663 0 0 0 172 1 
5.16079795298925 3.76760182150307 7.29351245060571 0.82425252384154 -0.880652535710365 -0.326657239441805 0 0 0 226 0 
6.74768425498776 0.597108258973131 4.29807256310756 0.170930750262514 -0.0475206179487826 0.778845924374082 0 0 0 24 1 
5.47344392740454 2.85209359166228 4.34381421415053 0.156497048810765 -0.13936349517567 0.360200748113186 0 0 0 167 0 
6.84264031182677 0.729358018159036 4.09977022464004 -0.61354524674596 0.696282000955739 0.294724748665265 0 0 0 31 0 
7.83965793003662 1.89584746061673 4.28586056473266 0.333666206844032 -0.400218554704383 0.988729503406982 0 0 0 154 0 
4.92291370033263 1.10820950954751 4.68617355700459 0.443311247385928 0.821484711028816 0.851903871421295 0 0 0 8 1 
5.17333833064406 3.30215993579685 4.05847107676579 -0.596140087860839 -0.905149477063324 0.818866898777147 0 0 0 129 1 
1.05484018188444 6.09807065439901 5.5951180969686 0.187096851678129 -0.0737857550316313 -0.152888521212179 0 0 0 191 1 
2.52376418751846 4.92818508000602 7.18832698685926 0.317040220395708 -0.451148153683894 -0.279561737533723 0 0 0 60 0 
1.58742471139579 5.40469927886103 6.90513187200118 0.267759195336621 0.10024733046637 0.17921746694743 0 0 0 64 0 
0.856864211043882 5.36422129147154 6.28835575965016 0.176677063739152 -0.533462037290971 -0.379560223176308 0 0 0 35 0 
1.52826973999636 4.50658354520217 5.48325952620506 -0.0511436978949282 0.000346502379061642 -0.579828445989207 0 0 0 131 0 
2.33317313211594 6.866392831617 6.12212264240193 0.0438512174797863 0.282441727979842 0.0327432969685226 0 0 0 22 1 
2.19919268987418 6.27041379845111 6.80015851536285 0.615746983677588 -0.327872957976258 0.121060974492782 0 0 0 79 1 
1.72754142389516 7.84403536884566 7.46079713688138 0.16987060125764 0.0707387036234557 -0.423115940164138 0 0 0 138 0 
0.290064454886007 6.18908037616094 6.84687346978597 -0.432101870795473 -0.0689957696757402 -0.297532975274422 0 0 0 256 0 
2.05212019655431 6.75865416248618 6.95688436851672 0.0290589577133848 0.382034429604536 -0.0285850332359621 0 0 0 50 1 
2.58851138250372 5.79339848631759 7.55849702246145 0.373079546447564 0.225968341385136 0.00307879065586536 0 0 0 117 1 
1.36848543802952 7.60477433755565 7.87397962421756 0.677288707264711 -0.573432929602334 0.282841032853556 0 0 0 105 0 
0.100236206658955 4.1399137151252 4.60221473210836 0.557907168771524 -0.334741383414463 -0.15251501409956 0 0 0 246 1 
2.24708518264354 6.8730227201532 6.71442432084473 0.355109746454923 -0.190893541044568 -0.725556614692382 0 0 0 197 1 
1.79917676494072 7.15061611059237 6.05044875428786 0.0683777244705643 0.0868745321364404 -0.813134276090112 0 0 0 149 1 
1.55185512232537 4.71594017244308 5.75796353578373 -0.155165519877612 -0.725476833029312 0.224103343988618 0 0 0 89 0 
1.50767494654579 6.98343193535002 5.19951070449662 0.421456576133989 -0.764029898139473 -0.331604699763336 0 0 0 199 1 
0.577384841531249 6.47427223234016 5.67498716210547 0.740914991659539 -0.580301461455781 -0.359211201994449 0 0 0 55 0 
1.41554636368129 6.95814080720938 6.17016663828944 -0.372865980858879 0.445165305642599 -0.912096492721608 0 0 0 120 1 
0.799491893906315 5.55367041884444 7.60994638860232 -0.247395163478615 -0.312964714797661 -0.678423874284088 0 0 0 194 1 
0.864766753302399 4.76222590920286 7.61174352894383 0.545514039647494 0.0138013636422558 -0.678329287950325 0 0 0 195 1 
3.76014910741593 4.63196363026278 6.55185706155884 -0.03893952066232 -0.782528229986169 0.42378195060836 0 0 0 93 0 
1.54958164138052 6.81669660755054 6.18018596680959 -0.471074650453656 -0.141226494339445 -0.0694638964837057 0 0 0 250 1 
0.180844556845415 7.08128866285334 6.95838818869162 -0.648376602271294 0.135857298044913 0.339915167825875 0 0 0 132 0 
0.335163180214433 4.02509953005416 6.81616480637567 0.780798062116549 -0.498678972102413 -0.61493869440128 0 0 0 42 0 
0.0575154427739246 7.73983532379998 6.47757584654954 -0.128551818801372 0.644201859147367 0.47250399192366 0 0 0 163 0 
2.80656389000256 4.12702582074161 5.025187442504 0.595082310000135 -0.9669986410136 0.185536181184421 0 0 0 220 0 
3.31652501097638 7.87241522814253 7.15553103333972 -0.114919736264401 0.0196008014811857 -0.807603629824225 0 0 0 238 1 
0.742406038291558 7.95142662534748 6.33296445748803 -0.145136524300444 -0.870977546034343 -0.85089660750063 0 0 0 176 1 
2.45458580401403 5.43576160463581 4.81913441369122 0.10287293705337 -0.529696757650747 0.174691284931117 0 0 0 17 0 
3.81966413029557 5.70692812646218 4.32728622914518 0.964192848962925 0.431943585603273 -0.640669145834464 0 0 0 10 0 
3.21799901311694 6.39455440804417 7.68708858336622 -0.120105315099108 0.783923916212851 0.588794135966643 0 0 0 254 0 
2.34879970952896 4.52163099606604 7.76927997151617 0.202568405764682 0.159033210319265 0.803646314290325 0 0 0 54 1 
1.17422624182873 7.10376808584508 7.52173488264533 -0.806619671482698 0.92651410978132 -0.314645532492351 0 0 0 165 0 
1.76008502558792 7.23661758811483 6.63288449088508 -0.617890261811162 -0.0138622322044832 -0.256163974163943 0 0 0 143 1 
0.898687085427278 7.7754213094002 7.48621839688703 -0.873753311293301 0.382916911021063 0.578222020888791 0 0 0 50 0 
1.7821213922547 6.97854606438619 5.05971636951577 0.593795862750247 0.972555056020326 0.292616651027146 0 0 0 195 0 
1.51809864413256 4.30411530521808 6.42356522222235 -0.104310597677234 -0.22083603656747 0.785450801169597 0 0 0 192 1 
1.98247150463539 5.81417250133135 4.4064591965591 0.656972184454494 0.700745921122703 -0.847028463338994 0 0 0 206 1 
1.25334054836868 6.05104585949611 7.57417480620905 -0.591929444822701 0.765844518920848 -0.206622378620576 0 0 0 144 1 
1.21669541218563 4.94102788338897 7.78390624831991 -0.646489715148125 0.391633046494156 0.857047697279995 0 0 0 59 1 
3.60208855040515 5.61062761402371 5.79575982177298 -0.152521655241834 -0.0994406518934892 -0.300223167275106 0 0 0 207 1 
3.31498695677657 4.64124619194763 4.18561411200559 -0.325527002274917 -0.0978291477922298 -0.806020309894443 0 0 0 251 0 
3.26784025482949 5.49134613907606 4.46453806316797 -0.328008407640553 -0.789929150574944 -0.738708522991159 0 0 0 227 0 
1.35260799255775 7.97282121170536 4.65949608846314 -0.902494316181171 -0.501430462541823 -0.886342311133519 0 0 0 23 1 
2.06478687709836 5.60449694910318 4.60839581097952 0.34551509879465 0.163394576268589 0.216231358472606 0 0 0 73 0 
3.48618258757543 6.88152401368369 6.65325097197648 -0.0533588111802408 -0.97991978875349 0.955434261682972 0 0 0 201 1 
1.26355381731311 5.58536969119218 5.59453365856342 -0.749286641194047 -0.732348963621464 0.741817560977022 0 0 0 61 1 
0.110551271706845 5.20537862660973 5.17514090016501 0.137397435352992 0.668704138242617 0.246060047377106 0 0 0 143 0 
2.84107930624176 5.25604003230702 6.25242465499919 -0.929416878618855 0.724002106963527 0.56591708710522 0 0 0 205 1 
2.60852057865882 5.61640815639 7.46477684786433 -0.783762074807431 -0.888610097032105 -0.212380165901878 0 0 0 138 1 
3.15357639959008 5.26100959676567 6.84837032828432 -0.491917031600523 -0.749420547538649 0.386756333067595 0 0 0 16 0 
2.81033894248603 7.28290348747908 4.47525707822737 -0.878403213553367 -0.958794553290575 -0.317091732724875 0 0 0 156 1 
2.87498454610132 5.3043619333348 6.42105053238129 -0.611842918626247 0.463387470175516 0.574792133283226 0 0 0 14 1 
3.16736234589773 6.52893762825953 4.75816517865608 0.61407170241567 0.106786190961028 0.539903430455583 0 0 0 212 1 
2.84076324191054 5.89575508791371 4.61847771421307 0.596882275890029 -0.242328679583489 0.585183037590162 0 0 0 232 1 
0.308433733034846 6.54839360646062 4.95453732824814 -0.431135066682377 0.213073347708453 0.655501964644639 0 0 0 124 1 
2.49507859012532 7.29933657689115 4.49891805932351 0.789214662638175 0.357859819836376 0.473627266280185 0 0 0 4 1 
3.22676119205952 4.24917904542132 4.84754749162052 0.301408483792606 0.460483107653754 0.54460776271687 0 0 0 147 1 
3.1242851863322 7.12775310441506 5.96284976523804 -0.914511305982516 -0.230118257662365 -0.501955275513787 0 0 0 193 0 
3.51748499536417 7.8664851313989 6.66487445839177 -0.841185000243991 0.387709743757837 0.324467076757462 0 0 0 4 0 
3.37439644503099 5.39847514554611 6.06134855108467 -0.848715976577317 -0.847448676550205 -0.444139549942912 0 0 0 152 0 
3.34084720806029 6.34629726458664 7.49954526463018 -0.850481725891564 0.623489329715086 -0.631602880808938 0 0 0 184 0 
3.80497214857914 4.41456360820882 4.37279658295206 -0.93131725533794 0.311292821484675 -0.059326495634102 0 0 0 86 1 
3.54961512758441 7.27880031898219 4.99016982454018 -0.839493940653452 0.304147385209589 0.710008938133694 0 0 0 56 1 
0.490816207541661 5.40986634201796 4.74318090224675 -0.158378094339912 -0.00474387673589671 0.802272679065619 0 0 0 152 1 
0.141213837275973 7.7866358919849 4.35862896863268 -0.492567692774949 -0.721756005685005 0.782033103612246 0 0 0 215 1 
6.03265927210567 6.66962052571855 6.06666726476906 -0.287754775152333 -0.148967340751655 -0.180701722906892 0 0 0 233 1 
7.15306192377493 4.71524721119811 6.9927192878259 -0.123523056643425 -0.672881725726415 -0.447751616430216 0 0 0 71 0 
4.57523240811507 4.55668382254645 7.01634535165454 0.0565911793744773 -0.628595588287029 0.237702386929186 0 0 0 36 0 
5.18974229601364 5.31183500194174 7.28235029915901 -0.805803037051914 -0.378324473582013 0.251702647324159 0 0 0 109 0 
7.26675843169939 6.4488587472121 6.51550113126695 -0.275433766752664 0.365729407748005 0.0534474279614185 0 0 0 20 1 
6.2189629635674 7.44915359107542 4.62915583195969 0.143103313871968 -0.739518232048662 -0.151097061475806 0 0 0 184 1 
5.75024984981384 7.93265365939759 7.19985232379015 -0.82893421843085 0.654350192599873 0.194729069673166 0 0 0 242 0 
4.45699548783876 5.92083510691493 5.22752750329357 -0.844368658534802 -0.925219204899214 -0.909077499826654 0 0 0 237 1 
5.59407452691281 6.46072397824955 5.85866910918841 -0.942417130162484 -0.370488211671076 -0.349543731095347 0 0 0 124 0 
4.23710114923606 5.3972515552651 7.97201747537153 -0.382257834250733 -0.426460444459732 0.656421972387975 0 0 0 73 1 
5.39129703011019 6.19230209881351 6.86823682194694 0.152173527900536 0.246963268358606 -0.822724377792266 0 0 0 39 1 
6.06665093714409 7.82644881397231 4.23219281128409 -0.0754394243608369 -0.824923746633036 -0.48777932572189 0 0 0 240 0 
4.20896193675004 7.75789045513798 5.1288466918835 -0.752159898065787 -0.72326892341379 0.0330971943096579 0 0 0 135 1 
4.98024681596611 6.78605175095049 4.73659244201591 -0.2378817465281 -0.984944644686816 -0.882284608314952 0 0 0 219 1 
6.92485874481836 4.61542449562844 6.8169132890186 -0.872375855535876 -0.204451342335345 0.12194280468519 0 0 0 208 1 
7.4009947191229 4.95219934824696 5.27972498655435 0.6789997220591 -0.607778981671213 0.198932894029176 0 0 0 82 0 
4.72068171499242 5.65214100596164 6.6162330788542 -0.830490436053031 0.376428473997981 -0.3096719432182 0 0 0 117 0 
7.92863981450463 5.89650370955639 5.66711853494335 0.443612621816033 0.38928966892402 -0.67541481395035 0 0 0 37 0 
6.11124700850067 7.26732478633081 6.7299388619402 0.0321708951842454 -0.959614484929957 -0.777371638845253 0 0 0 218 1 
6.8264410499215 6.28725396509857 5.8181662660288 0.54349689736429 0.567750208689399 -0.720096512314274 0 0 0 180 0 
7.89203930525512 4.97018212470766 7.74803421708681 0.810107331855533 -0.18577988817328 -0.0395771464691159 0 0 0 256 1 
7.73866342900068 5.55915234782204 7.57812009890162 0.275719127842141 0.318902755148528 0.846216847310612 0 0 0 51 1 
6.1880722995095 6.56640207959911 5.94247009558659 0.720424857868921 0.687705372610479 -0.818817363390179 0 0 0 220 1 
7.72931436343884 6.70208525282544 6.24822482866777 0.22259549281257 0.852741329096075 -0.32904079849117 0 0 0 188 0 
7.8920281337162 7.35194332010233 5.62972253593843 0.12589621756401 0.939575964215912 -0.572119866529556 0 0 0 198 0 
5.56006025596671 5.80114060655077 7.34640111934966 -0.786312618107015 0.489533716134251 -0.744926256876334 0 0 0 93 1 
7.28975766561566 5.43247276531514 7.11470242703 0.936303035032403 -0.845659328141308 -0.125541977524737 0 0 0 230 1 
5.72181646147004 5.21630935863161 4.57454061906823 -0.146220186238419 0.0903320715069265 0.16181792731938 0 0 0 96 0 
7.07010440467468 4.54559803220205 4.12574650726482 -0.127889241859227 -0.681810629884102 0.0329340266981486 0 0 0 119 0 
4.2703617679584 4.23105457020912 4.890590034279 -0.906823064844295 -0.645733969988994 0.231083686014684 0 0 0 66 0 
7.84718371109742 7.1535551898466 7.04649609402019 0.755114932163022 -0.386654990008074 0.76560505758001 0 0 0 119 1 
6.17429837933404 5.24940901730342 7.78310233655686 0.193384125228107 0.513126790384391 -0.353520929654902 0 0 0 147 0 
5.79576043527611 5.79372222510962 5.39636089987725 -0.616012608669678 0.80493274868998 -0.268612584216987 0 0 0 154 1 
7.51590877750845 4.6280600147683 7.1800482320408 0.211363619868866 0.217266316566753 0.456844643791621 0 0 0 20 0 
4.9919826722547 6.18765477981319 6.66075696473991 0.0785254038028789 0.983560777884905 -0.833644370276847 0 0 0 48 1 
4.55197137174376 5.68241439980599 6.85228504397659 0.265893230091777 -0.358820294747053 -0.191984997685443 0 0 0 29 1 
6.433373093344 6.47271753638544 6.23118312664997 0.943861741754948 0.103827238757129 0.0911149014026305 0 0 0 193 1 
6.11410878589853 4.21586342884166 7.98101540193184 0.927058357152554 -0.857059819534649 -0.290472873582535 0 0 0 225 0 
5.14116093551079 5.40928136693525 6.88242808834912 0.507429522921621 0.311014808786066 -0.769345890086888 0 0 0 81 1 
6.53074911162622 7.91472445009604 7.89341215796127 0.89635521640138 0.969196023689265 -0.716136202212565 0 0 0 214 1 
7.70897564961863 7.7524110023909 4.70992036705986 0.274156613137822 0.592232158020574 0.274206335108414 0 0 0 15 0 
7.26636360823838 7.0005497125887 5.91037336597487 0.30349282148623 -0.921023699337437 0.705809124524993 0 0 0 190 1 
4.75887112474346 7.1628060354353 6.19929472291933 0.118887953933866 -0.912483892871826 0.878910248574702 0 0 0 159 1 
6.05332090072912 5.70056684881555 6.36942847058078 -0.0761410052247832 0.431608781516608 0.887864656346357 0 0 0 92 1 
4.37646723215544 5.41104505765727 6.52039939520504 -0.848606987781292 0.890055003034593 -0.788400031831314 0 0 0 209 1 
4.80640154245806 4.92473071440033 7.46858276779134 0.22665271276095 0.811827932336859 -0.896390380642561 0 0 0 181 1 
7.01239065917559 4.61452536439599 7.35141849483519 -0.0782952284644429 0.321817124441894 0.939548341833431 0 0 0 88 1 
4.73325921937696 7.92969153605685 7.10977535943444 0.538592590493524 0.233141659792466 -0.17843287581924 0 0 0 94 1 
5.10612390015086 5.72942861040679 6.61716308248909 0.716111784218466 -0.777398494189117 -0.730675627237417 0 0 0 196 1 
5.490475617026 4.46351251270909 7.78634388552725 0.788972400896105 -0.370341446699522 0.751912836080382 0 0 0 227 1 
5.53271077102944 5.6561717094882 7.28247836656325 0.949090040580497 0.166114300499379 0.620130440345435 0 0 0 12 1 
4.8252356312567 5.70400886653268 5.82036140351016 0.438170296381932 -0.41031532281407 0.595808494921587 0 0 0 28 1 
4.31904283350608 7.42811407771844 4.66119908335243 -0.483208271920732 0.0488481093536022 0.640063109650128 0 0 0 187 1 
5.28649744551733 5.55803162450248 4.58502655870049 -0.695447502867509 0.0556858749738145 0.58342245045792 0 0 0 163 1 
6.56259040630853 6.2470753402712 5.21069352899284 0.161188968753081 0.670898702119537 0.984773343631202 0 0 0 172 0 
5.19887481389053 4.2126838966362 7.09167659900713 -0.647427641374182 0.511193889296642 -0.810964389525941 0 0 0 166 1 
7.81344781751378 4.03296277357517 6.16940407146557 -0.825608009604538 0.185945409135535 -0.806873469922865 0 0 0 84 1 
4.24030494667888 5.36734716389379 6.01089565603836 0.565279207719941 -0.0596133071634842 0.0795208240020191 0 0 0 203 1 
4.20990217378228 4.09169682860879 7.92530423597542 0.616310640725383 -0.9162264827048 0.127647591367128 0 0 0 216 1 
5.39210667870819 6.09333577458167 4.07424257312516 -0.584625964278516 -0.0214033802851747 0.135486451217114 0 0 0 153 0 
7.9652617568955 5.06601437860038 4.11208309346302 -0.712354644373921 -0.443893980073664 0.400635952287528 0 0 0 122 0 
7.34786126832042 7.24711886067112 4.33912485961574 0.360413750964233 0.776164150561638 0.833638150506091 0 0 0 141 1 
7.73241836170676 4.70553394743645 4.15962589799227 -0.935135875699644 -0.568129792240187 0.192611889368014 0 0 0 67 0 
