1
1
1
0
(32 0
((0,0) (15,7) (0,0))
((48,0) (63,7) (0,0))
((32,0) (47,7) (0,0))
((16,0) (31,7) (0,0))
((0,48) (15,55) (0,0))
((0,32) (15,39) (0,0))
((0,16) (15,23) (0,0))
((48,48) (63,55) (0,0))
((48,32) (63,39) (0,0))
((48,16) (63,23) (0,0))
((32,48) (47,55) (0,0))
((32,32) (47,39) (0,0))
((32,16) (47,23) (0,0))
((16,48) (31,55) (0,0))
((16,32) (31,39) (0,0))
((16,16) (31,23) (0,0))
((0,8) (15,15) (0,0))
((48,8) (63,15) (0,0))
((32,8) (47,15) (0,0))
((16,8) (31,15) (0,0))
((0,56) (15,63) (0,0))
((0,40) (15,47) (0,0))
((0,24) (15,31) (0,0))
((48,56) (63,63) (0,0))
((48,40) (63,47) (0,0))
((48,24) (63,31) (0,0))
((32,56) (47,63) (0,0))
((32,40) (47,47) (0,0))
((32,24) (47,31) (0,0))
((16,56) (31,63) (0,0))
((16,40) (31,47) (0,0))
((16,24) (31,31) (0,0))
)
32
FabOnDisk: Cell_D_00012 0
FabOnDisk: Cell_D_00003 0
FabOnDisk: Cell_D_00014 0
FabOnDisk: Cell_D_00000 0
FabOnDisk: Cell_D_00007 0
FabOnDisk: Cell_D_00016 0
FabOnDisk: Cell_D_00001 0
FabOnDisk: Cell_D_00011 0
FabOnDisk: Cell_D_00009 0
FabOnDisk: Cell_D_00005 0
FabOnDisk: Cell_D_00010 0
FabOnDisk: Cell_D_00018 0
FabOnDisk: Cell_D_00004 0
FabOnDisk: Cell_D_00008 0
FabOnDisk: Cell_D_00006 0
FabOnDisk: Cell_D_00002 0
FabOnDisk: Cell_D_00000 1106
FabOnDisk: Cell_D_00015 0
FabOnDisk: Cell_D_00003 1106
FabOnDisk: Cell_D_00013 0
FabOnDisk: Cell_D_00007 1107
FabOnDisk: Cell_D_00006 1108
FabOnDisk: Cell_D_00001 1107
FabOnDisk: Cell_D_00011 1108
FabOnDisk: Cell_D_00019 0
FabOnDisk: Cell_D_00005 1108
FabOnDisk: Cell_D_00010 1108
FabOnDisk: Cell_D_00009 1108
FabOnDisk: Cell_D_00004 1108
FabOnDisk: Cell_D_00008 1108
FabOnDisk: Cell_D_00017 0
FabOnDisk: Cell_D_00002 1108

32,1
9.9953478760691239e-01,
9.9413859441539276e-01,
9.9468214874075811e-01,
9.9719598279077448e-01,
9.9923248600550574e-01,
9.9956494832709963e-01,
9.9999997340467217e-01,
9.9953948596344877e-01,
9.9953710586786693e-01,
9.9960360774654178e-01,
1.0033810248127089e+00,
1.0034063183241950e+00,
9.9855278260470526e-01,
9.9850799252327427e-01,
9.9742592816463482e-01,
9.9890256692034196e-01,
9.9999999996960720e-01,
9.9978626585724795e-01,
9.9928244687388756e-01,
9.9999985320218221e-01,
9.9974264825512338e-01,
9.9949947164991748e-01,
9.9955868145824189e-01,
9.9948782689432569e-01,
9.9976779373355928e-01,
9.9757433737637458e-01,
1.0000585886902469e+00,
1.0242767113080331e+00,
9.9866489015418003e-01,
9.9899114241553899e-01,
9.9767889660404574e-01,
9.9836268198798406e-01,

32,1
1.0000000012565988e+00,
1.0102751284655875e+00,
1.0100651507601119e+00,
1.0000002166437663e+00,
1.0001630290888641e+00,
1.0005631954401111e+00,
1.0000000042888435e+00,
1.0130798438008246e+00,
1.0079067296959363e+00,
1.0003798186488118e+00,
1.9408791432070733e+00,
1.3514727294716344e+00,
1.0009519361575792e+00,
1.3366685753926357e+00,
1.0556489731976952e+00,
1.0008873767294018e+00,
1.0000000000003095e+00,
1.0005055553098590e+00,
1.0002348802209080e+00,
1.0000000861935798e+00,
1.0000033182774819e+00,
1.0005773463665411e+00,
1.0000000021738069e+00,
1.0010204075261713e+00,
1.0168808065681800e+00,
1.0015632484578529e+00,
1.1605508390460593e+00,
1.9779922367067981e+00,
1.0092923107951060e+00,
1.1079924601254225e+00,
1.3139018502146822e+00,
1.0010804993196256e+00,

