1
1
1
0
(43 0
((112,64) (119,71) (0,0))
((120,104) (127,111) (0,0))
((160,104) (175,119) (0,0))
((192,104) (207,111) (0,0))
((176,120) (191,127) (0,0))
((184,128) (191,143) (0,0))
((184,208) (191,223) (0,0))
((200,64) (215,71) (0,0))
((184,64) (199,71) (0,0))
((168,64) (183,71) (0,0))
((152,64) (167,71) (0,0))
((136,64) (151,71) (0,0))
((120,64) (135,71) (0,0))
((176,104) (191,119) (0,0))
((208,104) (223,111) (0,0))
((112,88) (119,103) (0,0))
((112,72) (119,87) (0,0))
((192,208) (207,223) (0,0))
((192,192) (207,207) (0,0))
((192,176) (207,191) (0,0))
((192,160) (207,175) (0,0))
((192,144) (207,159) (0,0))
((192,128) (207,143) (0,0))
((192,112) (207,127) (0,0))
((200,88) (215,103) (0,0))
((200,72) (215,87) (0,0))
((184,88) (199,103) (0,0))
((184,72) (199,87) (0,0))
((168,88) (183,103) (0,0))
((168,72) (183,87) (0,0))
((152,88) (167,103) (0,0))
((152,72) (167,87) (0,0))
((136,88) (151,103) (0,0))
((136,72) (151,87) (0,0))
((120,88) (135,103) (0,0))
((120,72) (135,87) (0,0))
((208,208) (223,223) (0,0))
((208,192) (223,207) (0,0))
((208,176) (223,191) (0,0))
((208,160) (223,175) (0,0))
((208,144) (223,159) (0,0))
((208,128) (223,143) (0,0))
((208,112) (223,127) (0,0))
)
43
FabOnDisk: phi_D_00000 0
FabOnDisk: phi_D_00004 0
FabOnDisk: phi_D_00012 0
FabOnDisk: phi_D_00015 0
FabOnDisk: phi_D_00011 0
FabOnDisk: phi_D_00007 0
FabOnDisk: phi_D_00008 0
FabOnDisk: phi_D_00011 1112
FabOnDisk: phi_D_00006 0
FabOnDisk: phi_D_00002 0
FabOnDisk: phi_D_00014 0
FabOnDisk: phi_D_00004 600
FabOnDisk: phi_D_00000 598
FabOnDisk: phi_D_00011 2222
FabOnDisk: phi_D_00015 1112
FabOnDisk: phi_D_00005 0
FabOnDisk: phi_D_00000 1708
FabOnDisk: phi_D_00003 0
FabOnDisk: phi_D_00019 0
FabOnDisk: phi_D_00018 0
FabOnDisk: phi_D_00017 0
FabOnDisk: phi_D_00001 0
FabOnDisk: phi_D_00016 0
FabOnDisk: phi_D_00015 2224
FabOnDisk: phi_D_00013 0
FabOnDisk: phi_D_00013 2135
FabOnDisk: phi_D_00009 0
FabOnDisk: phi_D_00006 1110
FabOnDisk: phi_D_00009 2135
FabOnDisk: phi_D_00002 1110
FabOnDisk: phi_D_00002 3244
FabOnDisk: phi_D_00014 1110
FabOnDisk: phi_D_00010 0
FabOnDisk: phi_D_00014 3244
FabOnDisk: phi_D_00004 1710
FabOnDisk: phi_D_00005 1111
FabOnDisk: phi_D_00003 2136
FabOnDisk: phi_D_00019 2136
FabOnDisk: phi_D_00008 1112
FabOnDisk: phi_D_00018 2136
FabOnDisk: phi_D_00017 2136
FabOnDisk: phi_D_00016 2136
FabOnDisk: phi_D_00007 1112

43,1
1.0037480891062915e+00,
1.0312733998359791e+00,
1.0022059240862440e+00,
1.0784107375275802e+00,
1.0068779117368931e+00,
1.0076266194834822e+00,
1.0324491876772992e+00,
1.0002932356266185e+00,
1.0003682256356641e+00,
1.0013923823310444e+00,
1.0047770365242401e+00,
1.0047608218676372e+00,
1.0041358553554678e+00,
1.0350869302514507e+00,
9.9971091015305058e-01,
1.0570608524213936e+00,
1.0053975526837162e+00,
1.0073342341717963e+00,
1.0587868567116192e+00,
1.0344277163970459e+00,
1.0313042873519260e+00,
1.0348559167976914e+00,
1.0764279434362807e+00,
1.2314273283465347e+00,
1.0000784340528897e+00,
1.0000500098987450e+00,
1.0399437624552965e+00,
1.0005267039087742e+00,
1.1907344927739831e+00,
1.0144300715908925e+00,
1.0778280672292950e+00,
1.1052498695534576e+00,
1.0728475217737659e+00,
1.0792243488938285e+00,
1.0827637127314371e+00,
1.0109709496823742e+00,
9.9982464948093852e-01,
1.0003685284722372e+00,
1.0009314952539532e+00,
1.0021881672129038e+00,
1.0021950658846295e+00,
1.0009119902591816e+00,
9.9984184341527238e-01,

43,1
1.0070494820747404e+00,
1.0825396709745552e+00,
1.3179987927840633e+00,
1.9686285460298296e+00,
1.4084461887832136e+00,
1.2018952148009243e+00,
1.1031460865702565e+00,
1.0007448473405989e+00,
1.0077717451381272e+00,
1.0716739371434938e+00,
1.1212042815886063e+00,
1.1194935074894332e+00,
1.0556734179561540e+00,
1.9741444649074582e+00,
1.1518187913455038e+00,
1.1517234725431029e+00,
1.1335274630402019e+00,
1.1496898449510575e+00,
1.2482913041575432e+00,
1.3640832457942538e+00,
1.4951200183573781e+00,
1.6408585402975011e+00,
1.7920353157431039e+00,
1.9288993214385386e+00,
1.4434525657333912e+00,
1.0225527279371946e+00,
1.9863049227782654e+00,
1.5656336804908126e+00,
1.9817887652779300e+00,
1.9228503875762790e+00,
1.8718265293151370e+00,
1.8745250391927408e+00,
1.5850215398024707e+00,
1.6652231766878234e+00,
1.3886635574861568e+00,
1.4035448446611705e+00,
1.0557686968632367e+00,
1.2085074829693667e+00,
1.3638603289620361e+00,
1.4956727250504855e+00,
1.6251729335492473e+00,
1.6343760312666658e+00,
1.5148194764116745e+00,

