1
1
1
0
(30 0
((88,152) (95,167) (0,0))
((160,152) (175,167) (0,0))
((144,152) (159,167) (0,0))
((128,152) (143,167) (0,0))
((112,152) (127,167) (0,0))
((96,152) (111,167) (0,0))
((88,216) (95,231) (0,0))
((88,200) (95,215) (0,0))
((88,184) (95,199) (0,0))
((88,168) (95,183) (0,0))
((160,216) (175,231) (0,0))
((160,200) (175,215) (0,0))
((160,184) (175,199) (0,0))
((160,168) (175,183) (0,0))
((144,216) (159,231) (0,0))
((144,200) (159,215) (0,0))
((144,184) (159,199) (0,0))
((144,168) (159,183) (0,0))
((128,216) (143,231) (0,0))
((128,200) (143,215) (0,0))
((128,184) (143,199) (0,0))
((128,168) (143,183) (0,0))
((112,216) (127,231) (0,0))
((112,200) (127,215) (0,0))
((112,184) (127,199) (0,0))
((112,168) (127,183) (0,0))
((96,216) (111,231) (0,0))
((96,200) (111,215) (0,0))
((96,184) (111,199) (0,0))
((96,168) (111,183) (0,0))
)
30
FabOnDisk: phi_D_00005 0
FabOnDisk: phi_D_00000 0
FabOnDisk: phi_D_00011 0
FabOnDisk: phi_D_00019 0
FabOnDisk: phi_D_00009 0
FabOnDisk: phi_D_00009 2136
FabOnDisk: phi_D_00006 0
FabOnDisk: phi_D_00015 0
FabOnDisk: phi_D_00008 0
FabOnDisk: phi_D_00008 1110
FabOnDisk: phi_D_00013 0
FabOnDisk: phi_D_00013 2136
FabOnDisk: phi_D_00017 0
FabOnDisk: phi_D_00002 0
FabOnDisk: phi_D_00001 0
FabOnDisk: phi_D_00003 0
FabOnDisk: phi_D_00002 2136
FabOnDisk: phi_D_00012 0
FabOnDisk: phi_D_00003 2136
FabOnDisk: phi_D_00018 0
FabOnDisk: phi_D_00016 0
FabOnDisk: phi_D_00000 2136
FabOnDisk: phi_D_00019 2136
FabOnDisk: phi_D_00007 0
FabOnDisk: phi_D_00015 1110
FabOnDisk: phi_D_00014 0
FabOnDisk: phi_D_00010 0
FabOnDisk: phi_D_00006 1110
FabOnDisk: phi_D_00004 0
FabOnDisk: phi_D_00014 2136

30,1
1.0073091114807036e+00,
1.0047445102985191e+00,
1.0184326546013724e+00,
1.0657486050748102e+00,
1.0644283149867402e+00,
1.0216673600066484e+00,
1.0084463733339939e+00,
1.0396417219149618e+00,
1.0863115405446042e+00,
1.0426533272186447e+00,
1.0029800834785401e+00,
1.0129114610460725e+00,
1.0288291970027379e+00,
1.0130521599111235e+00,
1.0205074172110657e+00,
1.0960252353377911e+00,
1.2023895986021940e+00,
1.0952914429871021e+00,
1.0643194873237183e+00,
1.2990231593462600e+00,
1.6352987931783696e+00,
1.2988276154644991e+00,
1.0649217264108104e+00,
1.3026359058072932e+00,
1.6361995671732401e+00,
1.2985032659686777e+00,
1.0203081022673699e+00,
1.0955139495465593e+00,
1.2021262250810376e+00,
1.0949322992620043e+00,

30,1
1.0800833162746488e+00,
1.0809530225745116e+00,
1.2643704292774449e+00,
1.4013080198294479e+00,
1.4006411950097526e+00,
1.2642004399029747e+00,
1.0813249840401200e+00,
1.1794340654365798e+00,
1.1994506324465770e+00,
1.1788889493609120e+00,
1.0812875489266396e+00,
1.1795502904370414e+00,
1.2001001199362642e+00,
1.1790804315721046e+00,
1.2648327359171754e+00,
1.5914743234272473e+00,
1.6581359464157814e+00,
1.5900967923299794e+00,
1.4061608833960055e+00,
1.8930925815892907e+00,
1.9823975560696352e+00,
1.8867516188200026e+00,
1.4024682337603860e+00,
1.8887390897989764e+00,
1.9825013898805188e+00,
1.8927191701609243e+00,
1.2686680581182608e+00,
1.5951438072699544e+00,
1.6594977586433677e+00,
1.5913989984390449e+00,

