1
1
1
0
(32 0
((0,0) (15,7) (0,0))
((48,0) (63,7) (0,0))
((32,0) (47,7) (0,0))
((16,0) (31,7) (0,0))
((0,48) (15,55) (0,0))
((0,32) (15,39) (0,0))
((0,16) (15,23) (0,0))
((48,48) (63,55) (0,0))
((48,32) (63,39) (0,0))
((48,16) (63,23) (0,0))
((32,48) (47,55) (0,0))
((32,32) (47,39) (0,0))
((32,16) (47,23) (0,0))
((16,48) (31,55) (0,0))
((16,32) (31,39) (0,0))
((16,16) (31,23) (0,0))
((0,8) (15,15) (0,0))
((48,8) (63,15) (0,0))
((32,8) (47,15) (0,0))
((16,8) (31,15) (0,0))
((0,56) (15,63) (0,0))
((0,40) (15,47) (0,0))
((0,24) (15,31) (0,0))
((48,56) (63,63) (0,0))
((48,40) (63,47) (0,0))
((48,24) (63,31) (0,0))
((32,56) (47,63) (0,0))
((32,40) (47,47) (0,0))
((32,24) (47,31) (0,0))
((16,56) (31,63) (0,0))
((16,40) (31,47) (0,0))
((16,24) (31,31) (0,0))
)
32
FabOnDisk: phi_D_00012 0
FabOnDisk: phi_D_00003 0
FabOnDisk: phi_D_00014 0
FabOnDisk: phi_D_00000 0
FabOnDisk: phi_D_00007 0
FabOnDisk: phi_D_00016 0
FabOnDisk: phi_D_00001 0
FabOnDisk: phi_D_00011 0
FabOnDisk: phi_D_00009 0
FabOnDisk: phi_D_00005 0
FabOnDisk: phi_D_00010 0
FabOnDisk: phi_D_00018 0
FabOnDisk: phi_D_00004 0
FabOnDisk: phi_D_00008 0
FabOnDisk: phi_D_00006 0
FabOnDisk: phi_D_00002 0
FabOnDisk: phi_D_00000 1106
FabOnDisk: phi_D_00015 0
FabOnDisk: phi_D_00003 1106
FabOnDisk: phi_D_00013 0
FabOnDisk: phi_D_00007 1107
FabOnDisk: phi_D_00006 1108
FabOnDisk: phi_D_00001 1107
FabOnDisk: phi_D_00011 1108
FabOnDisk: phi_D_00019 0
FabOnDisk: phi_D_00005 1108
FabOnDisk: phi_D_00010 1108
FabOnDisk: phi_D_00009 1108
FabOnDisk: phi_D_00004 1108
FabOnDisk: phi_D_00008 1108
FabOnDisk: phi_D_00017 0
FabOnDisk: phi_D_00002 1108

32,1
9.9963622457720902e-01,
9.9343915818435202e-01,
9.9394806216910692e-01,
9.9894853287177865e-01,
9.9929427890221934e-01,
9.9864462401200926e-01,
9.9998155627425922e-01,
9.9964715403997462e-01,
9.9696628284234634e-01,
9.9938147489535023e-01,
1.0002646271417719e+00,
9.9854572906077976e-01,
9.9913399931261138e-01,
1.0000633051046059e+00,
9.9805454209314348e-01,
9.9863071026575911e-01,
9.9999999997134859e-01,
9.9985064248912003e-01,
9.9964009123386133e-01,
9.9999962952784149e-01,
9.9958137032994221e-01,
9.9892159791532587e-01,
9.9964384531840778e-01,
9.9936053623085652e-01,
9.9976037276412788e-01,
9.9722402766546736e-01,
1.0000594152546265e+00,
1.0020071280209473e+00,
9.9777644679863853e-01,
9.9944914106352334e-01,
1.0005264348041840e+00,
9.9852131637297248e-01,

32,1
1.0000000011588928e+00,
1.0102834998454153e+00,
1.0100743566679296e+00,
1.0004123290324842e+00,
1.0010624244289583e+00,
1.0003769004976879e+00,
1.0000000005053142e+00,
1.0015264335205454e+00,
1.0032365657773163e+00,
1.0002534221233692e+00,
1.9768041591464183e+00,
1.1708874933684357e+00,
1.0007569710128277e+00,
1.9737990479834564e+00,
1.1709073545211770e+00,
1.0012443688809383e+00,
1.0000000008009642e+00,
1.0004794980511382e+00,
1.0000169229257521e+00,
1.0000000219263785e+00,
1.0001016226164301e+00,
1.0007900645832402e+00,
1.0003678670202290e+00,
1.0005797831817813e+00,
1.0024675210132143e+00,
1.0007518307331842e+00,
1.1735208818068119e+00,
1.9703944543459415e+00,
1.0011214697662876e+00,
1.1705697347673101e+00,
1.9775730476895295e+00,
1.0019683797634049e+00,

