1
1
1
0
(28 0
((136,120) (151,135) (0,0))
((184,120) (199,135) (0,0))
((168,120) (183,135) (0,0))
((152,120) (167,135) (0,0))
((136,216) (151,231) (0,0))
((136,200) (151,215) (0,0))
((136,184) (151,199) (0,0))
((136,168) (151,183) (0,0))
((136,152) (151,167) (0,0))
((136,136) (151,151) (0,0))
((184,216) (199,231) (0,0))
((184,200) (199,215) (0,0))
((184,184) (199,199) (0,0))
((184,168) (199,183) (0,0))
((184,152) (199,167) (0,0))
((184,136) (199,151) (0,0))
((168,216) (183,231) (0,0))
((168,200) (183,215) (0,0))
((168,184) (183,199) (0,0))
((168,168) (183,183) (0,0))
((168,152) (183,167) (0,0))
((168,136) (183,151) (0,0))
((152,216) (167,231) (0,0))
((152,200) (167,215) (0,0))
((152,184) (167,199) (0,0))
((152,168) (167,183) (0,0))
((152,152) (167,167) (0,0))
((152,136) (167,151) (0,0))
)
28
FabOnDisk: phi_D_00017 0
FabOnDisk: phi_D_00012 0
FabOnDisk: phi_D_00012 2136
FabOnDisk: phi_D_00019 0
FabOnDisk: phi_D_00018 0
FabOnDisk: phi_D_00011 0
FabOnDisk: phi_D_00006 0
FabOnDisk: phi_D_00009 0
FabOnDisk: phi_D_00001 0
FabOnDisk: phi_D_00002 0
FabOnDisk: phi_D_00016 0
FabOnDisk: phi_D_00000 0
FabOnDisk: phi_D_00011 2136
FabOnDisk: phi_D_00010 0
FabOnDisk: phi_D_00005 0
FabOnDisk: phi_D_00008 0
FabOnDisk: phi_D_00016 2136
FabOnDisk: phi_D_00015 0
FabOnDisk: phi_D_00013 0
FabOnDisk: phi_D_00010 2136
FabOnDisk: phi_D_00008 2136
FabOnDisk: phi_D_00004 0
FabOnDisk: phi_D_00015 2136
FabOnDisk: phi_D_00014 0
FabOnDisk: phi_D_00007 0
FabOnDisk: phi_D_00009 2136
FabOnDisk: phi_D_00003 0
FabOnDisk: phi_D_00001 2136

28,1
1.0056226263444286e+00,
1.0028297998524409e+00,
1.0424632640506852e+00,
1.0460329468599261e+00,
1.0469047723203022e+00,
1.0633645286732438e+00,
1.0344889084127005e+00,
1.0190330523315208e+00,
1.0138204314420596e+00,
1.0112742229951204e+00,
1.0006391987452561e+00,
1.0054562438651575e+00,
1.0262170815109781e+00,
1.0623642228594854e+00,
1.0499142944165507e+00,
1.0154352041018593e+00,
1.0102814757638097e+00,
1.0984571549886386e+00,
1.3751722020717705e+00,
1.7041196398454737e+00,
1.5823362808272055e+00,
1.2382961279305915e+00,
1.0522507495673368e+00,
1.2214591640162018e+00,
1.2445528906161363e+00,
1.1870263588412620e+00,
1.1499734207631866e+00,
1.1087303992712001e+00,

28,1
1.0939136007048416e+00,
1.1995560360494155e+00,
1.3572769276563008e+00,
1.3275081330941054e+00,
1.2038754806575136e+00,
1.2620233262824501e+00,
1.2614927893996053e+00,
1.2165043323111384e+00,
1.1627223109954463e+00,
1.1304351981086200e+00,
1.0771970801150723e+00,
1.3201973997038041e+00,
1.6381429932136753e+00,
1.7519452083031550e+00,
1.7426121608263567e+00,
1.5205626289304588e+00,
1.2620370661539777e+00,
1.6186328685717546e+00,
1.9184150275219674e+00,
1.9945460777399948e+00,
1.9776227556837422e+00,
1.7357385541422423e+00,
1.2776960284522938e+00,
1.6015792271382021e+00,
1.7759046780049506e+00,
1.7854917116743505e+00,
1.7467072156818728e+00,
1.5893402385883537e+00,

