* GLOBAL
  NPROCS =     1

REGION                                        COUNT        TOTAL                      SELF                       MAX          MIN
                                 advance       1000   314277.383                314277.383                   352.728      313.844
                      mf_fill_boundary_c       1002    17261.242                 17254.926                    27.979       17.091
                                  boxlib          1   332717.667                  1178.925                332717.667   332717.667
                          boxassoc_build          1        6.316                     6.161                     6.316        6.316
                               i_bx_hash          1        0.155                     0.155                     0.155        0.155
                                     sfc          1        0.115                     0.115                     0.115        0.115
                       bl_prof_benchmark          1        0.002                     0.002                     0.002        0.002

REGION                                        COUNT        TOTAL        CHILD         SELF          AVG          MAX          MIN
boxlib                                            1   332717.667   331538.742     1178.925     1178.925   332717.667   332717.667
 advance                                       1000   314277.383        0.000   314277.383      314.277      352.728      313.844
 mf_fill_boundary_c                            1002    17261.242        6.316    17254.926       17.220       27.979       17.091
  boxassoc_build                                  1        6.316        0.155        6.161        6.161        6.316        6.316
   i_bx_hash                                      1        0.155        0.000        0.155        0.155        0.155        0.155
 sfc                                              1        0.115        0.000        0.115        0.115        0.115        0.115
 bl_prof_benchmark                                1        0.002        0.000        0.002        0.002        0.002        0.002
