* GLOBAL
  NPROCS =     1

REGION                                        COUNT        TOTAL                      SELF                       MAX          MIN
                                 advance       1000   157088.589                157088.589                   180.385      155.911
                      mf_fill_boundary_c       1002     8762.017                  8756.807                    16.383        8.600
                                  boxlib          1   166567.462                   716.763                166567.462   166567.462
                          boxassoc_build          1        5.210                     5.148                     5.210        5.210
                                     sfc          1        0.091                     0.091                     0.091        0.091
                               i_bx_hash          1        0.062                     0.062                     0.062        0.062
                       bl_prof_benchmark          1        0.002                     0.002                     0.002        0.002

REGION                                        COUNT        TOTAL        CHILD         SELF          AVG          MAX          MIN
boxlib                                            1   166567.462   165850.699      716.763      716.763   166567.462   166567.462
 advance                                       1000   157088.589        0.000   157088.589      157.089      180.385      155.911
 mf_fill_boundary_c                            1002     8762.017        5.210     8756.807        8.739       16.383        8.600
  boxassoc_build                                  1        5.210        0.062        5.148        5.148        5.210        5.210
   i_bx_hash                                      1        0.062        0.000        0.062        0.062        0.062        0.062
 sfc                                              1        0.091        0.000        0.091        0.091        0.091        0.091
 bl_prof_benchmark                                1        0.002        0.000        0.002        0.002        0.002        0.002
