1
1
1
0
(20 0
((40,56) (55,63) (0,0))
((88,56) (103,63) (0,0))
((72,56) (87,63) (0,0))
((56,56) (71,63) (0,0))
((40,112) (55,127) (0,0))
((40,96) (55,111) (0,0))
((40,80) (55,95) (0,0))
((40,64) (55,79) (0,0))
((88,112) (103,127) (0,0))
((88,96) (103,111) (0,0))
((88,80) (103,95) (0,0))
((88,64) (103,79) (0,0))
((72,112) (87,127) (0,0))
((72,96) (87,111) (0,0))
((72,80) (87,95) (0,0))
((72,64) (87,79) (0,0))
((56,112) (71,127) (0,0))
((56,96) (71,111) (0,0))
((56,80) (71,95) (0,0))
((56,64) (71,79) (0,0))
)
20
FabOnDisk: phi_D_00006 0
FabOnDisk: phi_D_00007 0
FabOnDisk: phi_D_00010 0
FabOnDisk: phi_D_00010 1108
FabOnDisk: phi_D_00017 0
FabOnDisk: phi_D_00014 0
FabOnDisk: phi_D_00012 0
FabOnDisk: phi_D_00011 0
FabOnDisk: phi_D_00019 0
FabOnDisk: phi_D_00003 0
FabOnDisk: phi_D_00009 0
FabOnDisk: phi_D_00004 0
FabOnDisk: phi_D_00018 0
FabOnDisk: phi_D_00002 0
FabOnDisk: phi_D_00005 0
FabOnDisk: phi_D_00001 0
FabOnDisk: phi_D_00000 0
FabOnDisk: phi_D_00016 0
FabOnDisk: phi_D_00013 0
FabOnDisk: phi_D_00015 0

20,1
9.9922986861214602e-01,
1.0000082407004041e+00,
1.0010206850849519e+00,
9.9925392801467150e-01,
9.9996641387491902e-01,
1.0002265314523664e+00,
9.9939783114291247e-01,
9.9851670340570031e-01,
1.0000002844698770e+00,
1.0000328898811859e+00,
1.0003793603629489e+00,
1.0000137345967222e+00,
1.0000885509679915e+00,
1.0356462977433887e+00,
1.2248453164254973e+00,
1.0087539809726946e+00,
1.0016133143557990e+00,
1.0508751400961349e+00,
1.0110048418011681e+00,
9.9911939636695823e-01,

20,1
1.0001167403101423e+00,
1.0051703345663134e+00,
1.0126094890504160e+00,
1.0070083574336741e+00,
1.0380022638595294e+00,
1.0767109399585428e+00,
1.0625485630840210e+00,
1.0070549006390035e+00,
1.0212491811865960e+00,
1.2714810313905043e+00,
1.3242585042232942e+00,
1.1648281892467311e+00,
1.1758717919777730e+00,
1.9603574499362264e+00,
1.9967740519921149e+00,
1.4104802157586949e+00,
1.1761725556930815e+00,
1.7801360738979977e+00,
1.7807605921555156e+00,
1.2404826725790810e+00,

