1
1
1
0
(32 0
((0,0) (15,7) (0,0))
((48,0) (63,7) (0,0))
((32,0) (47,7) (0,0))
((16,0) (31,7) (0,0))
((0,48) (15,55) (0,0))
((0,32) (15,39) (0,0))
((0,16) (15,23) (0,0))
((48,48) (63,55) (0,0))
((48,32) (63,39) (0,0))
((48,16) (63,23) (0,0))
((32,48) (47,55) (0,0))
((32,32) (47,39) (0,0))
((32,16) (47,23) (0,0))
((16,48) (31,55) (0,0))
((16,32) (31,39) (0,0))
((16,16) (31,23) (0,0))
((0,8) (15,15) (0,0))
((48,8) (63,15) (0,0))
((32,8) (47,15) (0,0))
((16,8) (31,15) (0,0))
((0,56) (15,63) (0,0))
((0,40) (15,47) (0,0))
((0,24) (15,31) (0,0))
((48,56) (63,63) (0,0))
((48,40) (63,47) (0,0))
((48,24) (63,31) (0,0))
((32,56) (47,63) (0,0))
((32,40) (47,47) (0,0))
((32,24) (47,31) (0,0))
((16,56) (31,63) (0,0))
((16,40) (31,47) (0,0))
((16,24) (31,31) (0,0))
)
32
FabOnDisk: Cell_D_00012 0
FabOnDisk: Cell_D_00003 0
FabOnDisk: Cell_D_00014 0
FabOnDisk: Cell_D_00000 0
FabOnDisk: Cell_D_00007 0
FabOnDisk: Cell_D_00016 0
FabOnDisk: Cell_D_00001 0
FabOnDisk: Cell_D_00011 0
FabOnDisk: Cell_D_00009 0
FabOnDisk: Cell_D_00005 0
FabOnDisk: Cell_D_00010 0
FabOnDisk: Cell_D_00018 0
FabOnDisk: Cell_D_00004 0
FabOnDisk: Cell_D_00008 0
FabOnDisk: Cell_D_00006 0
FabOnDisk: Cell_D_00002 0
FabOnDisk: Cell_D_00000 1106
FabOnDisk: Cell_D_00015 0
FabOnDisk: Cell_D_00003 1106
FabOnDisk: Cell_D_00013 0
FabOnDisk: Cell_D_00007 1107
FabOnDisk: Cell_D_00006 1108
FabOnDisk: Cell_D_00001 1107
FabOnDisk: Cell_D_00011 1108
FabOnDisk: Cell_D_00019 0
FabOnDisk: Cell_D_00005 1108
FabOnDisk: Cell_D_00010 1108
FabOnDisk: Cell_D_00009 1108
FabOnDisk: Cell_D_00004 1108
FabOnDisk: Cell_D_00008 1108
FabOnDisk: Cell_D_00017 0
FabOnDisk: Cell_D_00002 1108

32,1
9.9979121347769107e-01,
9.9999999999999978e-01,
9.9999999999999956e-01,
9.9716409449941901e-01,
9.9989964925611952e-01,
9.9979729136284790e-01,
9.9999999999999967e-01,
1.0000000000074791e+00,
1.0000000000001095e+00,
9.9999999999999989e-01,
1.0039379662782633e+00,
1.0011763596232905e+00,
1.0000000000019236e+00,
9.9957859880546462e-01,
9.9820090054182242e-01,
1.0000000000000120e+00,
9.9999999999999956e-01,
9.9999999999999956e-01,
9.9999999999999922e-01,
9.9999999999999956e-01,
9.9969935873844940e-01,
9.9980387536778370e-01,
9.9999995281272702e-01,
1.0000000000000855e+00,
1.0000000000084723e+00,
9.9995617152132732e-01,
1.0000108154413967e+00,
1.0303123238102336e+00,
1.0000043134436907e+00,
9.9953860473015554e-01,
9.9905907083734935e-01,
9.9879553883953354e-01,

32,1
1.0000000012148149e+00,
1.0012557982631805e+00,
1.0030953399912683e+00,
1.0000000010048364e+00,
1.0000899621054358e+00,
1.0000012125748239e+00,
1.0000000000070690e+00,
1.0159948677186275e+00,
1.0108749559445345e+00,
1.0000001198341990e+00,
1.9442067976173263e+00,
1.3837701618675446e+00,
1.0000113514581552e+00,
1.2870999669828007e+00,
1.0465747282395499e+00,
1.0000009767183435e+00,
1.0000000000000013e+00,
1.0000000000001119e+00,
1.0000000000074472e+00,
1.0000000000061413e+00,
1.0000421287936601e+00,
1.0000547435342459e+00,
1.0000000134469480e+00,
1.0010640400936093e+00,
1.0210536789515099e+00,
1.0013195358321834e+00,
1.1594851310018606e+00,
1.9908338619918582e+00,
1.0109065969412954e+00,
1.1001262347784306e+00,
1.2628265142239501e+00,
1.0008977573410383e+00,

