1
1
5
0
(8 0
((0,0,0) (63,63,15) (0,0,0))
((192,0,0) (255,63,15) (0,0,0))
((128,0,0) (191,63,15) (0,0,0))
((64,0,0) (127,63,15) (0,0,0))
((0,64,0) (63,127,15) (0,0,0))
((192,64,0) (255,127,15) (0,0,0))
((128,64,0) (191,127,15) (0,0,0))
((64,64,0) (127,127,15) (0,0,0))
)
8
FabOnDisk: Cell_D_00000 0
FabOnDisk: Cell_D_00000 2621529
FabOnDisk: Cell_D_00000 5243061
FabOnDisk: Cell_D_00000 7864593
FabOnDisk: Cell_D_00000 10486124
FabOnDisk: Cell_D_00000 13107655
FabOnDisk: Cell_D_00000 15729189
FabOnDisk: Cell_D_00000 18350723

8,5
0.0000000000000000e+00,0.0000000000000000e+00,-1.3473749993859627e+00,-2.4158453015843406e-13,0.0000000000000000e+00,
0.0000000000000000e+00,9.8093016551367918e-01,-2.4094642236710540e-04,-4.0956821267812415e-15,1.0000000000000000e+00,
0.0000000000000000e+00,0.0000000000000000e+00,-1.3340669593378855e+00,-7.5583983516480657e-13,0.0000000000000000e+00,
0.0000000000000000e+00,0.0000000000000000e+00,-1.2202010020369123e+00,-1.9717560917342780e-13,0.0000000000000000e+00,
0.0000000000000000e+00,0.0000000000000000e+00,-1.2877328710990383e+00,-1.8474111129762605e-13,0.0000000000000000e+00,
0.0000000000000000e+00,9.8083943409297358e-01,-2.2963249053927687e-02,-2.2482016248659420e-15,1.0000000000000000e+00,
0.0000000000000000e+00,0.0000000000000000e+00,-1.3185996064908305e+00,-6.0040861171728466e-13,0.0000000000000000e+00,
0.0000000000000000e+00,0.0000000000000000e+00,-1.2857224803909588e+00,-1.7763568394002505e-13,0.0000000000000000e+00,

8,5
0.0000000000000000e+00,3.3490407124610329e+00,1.3593426761005674e+00,1.7053025658242404e-13,1.0000000000000000e+00,
0.0000000000000000e+00,1.0276637253566072e+00,2.1644121501407002e-02,3.2794947313341538e-15,1.0000000000000000e+00,
0.0000000000000000e+00,3.3349248670096863e+00,1.3490608128408446e+00,5.8708593542178278e-13,1.0000000000000000e+00,
0.0000000000000000e+00,2.6451916922608696e+00,1.2201979885476959e+00,1.5276668818842154e-13,1.0000000000000000e+00,
0.0000000000000000e+00,3.2905060311978431e+00,1.3506265734976353e+00,1.5631940186722204e-13,1.0000000000000000e+00,
0.0000000000000000e+00,1.0276189553052140e+00,8.8409928528460080e-04,1.8873791418627661e-15,1.0000000000000000e+00,
0.0000000000000000e+00,3.2756724945584841e+00,1.2740249801638726e+00,6.7323924213269493e-13,1.0000000000000000e+00,
0.0000000000000000e+00,3.3254885904235287e+00,1.2707287062648724e+00,2.0250467969162855e-13,1.0000000000000000e+00,

