1
1
2
0
(16 0
((0,16,0) (7,16,7) (0,0,0))
((8,16,0) (15,16,7) (0,0,0))
((16,16,0) (23,16,7) (0,0,0))
((24,16,0) (31,16,7) (0,0,0))
((0,16,8) (7,16,15) (0,0,0))
((8,16,8) (15,16,15) (0,0,0))
((16,16,8) (23,16,15) (0,0,0))
((24,16,8) (31,16,15) (0,0,0))
((0,16,16) (7,16,23) (0,0,0))
((8,16,16) (15,16,23) (0,0,0))
((16,16,16) (23,16,23) (0,0,0))
((24,16,16) (31,16,23) (0,0,0))
((0,16,24) (7,16,31) (0,0,0))
((8,16,24) (15,16,31) (0,0,0))
((16,16,24) (23,16,31) (0,0,0))
((24,16,24) (31,16,31) (0,0,0))
)
16
FabOnDisk: Diag_y_D_00002 0
FabOnDisk: Diag_y_D_00002 1112
FabOnDisk: Diag_y_D_00003 0
FabOnDisk: Diag_y_D_00003 1114
FabOnDisk: Diag_y_D_00002 2225
FabOnDisk: Diag_y_D_00002 3338
FabOnDisk: Diag_y_D_00003 2228
FabOnDisk: Diag_y_D_00003 3343
FabOnDisk: Diag_y_D_00006 0
FabOnDisk: Diag_y_D_00006 1114
FabOnDisk: Diag_y_D_00007 0
FabOnDisk: Diag_y_D_00007 1116
FabOnDisk: Diag_y_D_00006 2229
FabOnDisk: Diag_y_D_00006 3343
FabOnDisk: Diag_y_D_00007 2232
FabOnDisk: Diag_y_D_00007 3348

16,2
3.2792825101187586e+03,1.1570008307933060e+00,
3.3092144377657196e+03,1.1576508964266408e+00,
3.3604478920652809e+03,1.1575318077632231e+00,
3.8233186217398679e+03,1.1572767512160695e+00,
5.7207693609871740e+03,1.1570048984514307e+00,
4.3142043147889635e+03,1.1573427105333609e+00,
4.4349233851452673e+03,1.1568386261972472e+00,
4.0490320307458028e+03,1.1572282996844647e+00,
6.6608957524941561e+03,1.1573507777416376e+00,
5.1271396881365454e+03,1.1571289693740552e+00,
7.9568533259167043e+03,1.1569909659466804e+00,
8.3341291493226763e+03,1.1573473101565785e+00,
3.1656414401233778e+03,1.1569851719182909e+00,
2.7850767621559107e+03,1.1571088968786343e+00,
3.4639263709068136e+03,1.1574186630336725e+00,
4.0136585644739075e+03,1.1572412616869288e+00,

16,2
3.3149755831112911e+04,1.1577962793321817e+00,
7.2133381685038084e+03,1.1577951075374675e+00,
1.3676897285085890e+04,1.1577949143013189e+00,
2.4821143515398024e+04,1.1577786170768296e+00,
2.7016716665451626e+04,1.1577158332709503e+00,
1.5038957286941333e+04,1.1577544751729887e+00,
3.6976050749886461e+04,1.1577551670656621e+00,
2.1449819550980745e+04,1.1577703455959287e+00,
1.5083143664889987e+04,1.1576743152361091e+00,
2.1982703093143813e+04,1.1577324107892251e+00,
4.0136338795256866e+04,1.1576541648911018e+00,
3.4676761916380165e+04,1.1577159451201486e+00,
2.3531949814174503e+04,1.1577972260162444e+00,
2.3508997823176960e+04,1.1578044421987930e+00,
2.1684037541045698e+04,1.1577899891341745e+00,
2.1413595984355037e+04,1.1577709628628663e+00,

