1
1
2
0
(16 0
((16,0,0) (16,7,7) (0,0,0))
((16,8,0) (16,15,7) (0,0,0))
((16,16,0) (16,23,7) (0,0,0))
((16,24,0) (16,31,7) (0,0,0))
((16,0,8) (16,7,15) (0,0,0))
((16,8,8) (16,15,15) (0,0,0))
((16,16,8) (16,23,15) (0,0,0))
((16,24,8) (16,31,15) (0,0,0))
((16,0,16) (16,7,23) (0,0,0))
((16,8,16) (16,15,23) (0,0,0))
((16,16,16) (16,23,23) (0,0,0))
((16,24,16) (16,31,23) (0,0,0))
((16,0,24) (16,7,31) (0,0,0))
((16,8,24) (16,15,31) (0,0,0))
((16,16,24) (16,23,31) (0,0,0))
((16,24,24) (16,31,31) (0,0,0))
)
16
FabOnDisk: Diag_x_D_00001 0
FabOnDisk: Diag_x_D_00001 1112
FabOnDisk: Diag_x_D_00003 0
FabOnDisk: Diag_x_D_00003 1114
FabOnDisk: Diag_x_D_00001 2225
FabOnDisk: Diag_x_D_00001 3338
FabOnDisk: Diag_x_D_00003 2228
FabOnDisk: Diag_x_D_00003 3343
FabOnDisk: Diag_x_D_00005 0
FabOnDisk: Diag_x_D_00005 1114
FabOnDisk: Diag_x_D_00007 0
FabOnDisk: Diag_x_D_00007 1116
FabOnDisk: Diag_x_D_00005 2229
FabOnDisk: Diag_x_D_00005 3343
FabOnDisk: Diag_x_D_00007 2232
FabOnDisk: Diag_x_D_00007 3348

16,2
5.4930551640484364e+03,1.1571873809708726e+00,
3.1172217133825893e+03,1.1575306059109451e+00,
3.3604478920652809e+03,1.1575346794349017e+00,
6.3093914805103632e+03,1.1573741513926856e+00,
8.2305591921603136e+03,1.1571182429437825e+00,
4.2602572368271840e+03,1.1571630221902789e+00,
4.2286483956729853e+03,1.1573570721478719e+00,
4.7196200958825530e+03,1.1573595643008716e+00,
4.7209671794835522e+03,1.1572198643065241e+00,
6.5865580914206375e+03,1.1569070315278143e+00,
4.5975877955975166e+03,1.1570002351380535e+00,
4.6339902935008540e+03,1.1573750277470221e+00,
4.6935893312345206e+03,1.1574077749811380e+00,
3.3438428143231690e+03,1.1572211625455049e+00,
3.5327734049925789e+03,1.1572221582728885e+00,
4.4237720305766088e+03,1.1567774989760866e+00,

16,2
1.8793229159675258e+04,1.1577200962802874e+00,
1.1987094093223901e+04,1.1578011932579029e+00,
1.0968692220371904e+04,1.1577949143013189e+00,
2.4818255798192400e+04,1.1576901064035563e+00,
2.4004996782547474e+04,1.1576711337021877e+00,
2.2659279142698513e+04,1.1577600593710951e+00,
1.6379547344544841e+04,1.1577551670656621e+00,
1.5536021667274772e+04,1.1577515277366148e+00,
1.9372985041714284e+04,1.1577426409629368e+00,
3.3509254099589736e+04,1.1576791677325393e+00,
2.5209082278515452e+04,1.1577664232326208e+00,
1.3889866675376188e+04,1.1577505066364258e+00,
1.6351463634457756e+04,1.1577538809390759e+00,
2.2893590996331688e+04,1.1577958495450664e+00,
2.1936809132513692e+04,1.1577899891341745e+00,
3.1470476943172867e+04,1.1577566944817743e+00,

