1
1
2
0
(16 0
((0,0,16) (7,7,16) (0,0,0))
((8,0,16) (15,7,16) (0,0,0))
((16,0,16) (23,7,16) (0,0,0))
((24,0,16) (31,7,16) (0,0,0))
((0,8,16) (7,15,16) (0,0,0))
((8,8,16) (15,15,16) (0,0,0))
((16,8,16) (23,15,16) (0,0,0))
((24,8,16) (31,15,16) (0,0,0))
((0,16,16) (7,23,16) (0,0,0))
((8,16,16) (15,23,16) (0,0,0))
((16,16,16) (23,23,16) (0,0,0))
((24,16,16) (31,23,16) (0,0,0))
((0,24,16) (7,31,16) (0,0,0))
((8,24,16) (15,31,16) (0,0,0))
((16,24,16) (23,31,16) (0,0,0))
((24,24,16) (31,31,16) (0,0,0))
)
16
FabOnDisk: Diag_z_D_00004 0
FabOnDisk: Diag_z_D_00004 1112
FabOnDisk: Diag_z_D_00005 0
FabOnDisk: Diag_z_D_00005 1114
FabOnDisk: Diag_z_D_00004 2225
FabOnDisk: Diag_z_D_00004 3338
FabOnDisk: Diag_z_D_00005 2228
FabOnDisk: Diag_z_D_00005 3343
FabOnDisk: Diag_z_D_00006 0
FabOnDisk: Diag_z_D_00006 1114
FabOnDisk: Diag_z_D_00007 0
FabOnDisk: Diag_z_D_00007 1116
FabOnDisk: Diag_z_D_00006 2229
FabOnDisk: Diag_z_D_00006 3343
FabOnDisk: Diag_z_D_00007 2232
FabOnDisk: Diag_z_D_00007 3348

16,2
4.1933723245842621e+03,1.1574569812459627e+00,
6.2588541826877354e+03,1.1572127889058177e+00,
4.7517571404308401e+03,1.1566505861523084e+00,
4.3232491157427012e+03,1.1574290925233222e+00,
8.6217487515868470e+03,1.1572597369630984e+00,
4.8678982521120888e+03,1.1571232120070059e+00,
8.7729486596545303e+03,1.1553951672921894e+00,
5.3108255366018757e+03,1.1572584663454690e+00,
3.8457681385318301e+03,1.1574231334644902e+00,
6.3334692982335073e+03,1.1572945502214882e+00,
5.1763984976872671e+03,1.1568120352057916e+00,
3.8294392687612904e+03,1.1575630827919881e+00,
3.0429283013789350e+03,1.1574266052684810e+00,
7.3448840380691199e+03,1.1570117758747822e+00,
4.4072087685240667e+03,1.1574097181828773e+00,
3.0401599141466081e+03,1.1576040897187476e+00,

16,2
1.2110730016437712e+04,1.1577659519985719e+00,
1.9314502622364093e+04,1.1576989645543938e+00,
4.4087797536884813e+04,1.1577410548022848e+00,
1.6897561832953790e+04,1.1577605012028558e+00,
1.6825391234142149e+04,1.1576287953653519e+00,
2.3900435802811066e+04,1.1577458607202011e+00,
9.5612889023988115e+04,1.1576568631762922e+00,
4.7345413005371141e+04,1.1577149917429379e+00,
1.2815510182008153e+04,1.1577799870320609e+00,
1.9481902423667991e+04,1.1576904714641854e+00,
3.5697193515039282e+04,1.1577716201990265e+00,
1.0594116839272448e+04,1.1577799019948465e+00,
1.5487879101365374e+04,1.1578052322925292e+00,
3.6288198514105687e+04,1.1576836752140174e+00,
1.6971849925171296e+04,1.1577760717475332e+00,
9.5263415610756929e+03,1.1578051416820965e+00,

