1
1
6
0
(16 0
((0,16,0) (7,16,7) (0,0,0))
((8,16,0) (15,16,7) (0,0,0))
((16,16,0) (23,16,7) (0,0,0))
((24,16,0) (31,16,7) (0,0,0))
((0,16,8) (7,16,15) (0,0,0))
((8,16,8) (15,16,15) (0,0,0))
((16,16,8) (23,16,15) (0,0,0))
((24,16,8) (31,16,15) (0,0,0))
((0,16,16) (7,16,23) (0,0,0))
((8,16,16) (15,16,23) (0,0,0))
((16,16,16) (23,16,23) (0,0,0))
((24,16,16) (31,16,23) (0,0,0))
((0,16,24) (7,16,31) (0,0,0))
((8,16,24) (15,16,31) (0,0,0))
((16,16,24) (23,16,31) (0,0,0))
((24,16,24) (31,16,31) (0,0,0))
)
16
FabOnDisk: State_y_D_00002 0
FabOnDisk: State_y_D_00002 3160
FabOnDisk: State_y_D_00003 0
FabOnDisk: State_y_D_00003 3162
FabOnDisk: State_y_D_00002 6321
FabOnDisk: State_y_D_00002 9482
FabOnDisk: State_y_D_00003 6324
FabOnDisk: State_y_D_00003 9487
FabOnDisk: State_y_D_00006 0
FabOnDisk: State_y_D_00006 3162
FabOnDisk: State_y_D_00007 0
FabOnDisk: State_y_D_00007 3164
FabOnDisk: State_y_D_00006 6325
FabOnDisk: State_y_D_00006 9487
FabOnDisk: State_y_D_00007 6328
FabOnDisk: State_y_D_00007 9492

16,6
7.0031105166047728e+08,-9.2096797064904272e+11,7.8799606060853748e+09,-2.2549257920183960e+11,3.5190392153314069e+11,4.8334882740067078e+10,
7.1283612906111419e+08,-3.6993643011137810e+10,3.4129669791464844e+09,-2.8228240777956196e+10,1.4661336022814636e+11,4.9648398335114868e+10,
7.2135612730174339e+08,-2.5314340094034954e+10,-5.6039288532823517e+10,-8.5621505972112396e+10,4.9615979812311890e+11,5.1019650840676758e+10,
9.1256668375003970e+08,-3.2485542244487866e+11,-7.9078652906172684e+10,-2.4663681780760458e+11,1.4681734812072446e+11,7.3433212639950424e+10,
1.8434114866979570e+09,-7.3491128211011963e+11,-1.3040028716828896e+11,-4.4720978841498120e+11,5.0797146221230328e+11,2.2194825282076355e+11,
1.1928127881494441e+09,-6.2847189956238800e+10,-1.9003445989868243e+11,4.1543824808300430e+10,1.0205327424947264e+12,1.0830680262547803e+11,
1.2084691782367773e+09,-3.8494463870452759e+11,-1.0225537552026127e+12,4.5820084144722755e+10,2.1700375286947542e+12,1.1279882452910620e+11,
1.0148218131951584e+09,-3.4584122012111743e+11,-2.9011509939877911e+11,-2.3576331711173514e+11,2.4926434255412112e+11,8.6482219543182892e+10,
2.4952349518677330e+09,-2.0106483004860623e+11,-3.7012119173986078e+11,-3.6112493415242696e+09,1.4126271452105635e+12,3.4979311482767834e+11,
1.5457600061356585e+09,1.8227167324468288e+10,-6.8705806398958521e+11,-1.7057427757992349e+11,1.3344677200903547e+12,1.6679985616688428e+11,
3.4658910634016538e+09,-1.9239031304535922e+11,-1.4611042599682114e+12,-8.8798029981423108e+11,6.9187720941599912e+12,5.8038132339211914e+11,
3.1131821891841998e+09,-4.9160573126481982e+11,-8.7314046683955676e+11,-5.1803473421867139e+11,4.2002984478891821e+12,5.7096222387714258e+11,
7.0455971692275202e+08,-1.8352402169137195e+11,-5.0766402560468610e+11,-3.4712508298571680e+11,3.9962929232833246e+11,4.6942890645735779e+10,
6.1197201904698551e+08,-2.3029353966388577e+10,-4.7392537461685480e+11,-3.3965972772583441e+11,4.0171237857643719e+11,3.5872376139249817e+10,
7.8192023809286368e+08,-9.3436169444524040e+09,-1.6193376830407529e+11,-5.6222232573369409e+11,7.9228570191944482e+11,5.8139042023305786e+10,
1.0040311714888414e+09,-3.8225223225345868e+11,-2.7474828794763300e+11,-4.9880272109144153e+11,6.1264088673578113e+11,8.4815174949317322e+10,

16,6
3.0018735277456322e+10,-1.3548794607568583e+10,7.5954812515048596e+11,1.1067740972061200e+11,4.4519863246910164e+13,2.0457108095767957e+13,
2.9106340535122523e+09,4.1244621626088371e+10,2.5185813998124638e+10,6.3085418264653389e+10,1.4695803566921064e+12,4.4186187033847400e+11,
6.4151608560575523e+09,1.3729427987723976e+11,2.6793673881796280e+10,2.8659868312865521e+11,8.8359478518734492e+12,1.8464486552753213e+12,
1.4614131558688122e+10,9.2366890430332657e+10,3.5451212443884821e+11,6.5547809999462868e+10,1.3688124623247879e+13,7.6331252058062441e+12,
2.6108742739670918e+10,2.7608611611397350e+10,3.3488473389350861e+11,1.5276793434743945e+11,2.9802818023271113e+13,1.4689573012833371e+13,
1.0835764940493595e+10,3.4773641208123743e+11,2.3793995552159576e+10,2.4125748517319650e+11,1.9957282487782922e+13,3.4290994627892764e+12,
3.8697701435531189e+10,9.7481729696236816e+11,2.1014601649552429e+10,1.6979054279330974e+12,7.3716077482786531e+13,3.0103181514458656e+13,
1.5570323348942865e+10,-9.5403058861500282e+09,1.4888297914302188e+11,2.4530006309485239e+11,1.6198290358647836e+13,7.0276587095089121e+12,
1.0697610984173067e+10,1.1841836426029803e+11,-2.9568420056417957e+10,1.4745188042877887e+11,1.2874572276999299e+13,3.3953380169556377e+12,
1.9567705377597626e+10,1.2043696175195886e+12,-4.2067782888231087e+10,3.5353338307450024e+11,5.8581466654156125e+13,9.0507019808365234e+12,
2.7762114807252014e+10,1.3980419514137812e+12,-4.1396032505833946e+10,4.6156247098073804e+11,7.5608422951837484e+13,2.2492300830881336e+13,
1.6862645076767361e+10,-1.1845280029198903e+11,-4.0859467546439545e+10,1.4580028488285767e+11,4.8109590288704008e+13,1.1491501086791617e+13,
2.4415093126769146e+10,1.6026888844872711e+11,3.3542291669992924e+10,5.4832128712902809e+10,1.8493896499726543e+13,1.2087866056789900e+13,
2.1044663789352859e+10,1.2545547042204118e+11,2.7267218132242161e+10,5.4957216529435463e+09,1.6878395346168270e+13,1.0409586512608090e+13,
1.2003599419824224e+10,2.1813204540677252e+11,3.4173942173489861e+10,-2.2287934892215954e+10,1.9739879975555789e+13,5.4773333812951230e+12,
1.4817179873145479e+10,1.9993572897309500e+11,2.6147915951993027e+10,-6.3651178501208935e+09,2.0223500866046301e+13,5.9860860323397266e+12,

