1
1
6
0
(16 0
((0,0,16) (7,7,16) (0,0,0))
((8,0,16) (15,7,16) (0,0,0))
((16,0,16) (23,7,16) (0,0,0))
((24,0,16) (31,7,16) (0,0,0))
((0,8,16) (7,15,16) (0,0,0))
((8,8,16) (15,15,16) (0,0,0))
((16,8,16) (23,15,16) (0,0,0))
((24,8,16) (31,15,16) (0,0,0))
((0,16,16) (7,23,16) (0,0,0))
((8,16,16) (15,23,16) (0,0,0))
((16,16,16) (23,23,16) (0,0,0))
((24,16,16) (31,23,16) (0,0,0))
((0,24,16) (7,31,16) (0,0,0))
((8,24,16) (15,31,16) (0,0,0))
((16,24,16) (23,31,16) (0,0,0))
((24,24,16) (31,31,16) (0,0,0))
)
16
FabOnDisk: State_z_D_00004 0
FabOnDisk: State_z_D_00004 3160
FabOnDisk: State_z_D_00005 0
FabOnDisk: State_z_D_00005 3162
FabOnDisk: State_z_D_00004 6321
FabOnDisk: State_z_D_00004 9482
FabOnDisk: State_z_D_00005 6324
FabOnDisk: State_z_D_00005 9487
FabOnDisk: State_z_D_00006 0
FabOnDisk: State_z_D_00006 3162
FabOnDisk: State_z_D_00007 0
FabOnDisk: State_z_D_00007 3164
FabOnDisk: State_z_D_00006 6325
FabOnDisk: State_z_D_00006 9487
FabOnDisk: State_z_D_00007 6328
FabOnDisk: State_z_D_00007 9492

16,6
1.0749663577788184e+09,-8.6952931021713409e+10,9.9837471576200652e+08,2.0912341923631691e+10,6.0432886527225244e+11,9.4873137996285400e+10,
2.1262929459353700e+09,4.7529337547017479e+10,-3.8192914198350098e+10,-2.5723869690733361e+09,2.0506250926960432e+12,2.8008502734260449e+11,
1.3990548541677501e+09,-1.1500958156478657e+12,3.2323655880801430e+10,-8.0221743169656097e+10,1.7032849177171726e+12,1.3991651105993506e+11,
1.1430376606338675e+09,-6.6273743438659314e+11,2.9919111007877773e+10,2.2535972985265373e+10,1.1063863790492346e+12,1.0400511791310693e+11,
3.7028831423252501e+09,-1.9915794577260211e+11,-1.6546914474427347e+11,8.8408814737774139e+10,2.2864910772704629e+12,7.0826998885932349e+11,
1.3869697040615013e+09,2.4437532046610962e+10,-4.7112768833728516e+11,4.2592522764640038e+10,1.4601291011221934e+12,1.4209839692393384e+11,
4.0145211096736302e+09,-3.4977853162849854e+12,-1.9958925513916897e+12,-8.5685017132233505e+10,6.0935703664948662e+12,7.4808222600535156e+11,
1.7519958275657070e+09,-2.3942941073488560e+12,-5.3612734872398865e+11,3.6380246081739288e+10,4.4923430098353311e+12,1.9582592000633838e+11,
9.0521776328873825e+08,-1.2909506042884720e+11,-2.5324473266969412e+11,8.8606517049263802e+09,2.6555756092127176e+11,7.3269606285548309e+10,
2.2912181231492829e+09,4.6426622540771500e+10,-5.1278667952824048e+11,1.7984700894674965e+10,1.1197422090010955e+12,3.0540591517080945e+11,
1.3740925734495833e+09,-2.1942151394273660e+11,-1.6656881881936558e+12,1.8886297663899818e+10,8.4430824585809790e+11,1.4970138511161829e+11,
9.0338957675460577e+08,-2.1701343261653519e+11,-3.2047276081944025e+11,8.6887567780756283e+09,4.1045957065449347e+11,7.2811158047672363e+10,
6.0651466653734934e+08,-2.4287872908822227e+10,-1.8506680899729965e+10,6.4916795186468067e+09,1.0377587644964545e+11,3.8844149923207901e+10,
2.5486075077912416e+09,4.9192013511785759e+10,-9.4426136022664139e+10,6.5254008273190641e+09,1.1426767557077524e+12,3.9396432267844104e+11,
1.0493962585724881e+09,-2.7304816489116342e+11,-1.5777023139268683e+11,6.4356970631218691e+09,2.7478148443497763e+11,9.7339581358022369e+10,
6.0677322646580923e+08,-1.7332067699948093e+11,-2.2416111209550411e+10,6.5621254914572916e+09,1.6972189858838983e+11,3.8825353193104294e+10,

16,6
7.4077193398585815e+09,1.0732349387754819e+11,1.1909439799936005e+11,1.8530985359034302e+11,5.1226075688071562e+12,1.8879035989353198e+12,
1.5916883227672319e+10,8.5436064537459021e+11,2.8337456241485083e+11,1.9427836748019870e+11,3.1426205979825590e+13,6.4687312472877578e+12,
5.2326180585350319e+10,7.7212814045867639e+11,1.7818923064692925e+12,8.7589886377495178e+11,9.5578761345163359e+13,4.8529496650856484e+13,
9.6825441693062935e+09,-3.1247290182834038e+10,3.0997073042894885e+11,2.8601231798245850e+11,3.5206865941147633e+13,3.3848221808929258e+12,
1.3472609253400259e+10,1.1776345649118735e+11,1.3337201834456267e+11,3.4238216368370557e+11,9.8847032999675273e+12,4.7698371590036562e+12,
2.0896256650154236e+10,1.2466743557804634e+12,1.4059046924632867e+11,5.0792320224612335e+11,5.9180803558589984e+13,1.0508348450617102e+13,
1.5304984884592789e+11,4.1342265078562090e+12,2.4682091808786562e+12,7.3989918073210361e+12,4.0879983866283156e+14,2.2730133986244478e+14,
2.7540900360025860e+10,-1.0286380720284161e+11,5.7404389623684155e+11,1.9283523382597883e+12,1.9847818701043147e+14,2.6893319098244781e+13,
8.2201547796063967e+09,1.1597701939347835e+11,-5.4309997047533073e+09,1.4745188042877887e+11,7.1621951312872383e+12,2.1872291154830566e+12,
1.4076704066044466e+10,8.6506309275355554e+11,3.3187339861052502e+10,3.5353338307450024e+11,4.6130615268650719e+13,5.7706637926893281e+12,
3.9055980707179810e+10,1.0055755486961969e+12,-3.1882194878736500e+10,7.9530247729367969e+11,7.8917756659263656e+13,2.9330625927589812e+13,
5.1214826055043192e+09,-1.5363183279653385e+10,-1.7278142790262634e+10,1.3837805729822241e+11,1.7883704422366965e+13,1.1418420598598379e+12,
9.1066217820490017e+09,3.4271466399662677e+11,1.6399262193757617e+11,3.4586901206001074e+11,1.6496974407336486e+13,2.9680472632495117e+12,
3.1566361565601830e+10,5.1224534057113098e+11,6.4141365944083276e+11,1.2374660873719297e+12,5.4747280828045375e+13,2.4100800158445191e+13,
1.0331008274722786e+10,2.2170831600208109e+11,5.6520219725312366e+11,2.9260559049886554e+11,2.5187130683193262e+13,3.6896713684115117e+12,
4.1774848334533272e+09,-1.0193318695539927e+10,1.4613526700372513e+11,1.1598575330289749e+11,9.9376279408366602e+12,8.3751880930134473e+11,

