1
1
6
0
(16 0
((16,0,0) (16,7,7) (0,0,0))
((16,8,0) (16,15,7) (0,0,0))
((16,16,0) (16,23,7) (0,0,0))
((16,24,0) (16,31,7) (0,0,0))
((16,0,8) (16,7,15) (0,0,0))
((16,8,8) (16,15,15) (0,0,0))
((16,16,8) (16,23,15) (0,0,0))
((16,24,8) (16,31,15) (0,0,0))
((16,0,16) (16,7,23) (0,0,0))
((16,8,16) (16,15,23) (0,0,0))
((16,16,16) (16,23,23) (0,0,0))
((16,24,16) (16,31,23) (0,0,0))
((16,0,24) (16,7,31) (0,0,0))
((16,8,24) (16,15,31) (0,0,0))
((16,16,24) (16,23,31) (0,0,0))
((16,24,24) (16,31,31) (0,0,0))
)
16
FabOnDisk: State_x_D_00001 0
FabOnDisk: State_x_D_00001 3160
FabOnDisk: State_x_D_00003 0
FabOnDisk: State_x_D_00003 3162
FabOnDisk: State_x_D_00001 6321
FabOnDisk: State_x_D_00001 9482
FabOnDisk: State_x_D_00003 6324
FabOnDisk: State_x_D_00003 9487
FabOnDisk: State_x_D_00005 0
FabOnDisk: State_x_D_00005 3162
FabOnDisk: State_x_D_00007 0
FabOnDisk: State_x_D_00007 3164
FabOnDisk: State_x_D_00005 6325
FabOnDisk: State_x_D_00005 9487
FabOnDisk: State_x_D_00007 6328
FabOnDisk: State_x_D_00007 9492

16,6
1.7402311479921231e+09,8.4112633671406143e+10,-3.3021213836473773e+11,-1.6778546924944446e+11,2.2814497907402593e+12,2.0118563239543506e+11,
6.4487856286591995e+08,1.9394208789319084e+10,-1.0841621899787021e+11,-4.8996685942172409e+10,3.9211525744580078e+11,4.2309453455462585e+10,
7.2135612730174339e+08,2.2115579434270367e+10,3.7837562577732620e+09,-1.9556449787211679e+11,4.9615979812311890e+11,5.1019650840676758e+10,
2.2345802859118752e+09,1.4214312627560730e+11,-2.0680784397074399e+11,-3.4534615118543756e+11,5.6029793272491650e+12,2.9672468614559668e+11,
2.9344684976455088e+09,1.2049959832562849e+11,-4.0187218114692924e+10,-2.4069239463956795e+10,3.6711582202797817e+12,5.1405707601016064e+11,
1.1358836955668168e+09,4.9272953710932228e+10,-3.2883603689273987e+11,4.5057240250800438e+10,2.0766574245852124e+12,1.0184823623953247e+11,
1.2084691782367773e+09,5.3595343550833961e+10,-2.6954481042354559e+11,1.9711075627252205e+10,1.7486653628373936e+12,1.0763144999350244e+11,
1.3154470970613725e+09,7.3025626429544861e+10,-9.1821258327536255e+10,-6.4604922273046150e+10,1.7997607490360461e+12,1.3381486990999951e+11,
1.3720118727726736e+09,5.7651965689331261e+10,3.2248457039443768e+10,-2.1821120612391052e+11,1.7032849177171726e+12,1.3632304950888501e+11,
2.4744013386777534e+09,6.5174260721868179e+10,-5.0120199841019409e+11,-9.6160651978820422e+11,5.3360007612482148e+12,3.4300139380071680e+11,
1.1443212804154446e+09,6.7490970174274727e+10,-8.1179268738709399e+11,-2.7014490542188394e+11,2.1933942560032781e+12,1.1072939091772437e+11,
1.2860386221759610e+09,4.1833293113249313e+10,-1.2318024445950639e+11,2.6922375228524165e+09,7.7667362183955457e+11,1.2555029464604175e+11,
1.2656140877847629e+09,9.4752411194970245e+10,-1.6521276818656360e+11,-2.5802960506611221e+11,3.5852892885051172e+12,1.2502274000160742e+11,
7.1230262888166964e+08,2.1329674605996033e+10,-1.8941152315065234e+11,-6.8612510906435339e+11,6.6057504013434180e+11,5.0130400520089233e+10,
7.8192023809286368e+08,2.3547937315176785e+10,-3.1476665502486691e+10,-3.0491736343049115e+11,7.9228570191944482e+11,5.8139042023305786e+10,
1.1932609908343225e+09,9.2258305834097534e+10,-3.6237437766758356e+11,-5.1627818800574939e+11,3.3969585817946016e+12,1.1109930758207275e+11,

16,6
1.6207305836994852e+10,7.7894497442117566e+11,3.1859456445298066e+09,1.7344895234287964e+11,2.7186377092665039e+13,6.4089200137654688e+12,
6.1132905026241159e+09,2.4022014799899185e+11,3.2991144214160242e+09,2.2252112844013086e+11,1.1061286187024373e+13,1.5421556793395742e+12,
5.6936306973913765e+09,2.3278384151891553e+11,2.1029186564842386e+11,3.9214142596623215e+10,1.2963491666277406e+13,1.3142688212632441e+12,
1.3807099646091057e+10,1.2772846870673667e+12,2.0212930946326770e+11,1.2024941361765532e+09,6.9848252923929516e+13,7.2108574944714766e+12,
2.1096170013803440e+10,1.3315907250886145e+12,4.9975029378983331e+11,5.1735933596310785e+11,6.2490400894784062e+13,1.0655269910995617e+13,
1.9086290980152565e+10,1.3130338183383743e+12,1.7461378188954449e+11,7.1781379091263782e+11,5.9239349182745773e+13,9.0998768239733125e+12,
1.1185123227008989e+10,6.6241969410355786e+11,3.1712345429269676e+10,3.4153878848341229e+11,2.8246675067677922e+13,3.8552117670521641e+12,
1.0738006562219652e+10,3.5026873169137195e+11,2.8868711143848456e+11,1.1548617917404221e+11,1.3690944773777035e+13,3.5105045264276074e+12,
1.5783110991700138e+10,7.7212814045867639e+11,2.9104477582690723e+11,9.6287761157593216e+10,2.8057558529838629e+13,6.4338077128557539e+12,
3.4019512562664589e+10,1.9471783786997065e+12,3.6999291941324707e+11,5.6547697621702319e+11,8.3187445225997750e+13,2.3983414315337891e+13,
2.5186045772673286e+10,1.3980419514137812e+12,-1.4736137212669683e+09,4.6156247098073804e+11,6.5722458597953703e+13,1.3358364518794789e+13,
9.6603583368980122e+09,4.8178205975734906e+11,1.6575938692302170e+11,9.6510798603568420e+10,1.6665744083763957e+13,2.8235817773410938e+12,
9.8395484737481346e+09,4.8326370463138422e+11,1.0264484276519225e+11,-4.3269712624223347e+09,1.7661262298617090e+13,3.3857099302841992e+12,
1.6082382798983793e+10,7.0049811027261182e+11,1.6510569667663916e+11,-2.0233213464529972e+10,3.8024008907128266e+13,7.5955006450851406e+12,
1.6294587897457928e+10,6.2998515921664673e+11,4.9479903375690479e+11,1.9458826814898209e+11,2.7238214716373645e+13,7.5214677056716133e+12,
3.6872627422259178e+10,2.0181237780294709e+12,6.6196444878252185e+11,3.3250230373934100e+11,8.3670142028236578e+13,2.4411834175371625e+13,

