1
1
1
0
(22 0
((80,0) (87,7) (0,0))
((40,56) (55,63) (0,0))
((88,0) (103,7) (0,0))
((88,56) (103,63) (0,0))
((72,56) (87,63) (0,0))
((56,56) (71,63) (0,0))
((40,112) (55,127) (0,0))
((40,96) (55,111) (0,0))
((40,80) (55,95) (0,0))
((40,64) (55,79) (0,0))
((88,112) (103,127) (0,0))
((88,96) (103,111) (0,0))
((88,80) (103,95) (0,0))
((88,64) (103,79) (0,0))
((72,112) (87,127) (0,0))
((72,96) (87,111) (0,0))
((72,80) (87,95) (0,0))
((72,64) (87,79) (0,0))
((56,112) (71,127) (0,0))
((56,96) (71,111) (0,0))
((56,80) (71,95) (0,0))
((56,64) (71,79) (0,0))
)
22
FabOnDisk: phi_D_00002 0
FabOnDisk: phi_D_00010 0
FabOnDisk: phi_D_00002 594
FabOnDisk: phi_D_00003 0
FabOnDisk: phi_D_00003 1109
FabOnDisk: phi_D_00002 1701
FabOnDisk: phi_D_00006 0
FabOnDisk: phi_D_00008 0
FabOnDisk: phi_D_00019 0
FabOnDisk: phi_D_00004 0
FabOnDisk: phi_D_00018 0
FabOnDisk: phi_D_00016 0
FabOnDisk: phi_D_00013 0
FabOnDisk: phi_D_00001 0
FabOnDisk: phi_D_00017 0
FabOnDisk: phi_D_00015 0
FabOnDisk: phi_D_00012 0
FabOnDisk: phi_D_00009 0
FabOnDisk: phi_D_00007 0
FabOnDisk: phi_D_00005 0
FabOnDisk: phi_D_00000 0
FabOnDisk: phi_D_00014 0

22,1
9.9764706790481894e-01,
9.9916054220901607e-01,
9.9976054645887058e-01,
9.9781397305332420e-01,
9.9947083350611943e-01,
9.9911491731571911e-01,
9.9956870019500743e-01,
1.0007262266852102e+00,
9.9865333255294619e-01,
9.9736977389419434e-01,
9.9959143338056733e-01,
9.9959097390179863e-01,
1.0001999626821414e+00,
1.0006048486183867e+00,
1.0001387954449492e+00,
1.0326809361671754e+00,
1.1846496602211016e+00,
1.0067147786319950e+00,
1.0013010613007642e+00,
1.0579953308199113e+00,
1.0155320113918971e+00,
9.9915804281118603e-01,

22,1
1.0103874697347355e+00,
1.0011018811839749e+00,
1.0104024566001026e+00,
1.0054202589839378e+00,
1.0099765326543699e+00,
1.0079742585225111e+00,
1.0424825511230726e+00,
1.0943663385685671e+00,
1.0806379248202949e+00,
1.0094487629946791e+00,
1.0194096117136469e+00,
1.2365791648500695e+00,
1.2775175704475297e+00,
1.1330918330756732e+00,
1.1784100802214494e+00,
1.9573269256307477e+00,
1.9825364371794296e+00,
1.3775927149699221e+00,
1.1772417521636285e+00,
1.8431214842696027e+00,
1.8444373274411821e+00,
1.2504253770787508e+00,

