0.000000 5.700000e-14 3.100000e-14 1.121650e-16 3.560837e-25 4.486095e-25 5.008400e-27
0.021189 7.131077e-14 3.942314e-14 1.290508e-16 4.465957e-25 5.631802e-25 5.728569e-27
0.041393 8.817069e-14 4.881653e-14 1.564290e-16 5.546459e-25 6.943841e-25 6.874023e-27
0.060698 1.080520e-13 6.036742e-14 1.892055e-16 6.806021e-25 8.499327e-25 8.214962e-27
0.079181 1.313927e-13 7.381091e-14 2.281519e-16 8.287477e-25 1.030083e-24 9.775263e-27
0.096910 1.574751e-13 8.920400e-14 2.740300e-16 9.950685e-25 1.237482e-24 1.157747e-26
0.113943 1.870916e-13 1.066446e-13 3.274889e-16 1.184974e-24 1.471890e-24 1.363982e-26
0.130334 2.201403e-13 1.260925e-13 3.893120e-16 1.397618e-24 1.732952e-24 1.598488e-26
0.146128 2.558537e-13 1.472511e-13 4.603516e-16 1.627616e-24 2.017452e-24 1.863681e-26
0.161368 2.977649e-13 1.718511e-13 5.410824e-16 1.893292e-24 2.347358e-24 2.160698e-26
0.176091 3.428995e-13 1.987396e-13 6.320781e-16 2.183324e-24 2.708677e-24 2.490966e-26
0.190332 3.912293e-13 2.276695e-13 7.337759e-16 2.493622e-24 3.095318e-24 2.855453e-26
0.204120 4.463107e-13 2.603846e-13 8.467451e-16 2.838601e-24 3.523196e-24 3.255534e-26
0.217484 5.046292e-13 2.943905e-13 9.710171e-16 3.208211e-24 3.984673e-24 3.690837e-26
0.230449 5.642777e-13 3.291591e-13 1.106241e-15 3.588006e-24 4.460281e-24 4.159783e-26
0.243038 6.309768e-13 3.700881e-13 1.252896e-15 4.013032e-24 4.994599e-24 4.663438e-26
0.255273 7.003212e-13 4.118066e-13 1.409787e-15 4.451985e-24 5.544954e-24 5.197583e-26
0.267172 7.734476e-13 4.548221e-13 1.577197e-15 4.911441e-24 6.119276e-24 5.762626e-26
0.278754 8.509889e-13 5.012864e-13 1.753469e-15 5.402579e-24 6.737064e-24 6.352996e-26
0.290035 9.292096e-13 5.484886e-13 1.937662e-15 5.899552e-24 7.363681e-24 6.965391e-26
0.301030 1.014903e-12 6.006439e-13 2.128940e-15 6.455638e-24 8.031408e-24 7.596822e-26
0.311754 1.100000e-12 6.524997e-13 2.325220e-15 7.009520e-24 8.691806e-24 8.240606e-26
0.322219 1.122007e-12 6.649298e-13 2.524680e-15 7.152800e-24 8.855698e-24 8.890910e-26
0.332438 1.137809e-12 6.737611e-13 2.725227e-15 7.256136e-24 8.971874e-24 9.541154e-26
0.342423 1.145552e-12 6.779476e-13 2.924501e-15 7.292276e-24 9.018775e-24 1.018411e-25
0.352183 1.154360e-12 6.828133e-13 3.119812e-15 7.336837e-24 9.075818e-24 1.081175e-25
0.361728 1.162594e-12 6.880686e-13 3.308180e-15 7.389919e-24 9.129358e-24 1.141534e-25
0.371068 1.173550e-12 6.950557e-13 3.486392e-15 7.462784e-24 9.205408e-24 1.198566e-25
0.380211 1.187979e-12 7.039418e-13 3.651000e-15 7.551576e-24 9.306058e-24 1.251293e-25
0.389166 1.198634e-12 7.104930e-13 3.797474e-15 7.612901e-24 9.375911e-24 1.298449e-25
0.397940 1.207275e-12 7.158272e-13 3.924431e-15 7.664101e-24 9.427544e-24 1.339643e-25
0.406540 1.213105e-12 7.194667e-13 4.033722e-15 7.705948e-24 9.444720e-24 1.375349e-25
0.414973 1.216342e-12 7.215532e-13 4.127912e-15 7.730928e-24 9.444007e-24 1.406245e-25
0.423246 1.219054e-12 7.229159e-13 4.207614e-15 7.750458e-24 9.437258e-24 1.432369e-25
0.431364 1.219149e-12 7.226487e-13 4.274178e-15 7.752770e-24 9.411277e-24 1.454154e-25
0.439333 1.221622e-12 7.238018e-13 4.326827e-15 7.768263e-24 9.401333e-24 1.471344e-25
0.447158 1.218366e-12 7.215375e-13 4.364575e-15 7.740295e-24 9.333136e-24 1.483636e-25
0.454845 1.222231e-12 7.235103e-13 4.388926e-15 7.757998e-24 9.322051e-24 1.491523e-25
0.462398 1.220561e-12 7.219019e-13 4.397603e-15 7.745418e-24 9.272144e-24 1.494253e-25
0.469822 1.209901e-12 7.148017e-13 4.393478e-15 7.678796e-24 9.156752e-24 1.492791e-25
0.477121 1.199432e-12 7.078630e-13 4.374113e-15 7.613336e-24 9.044882e-24 1.486322e-25
0.484300 1.193909e-12 7.040435e-13 4.342413e-15 7.575579e-24 8.958947e-24 1.475807e-25
0.491362 1.190000e-12 7.012368e-13 4.297156e-15 7.547275e-24 8.883588e-24 1.460851e-25
0.498311 1.178629e-12 6.940542e-13 4.239794e-15 7.471795e-24 8.754437e-24 1.441924e-25
0.505150 1.160855e-12 6.828258e-13 4.171646e-15 7.359487e-24 8.569961e-24 1.419469e-25
0.511883 1.150522e-12 6.759325e-13 4.091439e-15 7.295230e-24 8.440136e-24 1.393048e-25
0.518514 1.136042e-12 6.666341e-13 4.002124e-15 7.204632e-24 8.281918e-24 1.363635e-25
0.525045 1.123528e-12 6.584897e-13 3.904306e-15 7.121947e-24 8.137490e-24 1.331418e-25
0.531479 1.115864e-12 6.531880e-13 3.797318e-15 7.067108e-24 8.027796e-24 1.296183e-25
0.537819 1.095126e-12 6.402568e-13 3.683704e-15 6.929647e-24 7.825678e-24 1.258756e-25
0.544068 1.072765e-12 6.264631e-13 3.564253e-15 6.785092e-24 7.612582e-24 1.219386e-25
0.550228 1.061742e-12 6.193867e-13 3.439655e-15 6.716654e-24 7.478913e-24 1.178297e-25
0.556303 1.046184e-12 6.096776e-13 3.310320e-15 6.619508e-24 7.314394e-24 1.135611e-25
0.562293 1.036077e-12 6.031568e-13 3.177940e-15 6.556823e-24 7.189026e-24 1.091889e-25
0.568202 1.022056e-12 5.945533e-13 3.043303e-15 6.470033e-24 7.035863e-24 1.047366e-25
0.574031 1.005956e-12 5.847470e-13 2.907188e-15 6.370046e-24 6.869274e-24 1.002312e-25
0.579784 9.912223e-13 5.757424e-13 2.770379e-15 6.278681e-24 6.712955e-24 9.569790e-26
0.585461 9.680384e-13 5.618682e-13 2.633502e-15 6.132892e-24 6.504294e-24 9.115552e-26
0.591065 9.544885e-13 5.536352e-13 2.497385e-15 6.046844e-24 6.366674e-24 8.663305e-26
0.596597 9.306970e-13 5.394692e-13 2.362745e-15 5.895920e-24 6.161646e-24 8.215325e-26
0.602060 9.143101e-13 5.296034e-13 2.230116e-15 5.791908e-24 6.006705e-24 7.773418e-26
0.607455 8.991008e-13 5.202923e-13 6.307590e-16 5.694157e-24 5.863423e-24 3.786485e-26
0.612784 8.823489e-13 5.100061e-13 3.181031e-16 5.585858e-24 5.712746e-24 2.016526e-26
0.618048 8.751899e-13 5.052654e-13 2.134829e-16 5.538291e-24 5.624235e-24 1.429888e-26
0.623249 8.637173e-13 4.980317e-13 1.608417e-16 5.463416e-24 5.507808e-24 1.139137e-26
0.628389 8.528019e-13 4.915248e-13 1.289660e-16 5.396334e-24 5.407943e-24 1.052143e-26
0.633468 8.428606e-13 4.856804e-13 1.037051e-16 5.336487e-24 5.317448e-24 9.806648e-27
0.638489 8.382619e-13 4.829132e-13 8.621439e-17 5.310497e-24 5.260379e-24 8.760179e-27
0.643453 8.336445e-13 4.801335e-13 7.325023e-17 5.284443e-24 5.202720e-24 8.019994e-27
0.648360 8.267178e-13 4.759967e-13 6.313902e-17 5.244351e-24 5.141382e-24 7.475048e-27
0.653213 8.196424e-13 4.717560e-13 5.492792e-17 5.203728e-24 5.086392e-24 6.126590e-27
0.658011 8.135775e-13 4.680948e-13 5.019306e-17 5.169572e-24 5.037542e-24 5.049079e-27
0.662758 8.065499e-13 4.638777e-13 4.592255e-17 5.129351e-24 4.982595e-24 4.934280e-27
0.667453 8.027916e-13 4.615450e-13 4.201102e-17 5.109119e-24 4.948612e-24 4.841405e-27
0.672098 7.961321e-13 4.575691e-13 3.837703e-17 5.066971e-24 4.900394e-24 4.766620e-27
0.676694 7.886928e-13 4.531439e-13 3.495599e-17 5.019863e-24 4.847315e-24 3.977646e-27
0.681241 7.815721e-13 4.489005e-13 3.301013e-17 4.974785e-24 4.796134e-24 3.250959e-27
0.685742 7.747680e-13 4.448374e-13 3.108054e-17 4.931723e-24 4.746826e-24 3.256814e-27
0.690196 7.690636e-13 4.415922e-13 2.915607e-17 4.898378e-24 4.709738e-24 3.265612e-27
0.694605 7.642091e-13 4.389615e-13 2.722633e-17 4.872297e-24 4.681562e-24 3.277108e-27
0.698970 7.569034e-13 4.349242e-13 2.528152e-17 4.830632e-24 4.638383e-24 2.779312e-27
0.703291 7.496390e-13 4.309116e-13 2.415028e-17 4.789259e-24 4.595466e-24 2.292495e-27
0.707570 7.426188e-13 4.270404e-13 2.297740e-17 4.749480e-24 4.554057e-24 2.318147e-27
0.711807 7.358775e-13 4.234541e-13 2.175971e-17 4.710133e-24 4.516890e-24 2.344472e-27
0.716003 7.254846e-13 4.177967e-13 2.049395e-17 4.647062e-24 4.457929e-24 2.371451e-27
0.720159 7.152903e-13 4.122517e-13 1.917677e-17 4.585242e-24 4.400158e-24 2.060401e-27
0.724276 7.051901e-13 4.067590e-13 1.834401e-17 4.524005e-24 4.342938e-24 1.747728e-27
0.728354 6.953706e-13 4.014265e-13 1.746429e-17 4.464550e-24 4.287421e-24 1.774039e-27
0.732394 6.824911e-13 3.941022e-13 1.653568e-17 4.386103e-24 4.210623e-24 1.800666e-27
0.736397 6.764605e-13 3.906762e-13 1.555619e-17 4.351803e-24 4.175464e-24 1.827609e-27
0.740363 6.671800e-13 3.853730e-13 1.452373e-17 4.296577e-24 4.120238e-24 1.582864e-27
0.744293 6.580179e-13 3.801378e-13 1.387060e-17 4.242072e-24 4.065723e-24 1.333318e-27
0.748188 6.544022e-13 3.781067e-13 1.317574e-17 4.223321e-24 4.045477e-24 1.355995e-27
0.752048 6.481107e-13 3.742073e-13 1.243778e-17 4.185266e-24 4.006934e-24 1.378892e-27
0.755875 6.441856e-13 3.714595e-13 1.165528e-17 4.161120e-24 3.981845e-24 1.402009e-27
0.759668 6.390398e-13 3.680078e-13 1.082679e-17 4.129089e-24 3.949210e-24 1.255493e-27
0.763428 6.353209e-13 3.653779e-13 1.022687e-17 4.106278e-24 3.925395e-24 1.104912e-27
0.767156 6.297119e-13 3.616611e-13 9.589602e-18 4.071249e-24 3.889899e-24 1.124369e-27
0.770852 6.265970e-13 3.595083e-13 8.913869e-18 4.052667e-24 3.870932e-24 1.144009e-27
0.774517 6.224705e-13 3.573013e-13 8.198515e-18 4.028825e-24 3.850199e-24 1.163833e-27
0.778151 6.193681e-13 3.556826e-13 7.442358e-18 4.011619e-24 3.835816e-24 1.005099e-27
0.781755 6.051062e-13 3.476532e-13 6.941549e-18 3.922097e-24 3.752257e-24 8.413854e-28
0.785330 5.877877e-13 3.378617e-13 6.410901e-18 3.812656e-24 3.649568e-24 8.565593e-28
0.788875 5.676714e-13 3.264544e-13 5.849590e-18 3.684930e-24 3.529277e-24 8.718795e-28
0.792392 5.495041e-13 3.167119e-13 5.256778e-18 3.571577e-24 3.427850e-24 8.873461e-28
0.795880 5.363643e-13 3.106727e-13 4.631610e-18 3.493560e-24 3.367904e-24 7.118943e-28
0.799341 5.169618e-13 3.009645e-13 4.299132e-18 3.374552e-24 3.268043e-24 5.304775e-28
0.802774 4.995822e-13 2.923781e-13 3.947483e-18 3.268479e-24 3.180164e-24 5.402246e-28
0.806180 4.877927e-13 2.870282e-13 3.576173e-18 3.198812e-24 3.127367e-24 5.500706e-28
0.809560 4.759080e-13 2.816036e-13 3.184706e-18 3.128429e-24 3.073691e-24 5.600157e-28
0.812913 4.623742e-13 2.752620e-13 2.772580e-18 3.047217e-24 3.011775e-24 4.368394e-28
0.816241 4.520541e-13 2.711678e-13 2.571902e-18 2.987705e-24 2.981882e-24 3.092253e-28
0.819544 4.443370e-13 2.686641e-13 2.360065e-18 2.945518e-24 2.969691e-24 3.148907e-28
0.822822 4.345795e-13 2.649609e-13 2.136800e-18 2.889947e-24 2.944484e-24 3.206155e-28
0.826075 4.272450e-13 2.627744e-13 1.901832e-18 2.850653e-24 2.936413e-24 3.263997e-28
0.829304 4.200690e-13 2.607429e-13 1.654885e-18 2.812654e-24 2.930479e-24 2.576582e-28
0.832509 4.130429e-13 2.588692e-13 1.528682e-18 2.775929e-24 2.926771e-24 1.863881e-28
0.835691 4.062667e-13 2.568159e-13 1.395797e-18 2.739122e-24 2.916111e-24 1.897383e-28
0.838849 3.995945e-13 2.547881e-13 1.256074e-18 2.702749e-24 2.904734e-24 1.931235e-28
0.841985 3.930652e-13 2.529187e-13 1.109356e-18 2.667606e-24 2.895517e-24 1.965440e-28
0.845098 3.847176e-13 2.499429e-13 9.554854e-19 2.620375e-24 2.873967e-24 1.518516e-28
0.848189 3.667928e-13 2.407400e-13 8.818350e-19 2.507890e-24 2.780786e-24 1.055345e-28
0.851258 3.528143e-13 2.340834e-13 8.044452e-19 2.422216e-24 2.716796e-24 1.073845e-28
0.854306 3.393126e-13 2.275320e-13 7.232325e-19 2.338935e-24 2.654234e-24 1.092536e-28
0.857332 3.274144e-13 2.212584e-13 6.381125e-19 2.263375e-24 2.596005e-24 1.111419e-28
0.860338 3.155981e-13 2.150280e-13 5.490001e-19 2.188337e-24 2.538177e-24 8.680585e-29
0.863323 3.038634e-13 2.088406e-13 5.043857e-19 2.113816e-24 2.480749e-24 6.160051e-29
0.866287 2.922076e-13 2.026948e-13 4.576116e-19 2.039797e-24 2.423706e-24 6.264938e-29
0.869232 2.806318e-13 1.965913e-13 4.086313e-19 1.966287e-24 2.367056e-24 6.370885e-29
0.872156 2.691342e-13 1.905289e-13 3.573978e-19 1.893271e-24 2.310788e-24 6.477896e-29
0.875061 2.581002e-13 1.846475e-13 3.038639e-19 1.822827e-24 2.254911e-24 4.829715e-29
0.877947 2.486829e-13 1.793655e-13 2.810482e-19 1.761161e-24 2.199478e-24 3.124579e-29
0.880814 2.393272e-13 1.741182e-13 2.571572e-19 1.699900e-24 2.144408e-24 3.176211e-29
0.883661 2.300330e-13 1.689053e-13 2.321684e-19 1.639041e-24 2.089699e-24 3.228351e-29
0.886491 2.207996e-13 1.637267e-13 2.060592e-19 1.578580e-24 2.035351e-24 3.281002e-29
0.889302 2.116261e-13 1.585815e-13 1.788069e-19 1.518513e-24 1.981352e-24 2.619701e-29
0.892095 2.025115e-13 1.534694e-13 1.640604e-19 1.458830e-24 1.927701e-24 1.935953e-29
0.894870 1.934552e-13 1.483901e-13 1.486533e-19 1.399530e-24 1.874395e-24 1.966965e-29
0.897627 1.860132e-13 1.437805e-13 1.325724e-19 1.349538e-24 1.824350e-24 1.998274e-29
0.900367 1.790063e-13 1.393093e-13 1.158044e-19 1.302091e-24 1.775350e-24 2.029880e-29
0.903090 1.720436e-13 1.348662e-13 9.833555e-20 1.254941e-24 1.726661e-24 2.061784e-29
0.905796 1.651244e-13 1.304507e-13 8.015240e-20 1.208085e-24 1.678274e-24 2.093989e-29
0.908485 1.582476e-13 1.260626e-13 6.124118e-20 1.161519e-24 1.630186e-24 2.126493e-29
0.911158 1.514133e-13 1.217015e-13 4.158803e-20 1.115240e-24 1.582395e-24 2.159299e-29
0.913814 1.446210e-13 1.173673e-13 2.117900e-20 1.069246e-24 1.534897e-24 2.192407e-29
0.916454 1.378694e-13 1.130588e-13 0.000000e+00 1.023525e-24 1.487683e-24 0.000000e+00
0.919078 1.326935e-13 1.093997e-13 0.000000e+00 9.870744e-25 1.444549e-24 0.000000e+00
0.921686 1.275485e-13 1.057624e-13 0.000000e+00 9.508408e-25 1.401672e-24 0.000000e+00
0.924279 1.224342e-13 1.021468e-13 0.000000e+00 9.148230e-25 1.359051e-24 0.000000e+00
0.926857 1.173502e-13 9.855261e-14 0.000000e+00 8.790185e-25 1.316683e-24 0.000000e+00
0.929419 1.122961e-13 9.497961e-14 0.000000e+00 8.434253e-25 1.274565e-24 0.000000e+00
0.931966 1.072719e-13 9.142766e-14 0.000000e+00 8.080418e-25 1.232694e-24 0.000000e+00
0.934498 1.022771e-13 8.789657e-14 0.000000e+00 7.728660e-25 1.191069e-24 0.000000e+00
0.937016 9.731088e-14 8.438562e-14 0.000000e+00 7.378909e-25 1.149682e-24 0.000000e+00
0.939519 9.371704e-14 8.160445e-14 0.000000e+00 7.115605e-25 1.114961e-24 0.000000e+00
0.942008 9.014364e-14 7.883910e-14 0.000000e+00 6.853799e-25 1.080437e-24 0.000000e+00
0.944483 8.659053e-14 7.608948e-14 0.000000e+00 6.593480e-25 1.046108e-24 0.000000e+00
0.946943 8.305762e-14 7.335546e-14 0.000000e+00 6.334640e-25 1.011975e-24 0.000000e+00
0.949390 7.954452e-14 7.063678e-14 0.000000e+00 6.077250e-25 9.780345e-25 0.000000e+00
0.951823 7.605111e-14 6.793334e-14 0.000000e+00 5.821304e-25 9.442834e-25 0.000000e+00
0.954243 7.257733e-14 6.524508e-14 0.000000e+00 5.566797e-25 9.107219e-25 0.000000e+00
0.956649 6.912279e-14 6.257172e-14 0.000000e+00 5.313699e-25 8.773464e-25 0.000000e+00
0.959041 6.628733e-14 6.031097e-14 0.000000e+00 5.105714e-25 8.483019e-25 0.000000e+00
0.961421 6.386646e-14 5.832717e-14 0.000000e+00 4.927940e-25 8.221747e-25 0.000000e+00
0.963788 6.145870e-14 5.635417e-14 0.000000e+00 4.751132e-25 7.961892e-25 0.000000e+00
0.966142 5.906407e-14 5.439189e-14 0.000000e+00 4.575287e-25 7.703451e-25 0.000000e+00
0.968483 5.668231e-14 5.244018e-14 0.000000e+00 4.400386e-25 7.446403e-25 0.000000e+00
0.970812 5.431344e-14 5.049901e-14 0.000000e+00 4.226433e-25 7.190743e-25 0.000000e+00
0.973128 5.195724e-14 4.856824e-14 0.000000e+00 4.053409e-25 6.936451e-25 0.000000e+00
0.975432 4.961330e-14 4.664752e-14 0.000000e+00 3.881287e-25 6.683484e-25 0.000000e+00
0.977724 4.728188e-14 4.473704e-14 0.000000e+00 3.710084e-25 6.431864e-25 0.000000e+00
0.980003 4.538277e-14 4.311240e-14 0.000000e+00 3.567261e-25 6.215037e-25 0.000000e+00
0.982271 4.377279e-14 4.167951e-14 0.000000e+00 3.443444e-25 6.021574e-25 0.000000e+00
0.984527 4.217127e-14 4.025416e-14 0.000000e+00 3.320281e-25 5.829132e-25 0.000000e+00
0.986772 4.057799e-14 3.883614e-14 0.000000e+00 3.197750e-25 5.637677e-25 0.000000e+00
0.989005 3.899294e-14 3.742545e-14 0.000000e+00 3.075853e-25 5.447214e-25 0.000000e+00
0.991226 3.741604e-14 3.602202e-14 0.000000e+00 2.954582e-25 5.257727e-25 0.000000e+00
0.993436 3.584703e-14 3.462559e-14 0.000000e+00 2.833918e-25 5.069189e-25 0.000000e+00
0.995635 3.428608e-14 3.323634e-14 0.000000e+00 2.713874e-25 4.881621e-25 0.000000e+00
0.997823 3.273297e-14 3.185408e-14 0.000000e+00 2.594434e-25 4.694996e-25 0.000000e+00
1.000000 3.128187e-14 3.055766e-14 0.000000e+00 2.482549e-25 4.518015e-25 0.000000e+00
1.002166 3.021407e-14 2.958271e-14 0.000000e+00 2.398993e-25 4.376688e-25 0.000000e+00
1.004321 2.915134e-14 2.861238e-14 0.000000e+00 2.315832e-25 4.236030e-25 0.000000e+00
1.006466 2.809446e-14 2.764742e-14 0.000000e+00 2.233130e-25 4.096149e-25 0.000000e+00
1.008600 2.704235e-14 2.668678e-14 0.000000e+00 2.150800e-25 3.956897e-25 0.000000e+00
1.010724 2.599580e-14 2.573124e-14 0.000000e+00 2.068906e-25 3.818382e-25 0.000000e+00
1.012837 2.495368e-14 2.477975e-14 0.000000e+00 1.987359e-25 3.680454e-25 0.000000e+00
1.014940 2.391685e-14 2.383307e-14 0.000000e+00 1.906227e-25 3.543225e-25 0.000000e+00
1.017033 2.288513e-14 2.289108e-14 0.000000e+00 1.825494e-25 3.406675e-25 0.000000e+00
1.019116 2.185844e-14 2.195366e-14 0.000000e+00 1.745154e-25 3.270789e-25 0.000000e+00
1.021189 2.096402e-14 2.112034e-14 0.000000e+00 1.674977e-25 3.150124e-25 0.000000e+00
1.023252 2.026432e-14 2.043997e-14 0.000000e+00 1.619759e-25 3.051825e-25 0.000000e+00
1.025306 1.956846e-14 1.976329e-14 0.000000e+00 1.564842e-25 2.954062e-25 0.000000e+00
1.027350 1.887562e-14 1.908959e-14 0.000000e+00 1.510164e-25 2.856730e-25 0.000000e+00
1.029384 1.818577e-14 1.841876e-14 0.000000e+00 1.455722e-25 2.759811e-25 0.000000e+00
1.031408 1.818577e-14 1.841876e-14 0.000000e+00 1.455722e-25 0.000000e+00 0.000000e+00
1.033424 6.352609e-15 7.283181e-15 0.000000e+00 8.535333e-26 0.000000e+00 0.000000e+00
1.035430 2.823804e-15 3.230907e-15 0.000000e+00 4.502609e-26 0.000000e+00 0.000000e+00
1.037426 1.773307e-15 2.024706e-15 0.000000e+00 2.917900e-26 0.000000e+00 0.000000e+00
1.039414 1.276945e-15 1.454873e-15 0.000000e+00 2.143473e-26 0.000000e+00 0.000000e+00
1.041393 7.407979e-16 8.422014e-16 0.000000e+00 1.691471e-26 0.000000e+00 0.000000e+00
1.043362 5.985916e-16 6.790435e-16 0.000000e+00 1.395573e-26 0.000000e+00 0.000000e+00
1.045323 4.980220e-16 5.637072e-16 0.000000e+00 1.186722e-26 0.000000e+00 0.000000e+00
1.047275 4.230296e-16 4.777500e-16 0.000000e+00 1.031339e-26 0.000000e+00 0.000000e+00
1.049218 3.648742e-16 4.111348e-16 0.000000e+00 9.111448e-27 0.000000e+00 0.000000e+00
1.051153 3.183919e-16 3.579316e-16 0.000000e+00 8.153401e-27 0.000000e+00 0.000000e+00
1.053078 2.803358e-16 3.144117e-16 0.000000e+00 7.371329e-27 0.000000e+00 0.000000e+00
1.054996 2.485623e-16 2.781135e-16 0.000000e+00 6.720386e-27 0.000000e+00 0.000000e+00
1.056905 2.215991e-16 2.473462e-16 0.000000e+00 6.169763e-27 0.000000e+00 0.000000e+00
1.058805 1.984020e-16 2.209107e-16 0.000000e+00 5.697597e-27 0.000000e+00 0.000000e+00
1.060698 1.782095e-16 1.979328e-16 0.000000e+00 5.287943e-27 0.000000e+00 0.000000e+00
1.062582 1.604540e-16 1.777604e-16 0.000000e+00 4.928899e-27 0.000000e+00 0.000000e+00
1.064458 1.447033e-16 1.598973e-16 0.000000e+00 4.611400e-27 0.000000e+00 0.000000e+00
1.066326 1.306232e-16 1.439598e-16 0.000000e+00 4.328421e-27 0.000000e+00 0.000000e+00
1.068186 1.179511e-16 1.296460e-16 0.000000e+00 4.074434e-27 0.000000e+00 0.000000e+00
1.070038 1.064778e-16 1.167159e-16 0.000000e+00 3.776836e-27 0.000000e+00 0.000000e+00
1.071882 9.643299e-17 1.054218e-16 0.000000e+00 3.430052e-27 0.000000e+00 0.000000e+00
1.073718 8.770128e-17 9.562673e-17 0.000000e+00 3.108087e-27 0.000000e+00 0.000000e+00
1.075547 8.004975e-17 8.706358e-17 0.000000e+00 2.828401e-27 0.000000e+00 0.000000e+00
1.077368 7.329762e-17 7.952493e-17 0.000000e+00 2.583691e-27 0.000000e+00 0.000000e+00
1.079181 6.730235e-17 7.284730e-17 0.000000e+00 2.368215e-27 0.000000e+00 0.000000e+00
1.080987 6.195002e-17 6.690010e-17 0.000000e+00 2.177398e-27 0.000000e+00 0.000000e+00
1.082785 5.714849e-17 6.157775e-17 0.000000e+00 2.007548e-27 0.000000e+00 0.000000e+00
1.084576 5.282244e-17 5.679394e-17 0.000000e+00 1.855657e-27 0.000000e+00 0.000000e+00
1.086360 4.890963e-17 5.247743e-17 0.000000e+00 1.719253e-27 0.000000e+00 0.000000e+00
1.088136 4.535823e-17 4.856892e-17 0.000000e+00 1.596281e-27 0.000000e+00 0.000000e+00
1.089905 4.212469e-17 4.501860e-17 0.000000e+00 1.485025e-27 0.000000e+00 0.000000e+00
1.091667 3.917215e-17 4.178435e-17 0.000000e+00 1.384038e-27 0.000000e+00 0.000000e+00
1.093422 3.646919e-17 3.883031e-17 0.000000e+00 1.292095e-27 0.000000e+00 0.000000e+00
1.095169 3.398888e-17 3.612575e-17 0.000000e+00 1.208151e-27 0.000000e+00 0.000000e+00
1.096910 3.170797e-17 3.364417e-17 0.000000e+00 1.131307e-27 0.000000e+00 0.000000e+00
1.098644 2.960630e-17 3.136262e-17 0.000000e+00 1.060792e-27 0.000000e+00 0.000000e+00
1.100371 2.766629e-17 2.926112e-17 0.000000e+00 9.959366e-28 0.000000e+00 0.000000e+00
1.102091 2.587255e-17 2.732217e-17 0.000000e+00 9.361577e-28 0.000000e+00 0.000000e+00
1.103804 2.421152e-17 2.553040e-17 0.000000e+00 8.809471e-28 0.000000e+00 0.000000e+00
1.105510 2.267124e-17 2.387226e-17 0.000000e+00 8.298587e-28 0.000000e+00 0.000000e+00
1.107210 2.124109e-17 2.233572e-17 0.000000e+00 7.825000e-28 0.000000e+00 0.000000e+00
1.108903 1.991161e-17 2.091013e-17 0.000000e+00 7.385244e-28 0.000000e+00 0.000000e+00
1.110590 1.867437e-17 1.958594e-17 0.000000e+00 6.976250e-28 0.000000e+00 0.000000e+00
1.112270 1.752181e-17 1.835465e-17 0.000000e+00 6.595289e-28 0.000000e+00 0.000000e+00
1.113943 1.644711e-17 1.720861e-17 0.000000e+00 6.239930e-28 0.000000e+00 0.000000e+00
1.115611 1.544416e-17 1.614094e-17 0.000000e+00 5.908001e-28 0.000000e+00 0.000000e+00
1.117271 1.450740e-17 1.514543e-17 0.000000e+00 5.597557e-28 0.000000e+00 0.000000e+00
1.118926 1.363183e-17 1.421648e-17 0.000000e+00 5.306851e-28 0.000000e+00 0.000000e+00
1.120574 1.281288e-17 1.334899e-17 0.000000e+00 5.034310e-28 0.000000e+00 0.000000e+00
1.122216 1.204641e-17 1.253834e-17 0.000000e+00 4.778515e-28 0.000000e+00 0.000000e+00
1.123852 1.132861e-17 1.178033e-17 0.000000e+00 4.538185e-28 0.000000e+00 0.000000e+00
1.125481 1.065604e-17 1.107111e-17 0.000000e+00 4.312156e-28 0.000000e+00 0.000000e+00
1.127105 1.002553e-17 1.040716e-17 0.000000e+00 4.099375e-28 0.000000e+00 0.000000e+00
1.128722 9.434153e-18 9.785287e-18 0.000000e+00 3.898883e-28 0.000000e+00 0.000000e+00
1.130334 8.879250e-18 9.202530e-18 0.000000e+00 3.709806e-28 0.000000e+00 0.000000e+00
1.131939 8.358357e-18 8.656185e-18 0.000000e+00 3.531348e-28 0.000000e+00 0.000000e+00
1.133539 7.869204e-18 8.143759e-18 0.000000e+00 3.362778e-28 0.000000e+00 0.000000e+00
1.135133 7.409696e-18 7.662958e-18 0.000000e+00 3.203430e-28 0.000000e+00 0.000000e+00
1.136721 6.977897e-18 7.211663e-18 0.000000e+00 3.052691e-28 0.000000e+00 0.000000e+00
1.138303 6.572013e-18 6.787918e-18 0.000000e+00 2.910000e-28 0.000000e+00 0.000000e+00
1.139879 6.190382e-18 6.389914e-18 0.000000e+00 2.774839e-28 0.000000e+00 0.000000e+00
1.141450 5.831464e-18 6.015975e-18 0.000000e+00 2.646732e-28 0.000000e+00 0.000000e+00
1.143015 5.493824e-18 5.664547e-18 0.000000e+00 2.525239e-28 0.000000e+00 0.000000e+00
1.144574 5.176132e-18 5.334191e-18 0.000000e+00 2.409954e-28 0.000000e+00 0.000000e+00
1.146128 4.877148e-18 5.023566e-18 0.000000e+00 2.300502e-28 0.000000e+00 0.000000e+00
1.147676 4.595718e-18 4.731429e-18 0.000000e+00 2.196534e-28 0.000000e+00 0.000000e+00
1.149219 4.330764e-18 4.456622e-18 0.000000e+00 2.097729e-28 0.000000e+00 0.000000e+00
1.150756 4.081282e-18 4.198066e-18 0.000000e+00 2.003787e-28 0.000000e+00 0.000000e+00
1.152288 3.846334e-18 3.954755e-18 0.000000e+00 1.914428e-28 0.000000e+00 0.000000e+00
1.153815 3.625044e-18 3.725753e-18 0.000000e+00 1.829395e-28 0.000000e+00 0.000000e+00
1.155336 3.416591e-18 3.510184e-18 0.000000e+00 1.748446e-28 0.000000e+00 0.000000e+00
1.156852 3.220210e-18 3.307230e-18 0.000000e+00 1.671356e-28 0.000000e+00 0.000000e+00
1.158362 3.035181e-18 3.116129e-18 0.000000e+00 1.597914e-28 0.000000e+00 0.000000e+00
1.159868 2.860832e-18 2.936165e-18 0.000000e+00 1.527925e-28 0.000000e+00 0.000000e+00
1.161368 2.696533e-18 2.766671e-18 0.000000e+00 1.461203e-28 0.000000e+00 0.000000e+00
1.162863 2.541692e-18 2.607020e-18 0.000000e+00 1.397578e-28 0.000000e+00 0.000000e+00
1.164353 2.395756e-18 2.456626e-18 0.000000e+00 1.336888e-28 0.000000e+00 0.000000e+00
1.165838 2.258202e-18 2.314941e-18 0.000000e+00 1.278981e-28 0.000000e+00 0.000000e+00
1.167317 2.128544e-18 2.181449e-18 0.000000e+00 1.223716e-28 0.000000e+00 0.000000e+00
1.168792 2.006321e-18 2.055668e-18 0.000000e+00 1.170958e-28 0.000000e+00 0.000000e+00
1.170262 1.891102e-18 1.937144e-18 0.000000e+00 1.120583e-28 0.000000e+00 0.000000e+00
1.171726 1.782482e-18 1.825452e-18 0.000000e+00 1.072471e-28 0.000000e+00 0.000000e+00
1.173186 1.680080e-18 1.720192e-18 0.000000e+00 1.026512e-28 0.000000e+00 0.000000e+00
1.174641 1.583537e-18 1.620991e-18 0.000000e+00 9.826004e-29 0.000000e+00 0.000000e+00
1.176091 1.492516e-18 1.527494e-18 0.000000e+00 9.406368e-29 0.000000e+00 0.000000e+00
1.177536 1.406700e-18 1.439371e-18 0.000000e+00 9.005277e-29 0.000000e+00 0.000000e+00
1.178977 1.325790e-18 1.356310e-18 0.000000e+00 8.621848e-29 0.000000e+00 0.000000e+00
1.180413 1.249504e-18 1.278019e-18 0.000000e+00 8.255243e-29 0.000000e+00 0.000000e+00
1.181844 1.177579e-18 1.204222e-18 0.000000e+00 7.904672e-29 0.000000e+00 0.000000e+00
1.183270 1.109764e-18 1.134660e-18 0.000000e+00 7.569385e-29 0.000000e+00 0.000000e+00
1.184691 1.045824e-18 1.069089e-18 0.000000e+00 7.248673e-29 0.000000e+00 0.000000e+00
1.186108 0.000000e+00 1.007280e-18 0.000000e+00 0.000000e+00 0.000000e+00 0.000000e+00
1.187521 0.000000e+00 0.000000e+00 0.000000e+00 0.000000e+00 0.000000e+00 0.000000e+00
1.188928 0.000000e+00 0.000000e+00 0.000000e+00 0.000000e+00 0.000000e+00 0.000000e+00
1.190332 0.000000e+00 0.000000e+00 0.000000e+00 0.000000e+00 0.000000e+00 0.000000e+00
1.191730 0.000000e+00 0.000000e+00 0.000000e+00 0.000000e+00 0.000000e+00 0.000000e+00
1.193125 0.000000e+00 0.000000e+00 0.000000e+00 0.000000e+00 0.000000e+00 0.000000e+00
1.194514 0.000000e+00 0.000000e+00 0.000000e+00 0.000000e+00 0.000000e+00 0.000000e+00
1.195900 0.000000e+00 0.000000e+00 0.000000e+00 0.000000e+00 0.000000e+00 0.000000e+00
1.197281 0.000000e+00 0.000000e+00 0.000000e+00 0.000000e+00 0.000000e+00 0.000000e+00
1.198657 0.000000e+00 0.000000e+00 0.000000e+00 0.000000e+00 0.000000e+00 0.000000e+00
1.200029 0.000000e+00 0.000000e+00 0.000000e+00 0.000000e+00 0.000000e+00 0.000000e+00
1.201397 0.000000e+00 0.000000e+00 0.000000e+00 0.000000e+00 0.000000e+00 0.000000e+00
1.202761 0.000000e+00 0.000000e+00 0.000000e+00 0.000000e+00 0.000000e+00 0.000000e+00
1.204120 0.000000e+00 0.000000e+00 0.000000e+00 0.000000e+00 0.000000e+00 0.000000e+00
