1
1
1
0
(36 0
((104,136) (111,151) (0,0))
((176,136) (191,151) (0,0))
((160,136) (175,151) (0,0))
((144,136) (159,151) (0,0))
((128,136) (143,151) (0,0))
((112,136) (127,151) (0,0))
((104,216) (111,231) (0,0))
((104,200) (111,215) (0,0))
((104,184) (111,199) (0,0))
((104,168) (111,183) (0,0))
((104,152) (111,167) (0,0))
((176,216) (191,231) (0,0))
((176,200) (191,215) (0,0))
((176,184) (191,199) (0,0))
((176,168) (191,183) (0,0))
((176,152) (191,167) (0,0))
((160,216) (175,231) (0,0))
((160,200) (175,215) (0,0))
((160,184) (175,199) (0,0))
((160,168) (175,183) (0,0))
((160,152) (175,167) (0,0))
((144,216) (159,231) (0,0))
((144,200) (159,215) (0,0))
((144,184) (159,199) (0,0))
((144,168) (159,183) (0,0))
((144,152) (159,167) (0,0))
((128,216) (143,231) (0,0))
((128,200) (143,215) (0,0))
((128,184) (143,199) (0,0))
((128,168) (143,183) (0,0))
((128,152) (143,167) (0,0))
((112,216) (127,231) (0,0))
((112,200) (127,215) (0,0))
((112,184) (127,199) (0,0))
((112,168) (127,183) (0,0))
((112,152) (127,167) (0,0))
)
36
FabOnDisk: phi_D_00012 0
FabOnDisk: phi_D_00016 0
FabOnDisk: phi_D_00018 0
FabOnDisk: phi_D_00011 0
FabOnDisk: phi_D_00011 2136
FabOnDisk: phi_D_00012 1112
FabOnDisk: phi_D_00006 0
FabOnDisk: phi_D_00010 0
FabOnDisk: phi_D_00010 1112
FabOnDisk: phi_D_00014 0
FabOnDisk: phi_D_00013 0
FabOnDisk: phi_D_00009 0
FabOnDisk: phi_D_00008 0
FabOnDisk: phi_D_00004 0
FabOnDisk: phi_D_00001 0
FabOnDisk: phi_D_00017 0
FabOnDisk: phi_D_00009 2136
FabOnDisk: phi_D_00008 2136
FabOnDisk: phi_D_00002 0
FabOnDisk: phi_D_00001 2136
FabOnDisk: phi_D_00016 2136
FabOnDisk: phi_D_00003 0
FabOnDisk: phi_D_00005 0
FabOnDisk: phi_D_00000 0
FabOnDisk: phi_D_00019 0
FabOnDisk: phi_D_00015 0
FabOnDisk: phi_D_00005 2136
FabOnDisk: phi_D_00004 2136
FabOnDisk: phi_D_00000 2136
FabOnDisk: phi_D_00017 2136
FabOnDisk: phi_D_00015 2136
FabOnDisk: phi_D_00007 0
FabOnDisk: phi_D_00006 1112
FabOnDisk: phi_D_00010 2224
FabOnDisk: phi_D_00014 1112
FabOnDisk: phi_D_00013 1112

36,1
9.9896422179992350e-01,
1.0019733273292899e+00,
1.0232371650610521e+00,
1.0305418373406707e+00,
1.0066581456316250e+00,
9.9993831078860651e-01,
1.0129614506640325e+00,
1.0315055026637461e+00,
1.0207401405520109e+00,
1.0059673559575875e+00,
1.0005816531194083e+00,
1.0005780447456232e+00,
1.0058268336375034e+00,
1.0204704904793123e+00,
1.0290715840720233e+00,
1.0120348551857188e+00,
1.0105906843036880e+00,
1.0769037201407377e+00,
1.2478144991549858e+00,
1.3010715121209260e+00,
1.1211288063551759e+00,
1.0495970655089568e+00,
1.2933756458571812e+00,
1.7525164032628184e+00,
1.4647973174441298e+00,
1.1604398700807663e+00,
1.0684933750574932e+00,
1.2234835054061322e+00,
1.2805774830996819e+00,
1.1311673200333801e+00,
1.0379208167027469e+00,
1.0266866060169535e+00,
1.0699139140996545e+00,
1.0566725879277921e+00,
1.0200235931661246e+00,
1.0043690813469295e+00,

36,1
1.0032128751096256e+00,
1.1014182524836280e+00,
1.2352404886068267e+00,
1.2365565916170431e+00,
1.1380731815637615e+00,
1.0308384534652948e+00,
1.0615567153029761e+00,
1.0806035354573942e+00,
1.0792689126026684e+00,
1.0481011089289836e+00,
1.0161739023356966e+00,
1.0613700600980660e+00,
1.2101520425506505e+00,
1.3384034345257838e+00,
1.3424033959786872e+00,
1.2629961669124685e+00,
1.2561846608280252e+00,
1.7009734128611353e+00,
1.9379393293162921e+00,
1.9343949497404325e+00,
1.6390235751070070e+00,
1.3606071951743532e+00,
1.8156989762972671e+00,
1.9970457823705172e+00,
1.9831390952492740e+00,
1.6490867669587863e+00,
1.3533461684644701e+00,
1.7219960702511083e+00,
1.7965827468388442e+00,
1.7389818079220332e+00,
1.4175100839923367e+00,
1.2009565872579009e+00,
1.3181836779883265e+00,
1.3209800028641800e+00,
1.2491333770653135e+00,
1.1110037848895453e+00,

